10:12,0,1,7;29,39,49,59,69,79,89,99,109,119,118,117,116,115,114,113,112,111,110,100,90,80,70,60,50,40,30,20,10,0,1,2,3;22,32,42,52,62,72,82,92,93,94,104,105,106,107,108,98,88,78,68,58,48,38,28,18,19,9;75,65,55,45,35,36,26,16,6,7,8;4,14,13,23,33,43,53,63,73,83;17,27,37,47,57,67,77,87,97,96,95,85,84,74,64,54,44,34,24,25,15,5;86,76,66,56,46;12,11,21,31,41,51,61,71,81,91,101,102,103
10:12,0,2,8;60,50,40,30,20,10,0,1,2,3,4,5,6,7,8,9,19,29,39,49,59,69,79,89,99,109,119,118,117,116,115;43,44,45,46;114,113,112,111,110,100,90,80,70,71,61,51,41,31,21,22,23,24,25,26,27,37,47,57,67,77;75,65,64,63,62,52,42,32,33,34,35,36;53,54,55,56,66,76,86,87,97,107,106,105,104,94,93,92;74,73,72,82,81,91,101,102,103;83,84,85,95,96;108,98,88,78,68,58,48,38,28,18,17,16,15,14,13,12,11
10:12,0,3,8;85,86,96,97,107;36,46,56,55,54,53,63,73,83,93,94,95;78,68,58,48,38,28,18,17,16,15,14,24,34;1,2,3,4,5,6,7,8,9,19,29,39,49,59,69,79,89;84,74,64,65,66,67,57,47,37,27,26,25,35,45,44,43,33,23,13,12,11,10,0;106,105,104,103,102,101,91,81,71,61,51,41,31;108,118,117,116,115,114,113,112,111,110,100,90,80,70,60,50,40,30,20,21,22,32,42,52,62,72,82,92;75,76,77,87,88,98,99,109,119
10:12,0,4,8;54,64,65,66,56,46,36,35,34;11,21,31,32,33,43,44,45,55;107,108,109,99,89,79,69,59,49,39,29,19,9,8,7,6,5,4;93,92,82,72,62,63;87,86,85,95,105,115,114,113,112,111,110,100,90,80,70,60,50;51,61,71,81,91,101,102,103,104,94,84,83;73,74,75,76,77,67,57,47,37,27,26,25,24,23,22,12;53,52,42,41,40,30,20,10,0,1,2,3,13,14,15,16,17,18,28,38,48,58,68,78,88,98,97,96,106,116,117,118,119
10:12,0,5,9;24,34,35,36,37,38,28,18,17;16,6,7,8,9,19,29,39,49,48,47,46,45,44,43;92,93,94,95,96,97,87,77,76,75,74,73,72,71,70,60,50,40,30,20,10,0,1;27,26,25,15,14,13,23,33;22,32,42,52,53,54,55,56,57,58,59,69,79,89;108,107,106,105,104,103,102,101,100,90,80;110,111,112,113,114,115,116,117,118,119,109,99,98,88,78,68,67,66;91,81,82,83,84,85,86;5,4,3,2,12,11,21,31,41,51,61,62,63,64,65
10:12,0,6,7;92,82,72,62,52,42,32,22,12,2,3,4,5,6,7,8,9,19,29,39,49;97,96,86,85,75,65,55,45,35,36;0,10,20,30,40,50,60,70,80,90,100,110,111,112,113,114,115,116,117,118,119,109,99,89,79,78,68,67,57;18,17,16,15,14,13,23,33,43,53,63,73,83,93,94,95;69,59,58,48,38,28;27,37,47,46,56,66,76,77,87,88,98,108,107,106,105,104,103,102,101,91,81,71,61,51,41,31,21,11,1;26,25,24,34,44,54,64,74,84
10:12,0,7,6;91,101,102,103,104,105,106,96,97,98,88,78,68,58,48,38,28,18,17,16,15,14,13,3,2,1,0,10,20,21;108,107,117,116,115,114,113,112,111,110,100,90,80,81,82,92,93,94,95,85,86,87,77,67,57,47,37,27,26,25,24,23,33,43,42;70,71,72,73,63,64,65,55,45;83,84,74,75,76,66,56,46,36,35,34,44,54,53,52,51,41,31,32,22,12,11;30,40,50,60,61,62;118,119,109,99,89,79,69,59,49,39,29,19,9,8,7,6,5,4
10:12,0,8,8;49,39,38,28,18,17,16,26,36,46,56,55,65,75,74;76,77,78,88,98,108,107,106,105,104,103,102,101,91,81,71,61,51,41,31,21,11,1,2,3,4,5,6,7,8,9,19,29;68,69,79,89,99,109,119,118,117,116,115,114,113,112,111,110,100,90,80,70,60,50,40,30,20,10,0;87,86,85,84,83,73,63,53,43,33;12,13,14,15,25,35,45;97,96,95,94,93,92,82,72,62,52,42,32,22,23,24,34,44,54,64;66,67,57;59,58,48,47,37,27
10:12,0,9,9;71,70,60,50,40,30,20,10,0,1,2,3,4,5,6;101,91,92,93,94,95,96,106,107,108,98,88,78,77,76,75,65,55,56,57,47,37,38,28,18;27,26,36,46,45,44,54,64;14,13,12,11,21,31,41,51,61,62,72,82,81,80,90,100,110;48,58,68,67,66;24,23,22,32,42,52,53,63,73,74;97,87,86,85,84,83;111,112,113,114,115,116,117,118,119,109,99,89,79,69,59,49,39,29,19,9,8,7,17,16,15,25,35,34,33,43;102,103,104,105
10:12,0,10,9;76,75,74,73,63;34,44,45,55;28,27,26,16,15,5,4,3,2,1,11,21,31,41,51,61,62,72,82,83,84,85,86;57,58,68,78,88,98,108,107,106,105,104,103,102,101,91,81,71,70,60,50,40,30,20,10,0;6,7,8,9;14,24,23,33,43,53,54,64,65,66,67,77,87,97,96,95,94,93,92;56,46,47,48,49,59,69,79,89,99,109,119,118,117,116,115,114,113,112,111,110,100,90,80;25,35,36,37,38,39,29,19,18,17;52,42,32,22,12,13
11:13,0,11,10;20,19,18,17,16,15,26,25,36,47,58,69,68,79,90,91,102,113,112,111,110,99,88,77,66,55,44,45,34,23,12;63,64,75,86;92,103,114,125,136,135,134,133,132;41,40,39,50,61,72,83,84,95,96,107,108,119,130,129,128,127,116;49,60,71,82,93,94,105,106,117,118;80,81,70,59,48,37,38,27,28,29,30,31,42,53,52,51,62,73,74,85;121,122,123,124;101,100,89,78,67,56,57,46,35,24,13,14,3,4,5,6,7,8,9,10,21,32,43,54,65,76,87,98,97;33,22,11,0,1,2;109,120,131,142,141,140,139,138,137,126,115,104
11:13,0,12,8;119,108,97,86,85,74,63,52,41,30,19,8;36,37,48,59,70,69,68,67,78,89,100,111,122;75,64,53,42,31,20,9,10;38,49,60,71,82,93,104,115,116,127;142,141,140,139,138,137,136,135,124,113,102,91;21,32,43,54,65,76,87,98,109,120,131,130,129,118,107,96,95,84,73,62,51,40,29,18,17,16,15,14,13,12,23,34,45,56,57,58;7,6,5,4,3,2,1,0,11,22,33,44,55,66,77,88,99,110,121,132,133,134,123,112,101,90,79,80,81,92,103,114,125,126;128,117,106,105,94,83,72,61,50,39,28,27,26,25,24,35,46,47
11:13,0,13,10;98,97,96,95,84;124,125,126,127,128,129;104,93,82,71,60,49,48,47,46,45,44,33,22,11,0,1,2,3;89,88,99,110,121;73,74,85,86,87;132,133,122,111,100,101,90,79,78,77,66,55,56,57,58,59,70,81,92,103,114,115,116,105,94,83,72,61,50,51,40;107,108,109,120,131,142,141,140,139,138,137,136,135,134,123,112,113,102,91,80,69,68,67;106,117,118,119,130;76,75,64,53,42,31,20,19,18,17,16,27,26,25,24;62,63,52,41,30,29,28,39,38,37,36,35,34,23,12,13,14,15,4,5,6,7,8,9,10,21,32,43,54,65
11:13,0,14,9;78,89,100,111,122,133;114,103,92,81,82,83,72,61,50,39,28,17,16,15,14,13,12,23,34,45,46,47,48;139,140,129,130,119,108,97,86,75,64,53,42,31,20;24,35,36,37;118,117,128;6,5,4,3,2,1,0,11,22,33,44,55,56,57,58,59;132,121,110,99,88,77,66,67,68,79,90,101,112,123,134,135,136,137,138,127,116,105,106,107,96,85,74,63,52,41,30,19;38,27,26,25;49,60,71,70,69,80,91,102,113,124,125,126,115,104,93,94,95,84,73,62,51,40,29,18,7,8,9,10,21,32,43,54,65,76,87,98,109,120,131,142,141
11:13,0,15,7;116,117,118,119,120,109,98,87,76,65,54,43,32,21,10,9,8,7,6,5,16,27,38,49,50;29,30,41,52,63,74,85,96,107,106,105,104,103,102,91,80,81;83,82,71,70,69,58,47,36,25,14,13,12,23,34,45,56,67,78,89,100,111,122,123,124,125,136,137,138,139,140,141,142;127,128,129,130,131;126,115,114,113,112,101,90,79,68,57,46,35,24;72,61,60,59,48,37,26,15,4,3,2,1,0,11,22,33,44,55,66,77,88,99,110,121,132,133,134,135;108,97,86,75,64,53,42,31,20,19,18,17,28,39,40,51,62,73,84,95,94,93,92
11:13,0,16,8;140,129,130,119,108,97,86,75,64,53,42,31,20,19,18,17,28,39,40,51,62;100,111,122,123,124,113,102,91,80,79,68,57,46,35,24;37,48,59,60,71,82,81,92,103,114,125,126;83,94,93,104,115,116,127,138,137,136,135,134,133,132,121,110,99,88,77,66,55;70,69,58,47,36,25,26;29,30,41,52,63,74,85,96,107,118,117,128,139;112,101,90,89,78,67,56,45,44,33,22,11,0,1,2,3,4,5,6,7,8,9,10,21,32,43,54,65,76,87,98,109,120,131,142,141;105,106,95,84,73,72,61,50,49,38,27,16,15,14,13,12,23,34
11:13,0,17,9;96,107,118,117,116,115,114,113,102,101,100,99;69,70,59,48,37,36,35,34,33,44,55,66,77,88,89;68,57,58;12,13,14,15,16,17,6,7,8,9,10,21,32,43,54,65,76,87,98,109,120,131,142,141,140,139,138,137,136,135,134,133,132,121,110,111,112;93,94,83,72,73,62,63,52,41,30;49,38,27,26,25,24,23,22,11,0,1,2,3,4,5;80,81,82,71,60,61,50,51,40;39,28,29,18,19,20,31,42,53,64,75,74,85,84,95,106,105,104,103,92,91,90,79,78,67,56,45,46,47;122,123,124,125,126,127,128,129,130,119,108,97,86
11:13,0,18,9;48,37,26,25,14,13,12,23,34,45,46;90,101,112,113,114,115,116,117,118,107,96,95,94,93,92,81,70,59,60,49,38,27,28,29,30,41,52;15,16,17,18,19,20,31,42,53,64,63,62;71,82,83,84,85,86,97,108,119,130,129,128,127,126,125,124,123,122,111,100,89,78,79,68,69,58,47,36,35,24;57,56,55,44,33,22,11,0,1,2,3,4,5,6,7,8,9;10,21,32,43,54,65,76,87,98,109,120,131,142,141,140,139,138,137,136,135,134,133,132,121,110,99,88,77,66,67;75,74,73,72,61,50;80,91,102,103,104,105,106;51,40,39
11:13,0,19,10;15,4,5,6,17,28,39,50,61,62,73,74,85,96,107,118,117,116,105,94,93,82,81,70,59,58,47;69,80,91,92,103,114,125,136,137,138,139,140,141,142,131,120,109,98,87,76,65,54,43,32;9,8,7,18,29,40,51;3,2,1,0,11,22,33,44,55,66,77,88,99,110,121,122,123,112,101,90,79,68,57,46,35,24;104,115,126,127,128,129,130,119,108,97,86,75,64,53,42,31;10,21,20,19,30,41,52,63;38,37,36;102,113,124,135,134,133,132;16,27,26,25,14,13,12,23,34,45,56,67,78,89,100,111;48,49,60,71,72,83,84,95,106
11:13,0,20,9;61,60,59,58,57,68,79,90;46,47,36,37,38,39,28,29,30,31,42,53,64,75,86,97,108,119,130;101,100,89,78,67,56,45,34,23,12,13,14,15,16,17,18,19,20;111,122,123,124,125,114,103,92,81;6,5,4,3,2,1,0,11,22,33,44,55,66,77,88,99,110,121,132,133,134,135,136,137,126,115,104,93,82;40,41,52,63,74,85,96,107,118,129,128;27,26,25,24,35;112,113,102,91,80,69,70,71,72,83,94,105,116,127,138,139,140,141,142,131,120,109,98,87,76,65,54,43,32,21,10,9,8,7;48,49,50,51,62,73,84,95,106,117
12:14,0,21,9;61,60,72,84,85,86,87,75,63,51,39,27,28,29,30,31;48,49,37,25,13;79,80,81,82;155,167,166,165,164,163,162,161,160,159,158,157,156,144,132,120,108,96,97,98,110,122,134,135,136,137,138,139,140,141,142,130,118,106,94,93,92,91,90,78,66,67,68,69,70,58,59,47,35,23,11,10,9,8,7,6,5,4,3,2,1,0,12,24,36;109,121,133,145,146,147,148,149,150,151,152,153,154;73,74,62,50,38,26,14,15,16,17,18,19,20,21,22,34,46,45,57,56,55,54,53,65,77,89,101,102,103;33,32,44,43,42,41,40,52,64,76,88,100,112,113,114,115,116,104,105;143,131,119,107,95,83,71;117,129,128,127,126,125,124,123,111,99
12:14,0,22,8;52,51,63,75,74,86,98,110,122,134,135,136,137,138,126,127,128,140,141,153,154;152,164,163,162,161,160,159,158,157,156,144,132,120,108,96,84,72,60,48,36,24,12,13,14,15,16,17,18,19,31,32,33,45,57,56,68,67,66,65,64,76,88,87,99,111,123,124,125,113,114,115,116,117,129;165,166,167,155,143,131,119,107,95,83,71,59,47,35,23,11,10,9;69,81,80,79,78,77,89,101,100,112;42,30,29,28,27,26,25,37,49;142,130,118,106,105,104,103,102,90;44,43,55,54,53,41,40,39,38,50,62,61,73,85,97,109,121,133,145,146,147,148,149,150,151,139;0,1,2,3,4,5,6,7,8,20,21,22,34,46,58,70,82,94,93,92,91
12:14,0,23,9;139,140,141,129,117,105,93,81,69,57,45,33,34;5,17,16,15,27,39,51,63,75,87,99,111;67,68,80,92,104,116,128,127,126,138,150,149,148,147,146,145,133,121,109,97,85,73,61,60,48,36,24,12,0,1,2,3,4;79,78,66,54,55,56,44,32;102,101,89,77,65,53,41,42,43,31,19,20,21,22;164,165,166,167,155,143,131,119,107,95,83,71,59,47,35,23,11,10,9,8,7,6,18,30,29,28,40,52,64,76,88,100,112,124,123;90,91,103,115,114,113,125,137,136,135,134,122,110,98,86,74,62,50,49,37,25,13;14,26,38;46,58,70,82,94,106,118,130,142,154,153,152,151,163,162,161,160,159,158,157,156,144,132,120,108,96,84,72
12:14,0,24,11;46,58,70,82,94;15,14,13,25,37,49,48,60,72;146,145,133,121,109,97,98,86,74,75,63,51,39,40,41,29,17,5,6,7,8,9,10;30,42,54,53,65,77,89,101,100,112,124,123,135,147;128,127,126,125;67,79,91,103,115;134,122,110,111,99,87,88,76,64,52;18,19,31,43,55,56,68,80,92,104,116,117,129,141,140,139,138,137,136;36,24,12,0,1,2,3,4,16,28,27,26,38,50,62,61,73,85,84,96,108,120,132,144,156,157,158,159,160,161,162,163,164,165,166,167,155,143,131,119,107,95,83,71,59,47,35,34,33;66,78,90,102,114,113;148,149,150,151,152,153,154,142,130,118,106,105,93,81,69,57,45,44,32,20,21,22,23,11
12:14,0,25,10;19,18,17,16,15,27,39,40,41,42,54,66,78,79,80,92,104,116,128,127,126,125,124,123,122,110,98,86,85,73,61,49,37;1,0,12,24,36,48,60,72,84,96,108,120,132,144,145,146,147,148,149,150,151,152,153,154,142,130,118,106,94,82,70,58,46,34,22;56,57,69,81,93,105,117,129,141,140,139,138,137,136,135,134,133,121,109,97;30,29,28;44,45,33;74,75,87,99,111,112,113,114,115,103,91,90,89,77,65,53,52,51,50,38,26,25;6,7,8,9,10,11,23,35,47,59,71,83,95,107,119,131,143,155,167,166,165,164,163,162,161,160,159,158,157,156;5,4,3,2,14,13;68,67,55,43,31,32,20,21;62,63,64,76,88,100,101,102
12:14,0,26,8;51,63,75,76,77,78,79,80,92,104,116,128,140,152,164,163,162,161,160,159,158,157,156,144,132,120;64,65,66,67,68,69,81,93,105,117,129,141,153,165,166,167,155,143,131,119,107,95,83,71,59,47,35,23,11;121,133,145,146,147,148,149,150,151,139,127,115,103,91,90,89,101,113,125,124,123,111,99,98,97,85,73,61,49,37,25,13,14,15,16,17,18,30,31;21,33,45,57,56,55,54,53,52,40,39,38,50,62,74,86,87;102,114,126,138,137,136,135,134,122,110,109,108,96,84,72,60,48,36,24,12,0,1,2,3,4,5,6,7,19;154,142,130,118,106,94,82,70,58,46,34,22,10,9,8,20,32,44,43;42,41,29,28,27,26;88,100,112
12:14,0,27,8;124,125,126,127,128,116,104,92,80,81,82,94,106,118,130,142,154,153,152,151,150,149,148,147;22,21,20,19,18,17,16,15,14,13,25;62,63,51,39,38,37,36,48,60,72,84,96,108,120,132,144,156;50,49,61,73,85,97,109,121,133,145,157,158,159,160,161,162,163,164,165,166,167,155,143,131,119,107,95,83,71,70,69,68,56;24,12,0,1,2,3,4,5,6,7,8,9,10,11,23,35,47,59,58,57,45,44,43,55,67,79,91,103,115,114,113,112;29,41,53,65,77,89,88,87,99,111,123,135,136,137,138,139,140,141,129,117,105,93;100,101,102,90,78,66,54,42,30,31,32,33,34,46;26,27,28,40,52,64,76,75,74,86,98,110,122,134,146
12:14,0,28,10;37,49,61,73,85,97,109,121,133,145,146,147,148,149,150,151,152,153,154,142,130,118,106,94,82,70;53,41,29,17,5,6,7,8,9,10,11,23,35,47,46,45,44,56,68,69,81,93,105,117,129,141,140,139,138,137,136,135,134,122,110,98,86,74,62,50,38,26,25,24;87,99,111,123,124,125,126;13,14,15,27,39,51,63,75,76,88,100,112,113,114;22,21,20,19,18;34,33,32;127,115,103,102,101,89,77,65,64,52,40,28,16,4,3,2,1,0,12;80,79,67,55,43,31;128,116,104,92,91,90,78,66,54,42,30;36,48,60,72,84,96,108,120,132,144,156,157,158,159,160,161,162,163,164,165,166,167,155,143,131,119,107,95,83,71,59,58,57
12:14,0,29,11;113,125,137;8,7,6,5,4,3,2,1,0,12,24,25,26,27,28,29,30,42,54,55,56,57,45,46;152,153,154,142,130;22,34,33;134,122,110,98,86,74,62,63,64,65,66,67,68,69,81,93,105,104,116,128;138,126,114,102,101,89,77,76,75,87,99,111,123,135,147,146,145,133,121,109,97,85,73,61,49,50,51,52,53;71,83,95,107,119,131,143,155,167,166,165,164,163,151,150,149,148,136,124,112,100,88;90,78,79,80;41,40,39,38,37,36,48,60,72,84,96,108,120,132,144,156,157,158,159,160,161,162;92,91,103,115,127,139,140,141,129,117,118,106,94,82,70,58,59,47,35,23,11,10,9,21,20,32;44,43,31,19,18,17,16,15,14,13
12:14,0,30,11;128,140,152,164,165,166,167,155,143,131,119,107,95,83,71,70,69,68,56,44,45,46;98,97,109,121,133,145,146,147,148,149,150,138,126,114,115;52,64,76,88,100,112,124,123,135,134;3,2,1,0,12,24,36,48,60,72,84,96,108,120,132,144,156,157,158,159,160,161,162,163,151,139,127;22,21,20,19,18,30,42,54,66,78,90,102,101,113,125,137,136;154,153,141,129,117,105,93,92,80,79,67,55,43,31,32,33,34;17,29,28,27,26,38,50,62,74,86,85;142,130,118,106,94,82,81;122,110,111,99,87,75,63,51,39,40,41,53,65,77,89;73,61,49,37,25,13,14,15,16,4,5,6,7,8,9,10,11,23,35,47,59,58,57;91,103,104,116
