10:12,0,1,7,,,26|27:26|36:35|36:45|46:55|56:64|74:65|66:65|75:71|81:72|82:73|83:74|75:74|84;69,79,89,99,109,119,118,117,116,115,114,113,112,111,110,100,90;86,87,77,67,57,47,48,38,28,18,8,7,6,5,4,3,2,1,0,10,20,30,40,50,60,61;65,55,45,35,25,26,16,17,27,37,36,46,56,66,76,75,85,84,83,82,92;15,14,13,12,11,21,31,41,51;93,94,95,96,97;74,73,63,64,54,44,34,24,23,22,32,42;33,43,53,52,62,72,71,70,80,81,91,101,102,103,104,105,106,107,108,98,88,78,68,58,59,49,39,29,19,9
10:12,0,2,6,,,34|35:35|45:45|46:46|56:52|62:53|63:54|64:56|57:56|66:64|65:65|66:65|75:66|67:76|77:76|86;118,108,107,106,105,104,103,102,101,91,81,71,72,73,83,84,85,86,87,77,67,57,47,37,27,26;65,55,56;82,92,93,94,95,96,97,98,88,78,68,58,48,38,28,18,17,16,15,14,13,12,11,21;119,109,99,89,79,69,59,49,39,29,19,9,8,7,6,5,4,3,2,1,0,10,20,30,31,32,22,23,24,25,35,36,46;45,44,54,53,52,51,61,62,63,64,74,75,76,66;34,33,43,42,41,40,50,60,70,80,90,100,110,111,112,113,114,115,116,117
10:12,0,3,9,,,34|35:44|45:45|55:55|56:56|66:65|75:66|67:66|76:74|75:76|77:76|86:85|86:95|96:105|106:106|116:107|108:107|117;79,69,68,58,48,38,28,18,17,16,15,14,13,12,11,21,31,41,51,61,71,81,91;66,65,55,54,44,34,24,23,22;32,33,43,53,63,73,83,93,103,102,101,100,90,80,70,60,50,40,30,20,10,0,1,2,3,4,5,6,7,8,9,19,29,39,49,59;64,74,84,94,104,114,113,112,111,110;87,86,96,106,107;56,46,45,35,25,26,27;36,37,47,57,67,77,78,88,89,99,109,119;97,98,108,118,117,116,115,105,95,85,75,76;42,52,62,72,82,92
10:12,0,4,8,,,17|27:27|28:28|38:35|45:37|47:38|39:38|48:45|46:46|47:46|56:48|58:56|57:57|58:57|67:58|59:68|69:78|79;58,68,67,66,56,55,45,44,34,24,14,4,3,2,1,0,10,20,30,40,50,60,70,80,90,100,110,111,112,113,103,93,83;114,104,94,95,96,106,107;59,69,79,89,88,78,77,76,75,65,64,54,53,43,33,23,13,12,11,21,31,41,51,61,71,81,91;22,32,42,52,62,63,73,74,84,85,86,87,97,98,99,109,119;101,102,92,82,72;38,37,27,26,16,17,18,28,29,39,49,48,47,57;19,9,8,7,6,5,15,25,35,36,46;108,118,117,116,115,105
10:12,0,5,9,,,34|44:36|46:37|47:43|44:43|53:44|45:45|46:45|55:47|48:47|57:52|53:55|56:56|66:62|63:66|67:76|77:77|87:78|88:88|89:88|98;73,83,84,94;97,87,88;10,0,1,2,3,4,5,6,7,8,9,19,29,39,49,59,69,68,67;37,27,26,25,24,23,22,32,31,41,51,61,71,81,91,101,102,103,104,105,115,116,117,118,119,109;34,33,43,42,52,62,72,82,92,93;45,35,36;77,78,79,89,99,98,108,107,106,96,86,76,66,65,55,54,44;47,46,56,57,58,48,38,28,18,17,16,15,14,13,12,11,21,20,30,40,50,60,70,80,90,100,110,111,112,113,114;95,85,75,74,64,63,53
10:12,0,6,7,,,65|75:66|76:67|77:71|81:74|75:74|84:77|78:80|81:81|91:82|92:83|84:83|93:84|85:85|95;81,82,72,71,61,51,52,42,43,44,45;119,109,99,89,79,69,59,49,39,29,19,9,8,7,6,5,4,3,2,1,0,10,20,30;95,96,86,85;83,73,74,64,65,66,67,57,47,37,27,26,25,24,23,22;41,40,50,60,70,80,90,100,110,111,112,102,103,104,105,106,107,97,87,77,76,75;62,63,53,54,55,56,46,36,35,34,33,32,31,21,11,12,13,14,15,16,17,18,28,38,48,58,68,78,88,98,108,118,117,116,115,114,113;101,91,92,93,94,84
10:12,0,7,8,,,3|13:12|13:21|31:22|23:23|33:30|31:31|32:32|42:33|34:40|41:41|51:42|43:43|44:43|53:52|62:53|54:53|63:61|62:61|71;53,52,42,41,31;1,0,10;25,35,45,55,65,75,74,73,83,82,81,80,90,100,110,111,112,113,114,115,116,117,118,119,109,99,89,79,69,59,49,39,29,19,9;22,32,33,43;13,23,24,34,44,54,64,63,62,72,71,70,60;61,51,50,40,30,20,21,11,12,2,3,4,5,6,7,8,18,28,38,48,58,68,78,88,98,108,107,106,105,104,103,102;14,15,16,17,27,37,47,57,67,77,87,97,96,95;26,36,46,56,66,76,86,85,84,94,93,92,91,101
10:12,0,8,8,,,33|43:42|43:43|44:44|54:45|55:52|53:54|64:55|56:55|65:63|64:65|66:65|75:73|74:74|75:75|85:83|84:85|86:85|95:93|94:102|112:103|104:103|113;26,36,37,47,57,67,77,87,86,96,95,94,104,114,115,116,117,118,119;105,106,107,97,98,88,78,68,58,48,38,28,18;108,109,99,89,79,69,59,49,39,29,19,9,8,7,6,5,4,3,2,1,0;63,73,83,93,103,102,101,91,81,71,61,51,41,31,21,22,23,24,25,35;55,54,53,43;65,64,74,84,85;92,82,72,62,52,42,32,33,34,44,45,46,56,66,76,75;113,112,111,110,100,90,80,70,60,50,40,30,20,10,11,12,13,14,15,16,17,27
10:12,0,9,7,,,18|28:26|36:27|37:28|29:28|38:34|44:35|36:43|44:44|45:45|46:45|55:48|49:53|54:54|64:55|56:58|59:65|66:66|76:67|77:68|69:68|78;57,47,37,36;83,84,85,86,87,88,89,99,109,108;44,54,55,65,64;46,56,66,67,68,58,48,38,39,29,19,9,8,7,6,5,4,3,2,1,0,10,20,30,40,50,60,70,80,90,100,110,111,112,113,114,115,116;119,118,117,107,106,105,104,103,102,101,91,81,71,61,51,41,31,21,11,12,13,14,15,16,17,18;49,59,69,79,78,77,76,75,74,73,63,53,43,33,34,35,45;98,97,96,95,94,93,92,82,72,62,52,42,32,22,23,24,25,26,27,28
10:12,0,10,7,,,33|34:38|48:43|44:47|48:53|54:54|64:57|58:64|65:65|75:67|68:67|77:75|76:76|77:76|86:86|87:95|96:96|97:96|106;11,21,31,41,51,61,71,81,82,92,93;91,101,102,103,104,105,106,107,108,98,88;47,46,45,55,65,66,76;97,87,77,78,68,58,48,49,39,38,37,36,35,34,44,54;56,57,67;96,86,85,75,74,64,63,53,43,33,23,24,25,26,27,28,29,19,9,8,7,6,5,4,3,2,1,0,10,20,30,40,50,60,70,80,90,100,110,111,112,113,114,115,116,117,118,119,109,99,89,79,69,59;18,17,16,15,14,13,12,22,32,42,52,62,72,73,83,84,94,95
11:13,0,11,9,,,36|47:46|47:47|58:56|57:57|68:58|59:58|69:68|79:69|70:69|80:78|79:79|90:80|91;53,54,43,32,21,10,9,8;64,65,76,87,98,109,120,131,142,141,140,139,138,137,136,135,124,113,114,115,116,117,118;95,94,83,72,61,50,39,28,17,16,15,14,13,12,23,34,45,56;47,48,37,36,35,46,57,58;122,111,100,89,90,91,92,93,82,71,60,49,38,27,26,25,24;125,126,127,128,129,130,119,108,97,86,75,74,63,52,41,42,31,20,19,18,7,6,5,4,3,2,1,0,11;66,55,44,33,22;79,80,81,70,59;30,29,40,51,62,73,84,85,96,107,106,105,104,103,102,101,112,123,134,133,132,121,110,99,88,77,78,67,68,69
11:13,0,12,9,,,79|90:80|91:81|92:82|93:93|94:93|104:103|104:104|105:105|106:113|114:114|115:114|125:115|116:116|117:116|127;118,119,120,109,98,87,76,65,54,43,32,21,10,9,8,7,6,5,4,3,2,1,0,11,22,33,44,55,66,77,88,99,110,121,132,133;122,111,100,89,90,91,92,93;131,130,129;125,124,113;114,103,102,101,112,123,134,135,136,137,138,139,140,141,142;104,115,126,127,128,117,106,95,84,73,72,71,70,69,68,57,46,35,24,25,26,27,28,29,30,41;42,31,20,19,18,17,16,15,14,13,12,23,34,45,56,67,78,79,80,81,82,83,94,105,116;97,86,75,64,53,52,51,40,39,38,37,36,47,58,59,60;108,107,96,85,74,63,62,61,50,49,48
11:13,0,13,6,,,15|26:16|27:17|28:18|29:19|30:20|31:25|26:27|38:28|39:36|37:37|38:39|40:40|51:47|48:48|49:50|61:51|52:58|59:59|60:59|70:60|61:61|62:70|71:71|72:71|82;49,60,71;30,31,42,53,64,75,86,97,108,119,130,129,128,127,126,125,124,123,122,111,100,99,88,77,66,55,44,33,22,11;10,9,8,7,6,5,4,3,2,13,24,35,46,57,68,79,80,91,92,93,94,95,84,73,62,51,50,39,38;112,113,114,115,116,117,118,107,96,85,74,63,52,41,40,29,28,27,26,37,48,59;110,121,132,133,134,135,136,137,138,139,140,141,142,131,120,109,98,87,76,65,54,43,32,21,20,19,18,17,16,15,14,25,36,47,58,69,70,81,82,83,72,61;0,1,12,23,34,45,56,67,78,89,90,101,102,103,104,105,106
11:13,0,14,7,,,84|95:93|104:94|95:94|105:95|96:101|102:102|113:103|104:103|114:105|106:105|116:106|107:107|118:108|109:108|119:113|124:114|125:115|116:115|126;82,71,60,59,58,57,56,55,44,33,22,11,0,1,2,3,4,5,6,7,8,9,10,21,32,43,54,65,76,87,98,109,120,131,130;142,141,140,129,118,119;90,101,112,113,114,115,104,105;107,96,85,84,73,62,51,40,39,38,37,36;103,102,91,80,79,78,89,100,111,122,123,124,125,126,127,116,117,106,95;128,139,138,137,136,135,134,133,132,121,110,99,88,77,66,67,68,69,70,81,92,93,94,83,72,61,50,49,48,47,46,45,34,23,12,13,14,15,16,17,18,19,20,31,42,53,64;35,24,25,26,27,28,29,30,41,52,63,74,75,86,97,108
11:13,0,15,8,,,49|60:51|62:59|60:60|61:62|63:62|73:70|71:71|82:72|73:72|83:83|84:84|95:85|96;60,71,72,61,62;98,87,76,65,64,53,42,41,40,39,38,37,36,47,58,69,80,91,102,103,114,115,116,127,128,129,130,119;137,126,125,124,123,122,111,100,89,78,67,56,45,34,23,12,13,14,15,16,17,18,19,20;113,112,101,90,79,68,57,46,35,24,25,26,27,28,29,30,31;138,139,140,141,142,131,120,109,108,107,96,95,94,83,82;136,135,134,133,132,121,110,99,88,77,66,55,44,33,22,11,0,1,2,3,4,5,6,7,8,9,10,21,32,43,54;97,86,85,84,73;118,117,106,105,104,93,92,81,70,59,48,49,50,51,52,63,74,75
11:13,0,16,9,,,58|69:59|70:68|69:69|80:70|81:81|82:89|100:92|93:92|103:99|100:101|112:102|103:102|113:103|104:110|111:111|122:112|123:113|124:114|115:114|125;69,70,71,82,93,94,105,106;12,13,14,15,16,17,18,19,20,31,42,53,64,75,86,97,108,107,118,117,116;103,114,113,112,111,100,101;102,91,90,89,78,67,56,45,46,47,48,49,50,51,62,73,84;30,29,28,27,26,25,24,23,22,11,0,1,2,3,4,5,6,7,8,9,10,21,32,43,54,65,76,87,98,109,120,131,142,141,140,139;95,96,85,74,63,52,41,40,39,38,37,36,35,34,33,44,55,66,77,88,99,110,121,122,123,124,125,126,115,104;92,81,80,79,68,57,58,59,60,61,72,83;119,130,129,128,127,138;137,136,135,134,133,132
11:13,0,17,10,,,30|41:31|42:42|43:53|54:60|71:61|72:64|65:72|73:74|85:75|76:75|86:83|84:84|85:84|95:95|96:96|107:97|108:108|109;139,128,127,126,115,114,113,112;45,34,23,12,13,14,15,16,27,28,39,50,51,52,53,64,75,74,73,84;130,119,108,107,106,95,94,93,82,81,80,79,68,67,56,55,44,33,22,11,0,1,2,3,4,5,6,7,8,9,10,21,32,43,54,65,76,87,86,85,96;31,20,19,18,17;125,124,123,122,111,100,101,102,103,104,105,116,117,118,129,140,141,142,131,120,109,98,97;59,48,47,36;66,77,78,89,90,91,92;42,41,40,29,30;138,137,136,135,134,133,132,121,110,99,88;63,62,61,60,49,38,37,26,25,24,35,46,57,58,69,70,71,72,83
11:13,0,18,9,,,38|39:39|50:50|51:50|61:60|61:61|62:62|73:63|74:71|72:72|83:73|84:74|75:84|85:84|95:85|86:94|95:105|106;60,71,82,93,104,115,114,113,124,135,134,133,132,121,110,111,100,89,78,67,56,45,34,23,12,13,14,15,16,17,18,29,30,31,32,21,10,9;84,83,94,105,116,117,118;38,37,36,47,58,69,80,91;122,123,112,101,102,103,92,81,70,59,48,49,50;61,72,73,74,85,96,97,86,75,64,63,62,51,40,39,28,27,26,25,24,35,46,57,68,79,90;99,88,77,66,55,44,33,22,11,0,1,2,3,4,5,6,7,8,19,20;53,52,41;125,136,137,138,139,140,141,142,131,120,109,98,87,76,65,54,43,42;126,127,128,129,130,119,108,107,106,95
11:13,0,19,6,,,50|61:51|62:62|63:73|74:73|84:82|93:83|84:83|94:89|100:90|101:91|102:92|93:92|103:94|95:94|105:99|100;47,36,37,38,39,40,41,30;73,62,61,60,71,70,69,68,67,56,45,34,23,12,13,14,15,16,17,18,19,20,31,42,53,64,75,86,97,108,119,130,129;29,28,27,26,25,24,35,46,57,58,59,48,49,50,51,52,63,74,85,84,95,106,105,116,115,114,113,112;132,133,134,135,136,137,138,139,140,141,142,131,120,109,98,87,76,65,54,43,32,21,10,9,8,7,6,5,4,3,2,1,0,11,22,33,44,55,66,77,78,79,80;94,93,104,103,102,101,100,111,122,123,124,125,126,127,128,117,118,107,96;121,110,99,88,89,90,91,92,81,82,83,72
11:13,0,20,10,,,39|50:46|57:48|59:49|50:49|60:50|51:51|62:56|57:56|67:57|58:58|59:58|69:60|61:62|63:67|78:71|72:73|74:77|78:78|79:79|90:80|91:81|92:82|83:82|93;50,61,72,83,94,93,92,91,90,89,78;13,12,11,22,33,44,55,56;122,111,100,101,102,103,104,115,116,117,118,107,96,85,74,63,52,51,40,39,38,49,48,47,58;81,70,59;60,71,82;57,68,67,66,77,88,99,110,121,132,133,134,123,112,113,114,125,126,127,128,129,130,119,108,97,86,75,64,53,42,41,30,29,28,27,26,37,36,35;105,106,95,84,73,62;79,80,69;0,1,2,3,4,5,6,7,8,9,10,21;124,135,136,137,138,139,140,141,142,131,120,109,98,87,76,65,54,43,32,31,20,19,18,17,16,15,14,25,24,23,34,45,46
12:14,0,21,10,,,79|91:82|94:90|91:90|102:91|92:92|104:93|105:94|95:94|106:101|102:101|113:102|103:104|116:112|113:113|125:114|115:115|116:115|127:116|117:128|129;17,16,15,27,26,38,37,49,61;12,0,1;104,105,106,107,119,131,143,155,167,166,165,164,163,162,161,160,159,158,157,156,144,132,120,108,96,84,85,86,74,75,63,64,52,53,41;102,114,113;91,103,115;44,56,55,67,79,78,90,89,101,100,112,111,110,122,134,135,136,137,138,139,140,141,129,117;73,72,60,48,36,24,25,13,14,2,3,4,5,6,7,8,9,10,11,23,35,47,59,71,83,95;94,93,81,82,70,58,46,34,22,21,20,19,18,30,29,28,40,39,51,50,62;123,124,125,126,127,128,116;118,130,142,154,153,152,151,150,149,148,147,146,145,133,121,109,97,98,99,87,88,76,77,65,66,54,42,43,31,32,33,45,57,69,68,80,92
12:14,0,22,10,,,64|76:75|76:75|87:76|77:88|89:98|110:99|111:100|101:100|112:102|114:103|115:109|110:111|123:112|113:112|124:115|116:121|122:122|123:123|135:124|136:125|137:126|138:127|128:127|139:133|134:133|145;127,126,125,124,123;112,111,110,122,134,135,136,137,138,139,140,128,116,104,103,102;75,63,64,65,77,89,101,113,114,115;33,32,31,30,29,28,27,39,51,52,53,54,66,78,90,91,92,93,105,117,129,141,153,152,151,150,149,148,147,146,145;154,142,130,118,106,94,82,81,80,79,67;46,45,44,43,42,41,40;85,73,61,49,37,25,13,14,15,16,17,18,19,20,21,22,34,35,47,59,58,57;133,121,109,97,98,99,100,88,76;26,38,50,62,74,86,87;55,56,68,69,70,71,83,95,107,119,131,143,155,167,166,165,164,163,162,161,160,159,158,157,156,144,132,120,108,96,84,72,60,48,36,24,12,0,1,2,3,4,5,6,7,8,9,10,11,23
12:14,0,23,9,,,15|27:18|30:26|27:27|28:29|30:29|41:39|40:40|41:51|52:52|53:63|64:64|65:64|76:76|77:76|88:87|88:87|99;76,75,87;155,143,131,119,118,117,129,141,140,152,151,150,149,148,147,146,145,133,121,122,123,124,125,126,114,115,103,91,92,93,94,82,70,58,46,34,22,21,20,19,18,17,29;167,166,165,164,163,162,161,160,159,158,157,156,144,132,120,108,96,84,72,60,61,49,50,38,26,14,15,16,28,40,52,64;130,142,154,153;86,98,99,100,88,89,77,65,66,54,55,43,44,45,57,69,81,80;13,25,37;53,41,42,30,31,32,33;27,39,51,63,62,74,73,85,97,109,110,111,112,113,101,102,90,78,79,67,68,56;48,36,24,12,0,1,2,3,4,5,6,7,8,9,10,11,23,35,47,59,71,83,95,107,106,105,104,116,128,127,139,138,137,136,135,134
12:14,0,24,11,,,75|76:75|87:77|89:78|90:86|87:88|89:88|100:90|91:90|102:98|99:99|100:99|111:101|102:102|103:113|114:114|115:115|127:125|126:127|128:127|139:135|136:136|148:137|138:137|149:138|139;82,70,58,46,45,44,43,42,30,18,19,20,21,22,23;156,157,145,133;138,150,151,152,153,154,142,130,118,106,94,93,81,69,57,56,55,54,53,41,29,17,5,6,7,8,9,10,11;4,3,2,1,0,12,24,36,48,60,72,84,96,108,120,132,144;75,63,51,39,27,26;160,159,158,146,134,122,121,109,97,85,73,61,49;139,140,128,116,115,103,91,79,78,77,76,88,87,99;102,114,126,127;141,129,117,105,104,92,80,68,67,66,65,64,52,40,28,16,15,14,13,25,37,38,50,62,74,86,98,110,111;90,89,101,100,112,124,123,135,147,148,149,161,162,163,164,165,166,167,155,143,131,119,107,95,83,71,59,47,35,34,33,32,31;136,137,125,113
12:14,0,25,10,,,55|67:66|67:67|79:79|80:79|91:90|91:102|103:102|114:113|114:114|115:116|128:118|130:125|126:126|127:127|128:127|139:128|129:129|130:129|141;67,68,80,92,91,103;11,10,9,8,7,6,5,4,3,2,1,0,12,24,36,48,60,72,84,85,86,74,75,63,51,39,40,41,42,43,44,45;130,142,154;159,158,157,156,144,132,120,108,96,97,98,110,122,134,135,136,137,149,150,151,152,153,141;109,121,133,145,146,147,148,160,161,162,163,164,165,166,167,155,143,131,119,107,95,83,71,59,47,35,23,22,21,20,19,18,17,16,15,14,13,25,37,49;127,115,116,104,105,93,81,69,57,56,55,54,66,65,77,89,101,113,125,124,123,111,99,87;79,78,90,102;114,126,138,139,140,128;129,117,118,106,94,82,70,58,46,34,33,32,31,30,29,28,27,26,38,50,62,61,73;112,100,88,76,64,52,53
12:14,0,26,11,,,54|55:54|66:65|66:66|78:77|89:78|79:78|90:88|89:90|91:90|102:97|109:98|110:99|111:100|101:100|112:101|102:113|114:124|136:125|126:125|137;78,77,65,53,54,42,30,29,28,27,26;84,85,97;90,89,101,113,125,124,123,122,121,133,145,146,147,148,149,150,151,152,140,141,129,117,105,106,94,82,70,58,46,34,22,21,20,32,44,56,68,80,79,91,103,102;126,114,115,116,104,92,93,81,69,57,45,33;41,40,39,38,37,25,13,14,15,16,17,18,19,31,43,55,67,66;120,132,144,156,157,158,159,160,161,162,163,164,165,153,154,142,130,118;100,88,87,75,63,62,61,60;134,135,136,137,138,139,127,128;99,98,86,74,73,72;76,64,52,51,50,49,48,36,24,12,0,1,2,3,4,5,6,7,8,9,10,11,23,35,47,59,71,83,95,107,119,131,143,155,167,166;96,108,109,110,111,112
12:14,0,27,11,,,78|79:90|91:90|102:92|104:93|94:93|105:101|102:103|104:103|115:113|114:114|115:114|126:115|116:121|122:123|135:126|138:127|128:127|139:133|134:134|135:134|146:135|136:136|148:137|138:137|149;151,152,164,165,166,167,155,143,131,119,118,117;137,136,124,123;26,27,28,29,30,31,32,33,45,57,69,81;163,162,161,160,159,158,157,156,144,132,120,108,96,84,85,86,87,88,89,101,113,125,126,127,115;93,92,80,68,56,44,43,42,41,40,39,38,50;114,102,103,91,79,67,55,54,53,52,51;112,100,99,98,97,109,121,133,145,146;154,142,130,129,128,116,104,105,106,107,95,83,71,59,47,35,23,11,10,9,8,7,6,5,4,3,2,1,0,12,24,36,48,60,72,73,74,75,76,77;90,78,66,65,64,63,62,61,49,37,25,13,14,15,16,17,18,19,20,21,22,34,46,58,70,82,94;135,147,148,149,150,138,139,140,141,153;111,110,122,134
12:14,0,28,9,,,38|50:40|52:41|53:49|50:50|51:51|52:53|54:53|65:62|63:63|64:64|65:74|75:75|87:76|77:87|88:88|89:88|100:100|101:112|113:113|125:123|124:124|136:125|126:136|137:137|138:137|149;100,99,98,110,122,134,146,147,159,160,161,162,163,164,165,166,167;50,62,74,86,87;64,52,53;158,157,156,144,132,120,108,96,84,72,60,48,36,24,12,0,1,2,3,4,5,6,7,8,9,10,22,34,46,58,70,82,94,106,118,130,142,141,140,128,127,115,114,113,101,89,77,65,66,54,42,41,40,39,51,63,75,76,88;43,55,67,79,78,90,102,103,104,105,93,81,69,57,45,33,21,20,19,18,17,16,15,14,13,25;116,117,129;137,125,124,112,111,123,135,136,148,149,150,151,152,153,154,155,143,131,119,107,95,83,71,59,47,35,23,11;145,133,121,109,97,85,73,61,49,37,38,26,27,28,29,30,31,32,44,56,68,80,92,91;139,138,126
12:14,0,29,8,,,77|78:78|90:90|91:90|102:101|102:101|113:102|103:112|113:112|124:114|115:114|126:123|124:125|126:135|136:137|138:138|150;124,136,148;102,114,113,125,137,149,150,151,139;141,129,117,105,93,81,69,57,45,33,32,31,30,29,28,27,26,38;138,126,127,115,103,91,79,67,55,54,53,52,64,63,62,61,73,85,97,109,121,133,145;99,87,88,89,90;78,66,65,77,76,75,74,86,98,110,122,134,146,158,157,156,144,132,120,108,96,84,72,60;51,39,40,41,42,43,44,56,68,80,92,104,116,128,140,152,153,154,142,130,118,106,94,82,70,58,46,34,22,21,20,19,18,17,16,15,14,13,25,37;50,49,48,36,24,12,0,1,2,3,4,5,6,7,8,9,10,11,23,35,47,59,71,83,95,107,119,131,143,155,167,166,165,164,163,162,161,160,159,147,135,123,111,112,100,101
12:14,0,30,9,,,44|45:56|57:68|69:68|80:79|80:79|91:89|101:90|91:90|102:99|111:100|101:100|112:102|103:110|111:114|115:121|122:122|123:122|134:126|127:127|139:128|140:132|133:133|145:134|146:135|147:136|148:137|149:138|150:139|151:140|141:140|152;124,136,137,138,139,140;89,90,78,79,67,68,56,44,32,33,45,57,69,81,80,92,104,116,128,129,141,153,152,151,150,149,148,147,146,145,144,132,120,108,96,84,72,73,61,49,37,38,26,27;122,110,98,99,100,88,76,77,65,66,54,55,43,31,19,20,21,22,34,46,58,70,82,94,93,105,117,118,130,142,154;74,62,50,51,39,40,28,16,15,14,13,25,24,36,48,60;42,30,18,6,7,8,9,10,11,23,35,47,59,71,83,95;91,103,115,127;114,126,125;156,157,158,159,160,161,162,163,164,165,166,167,155,143,131,119,107,106;12,0,1,2,3,4,5,17,29,41,53,52,64,63,75,87,86,85,97,109,121,133,134,135,123,111,112,113,101,102
