8,0,1,6;22,30,38,46,54,53,52,51,50,49;37,45,44,43,42,41,33,25,17,16;0,1,2,3,11,19;20,12,4,5,6,7;27,28,29,21,13,14,15,23,31,39,47,55,63,62,61,60,59,58,57,56,48,40,32,24;8,9,10,18,26,34,35,36
8,0,2,5;38,30,29,28,27,35,34,42,50,51,59,60,61,62,63;58,57,56,48,40,32,24,16,17,9,10,11,12,13,14;43,44,52,53,54,55;49,41,33,25,26,18,19,20,21,22;36,37,45,46,47,39,31,23,15,7,6,5,4,3,2,1,0,8
8,0,3,4;9,10,18,26,34,35,36;28,27,19,11,3,2,1,0,8;16,17,25,33,41,49,50,51,52,53,54,46,38,30,22,14,13;42,43,44,45,37,29,21,20,12,4,5,6,7,15,23,31,39,47,55,63,62,61,60,59,58,57,56,48,40,32,24
8,0,4,5;63,62,61,60,59,58,57,56,48,40,32,24,16,8,0,1,2,3,4,5,6,14,22,21;7,15,23,31,30,29,28,20;18,19,27,35,36,37,38,39,47,55,54,53,52,51,50;46,45,44,43,42,34,26;49,41,33,25,17,9,10,11,12,13
8,0,5,5;9,8,16,24,32,40,48,56,57,58,59,51,43,35,36,28,20;21,29,37,45,44,52,60,61,62,63,55,47,39,31,23,15,7,6,5,4,3,2,1,0;50,42,34,26,27,19;12,13,14,22,30,38,46,54,53;49,41,33,25,17,18,10,11
8,0,6,4;63,55,47,46,45,53,52,51,50,49;13,12,11,10,9,17,16,24,32,40,48,56,57,58,59,60,61,62,54;39,38,37,36,44,43,42,41,33,25,26,18,19,20,21,22,14,6,5,4,3,2,1,0,8;7,15,23,31,30,29,28,27,35,34
8,0,7,4;21,13,12,11,10,9,17,25,33;61,60,59,58,57,56,48,40,32,24,16,8,0,1,2,3,4,5,6,14,22,30,29,28,20,19,18,26,34,42,43,44,45,46,47,55;7,15,23,31,39,38,37,36,35,27;63,62,54,53,52,51,50,49,41
8,0,8,4;41,49,50,51,52,53,54,46,38,30,22,14,13,12;9,17,25,33,34,42;35,43,44,45,37,29,21,20,19,11,3,4,5,6,7,15,23,31,39,47,55,63,62,61,60,59,58,57,56,48,40;36,28,27,26,18,10,2,1,0,8,16,24,32
8,0,9,4;35,36,28,29,21,13,5,4,3,2,1,0;12,11,10,9,8,16,24,32,40,48,56,57,58,59,60,61,62,63,55;18,17,25,33,41,49,50,51,52,53,54,46,47,39,31,23,15;7,6,14,22,30,38,37,45,44,43,42,34,26,27,19,20
8,0,10,4;49,50,51,43,35,27,28;41,42,34,26,18,19,20,21,29,37,36,44,52,60,59,58,57,56,48;54,46,38,30,22,14,13,12,11,10,9,17,25,33;45,53,61,62,63,55,47,39,31,23,15,7,6,5,4,3,2,1,0,8,16,24,32,40
8,0,11,5;21,29,28,27,35,43,44,52,60,59,58;51,50,42,34,26,18,19,20,12;6,7,15,23,31,39,47,55,63,62,61,53,45,37,36;57,49,41,33,25,17,9,10,11;54,46,38,30,22,14,13,5,4,3,2,1,0,8,16,24,32,40,48,56
8,0,12,4;50,42,43,44,45,37,29,28,27,26,25,17,9,1;49,41,33,34,35,36;60,61,62,63,55,47,39,31,23,15,14,13,12,11;7,6,5,4,3,2,10,18,19,20,21,22,30,38,46,54,53,52,51,59,58,57,56,48,40,32,24,16,8,0
8,0,13,4;48,49,50,42,34,26,27;7,15,23,31,39,47,55,63,62,61,60,52,44,45,37,29,21,13,12,11,10,9;40,32,24,16,8,0,1,2,3,4,5,6,14,22,30,38,46,54,53;41,33,25,17,18,19,20,28,36,35,43,51,59,58,57,56
8,0,14,4;50,42,34,35,36,28;18,19,20,21,29,37,45,44,43,51,59,60,61,62,63,55,47,39,31,23,15,7,6,5,4,3,2,1,0,8;56,48,40,32,24,16,17,9,10,11,12,13,14,22,30,38,46,54,53,52;27,26,25,33,41,49,57,58
8,0,15,5;47,55,63,62,61,60,59,58,57,56,48,40,32,24,16,17,18,19,20;7,15,23,31,39,38,37,45,44,43;27,26,25,33,41,49;30,22,14,6,5,4,3,2,1;0,8,9,10,11,12,13,21,29,28,36,35,34,42,50,51,52,53,54,46
8,0,16,5;27,35,43,51,50,49,41,33,25,17;42,34,26,18,10,9,8,16;12,13,14,22,30,38,46,54;24,32,40,48,56,57,58,59,60,52,44,36,28,20,19,11,3,2,1,0;4,5,6,7,15,23,31,39,47,55,63,62,61,53,45,37,29,21
8,0,17,5;27,35,36,37,38,46,54,53,52,60,59,58,57,56,48;42,34,26,18,19,20,28,29,30,31,39,47,55,63,62,61;14,13,12,11,10,9,17,25;33,32,24,16,8,0,1,2,3,4,5,6,7,15,23,22,21;40,41,49,50,51,43,44,45
8,0,18,4;39,47,55,63,62,61,60,59,58,57,56,48,40,32,24,16,8,0,1,2,10,18,26,34,42,43,44,45,37,29,21,22;9,17,25,33,41,49,50,51,52,53,54,46,38,30,31,23;6,5,4,3,11,19,27,35,36;28,20,12,13,14,15,7
8,0,19,4;56,57,58,59,60,61,62,63,55,47,39,31,23,15,7,6,5,4,12,20,21,29,37,45,44,43,42,41,33,25,17;9,8,16,24,32,40,48,49,50,51,52,53,54,46,38,30,22,14,13;0,1,2,10,18,26,34,35;3,11,19,27,28,36
8,0,20,4;55,63,62,61,53,45,37,36,35,43,51,50,49,41,33,25,17,18,19,20,21,22,14;47,39,31,23,15,7,6,5,13,12,11,10,9;4,3,2,1,0,8,16,24,32,40,48,56,57,58,59,60,52,44;54,46,38,30,29,28,27,26,34,42
8,0,21,5;60,61,62,63,55,47,39,31,23,15,7,6,5,4,3,2,1,0,8,16,17,18;48,40,32,24,25,26;54,46,38,30,22,14,13,12,11,10,9;41,33,34,35,27,19,20,21,29,37,45,53,52,51,59,58,57,56;49,50,42,43,44,36,28
8,0,22,5;30,22,14,13,12,11,10,9,8,16,24,32,40,48,56,57;35,43,51,52,53,54,55,63;49,41,33,25,17,18,19,20,21,29,37,38;36,28,27,26,34,42,50,58,59,60,61,62;0,1,2,3,4,5,6,7,15,23,31,39,47,46,45,44
8,0,23,4;6,5,13,21,29,37,45,44,43;0,8,9,10,11,19,27,26,25,33,41,49,50,51,52,53,54,46,38,30,22,14,15,7;18,17,16,24,32,40,48,56,57,58,59,60,61,62,63,55,47,39,31,23;1,2,3,4,12,20,28,36,35,34,42
8,0,24,4;13,14,22,30,29,28,27,35;36,37,38,39,31,23,15,7,6;54,53,52,51,50,49,41,33,25,17,9,10,11,12;5,4,3,2,1,0,8,16,24,32,40,48,56,57,58,59,60,61,62,63,55,47,46,45,44,43,42,34,26,18,19,20,21
8,0,25,4;35,36,28,20,21,22,23,31,39,47,55,63,62,61,60,59,58,57,56,48,40,32,24,16,8,0;27,19,11,12,13,14,15;1,9,17,25,33,41,49,50,51,52,53,54,46,38,30;7,6,5,4,3,2,10,18,26,34,42,43,44,45,37,29
8,0,26,4;63,62,61,60,59,58,50,42,34,26,27,28,29,21;0,1,2,3,4,5,6,7,15,23,31,39,47,46,45,44;57,56,48,40,32,24,16,8,9,10,11,12,13,14,22,30,38,37,36,35,43,51,52,53,54,55;20,19,18,17,25,33,41,49
8,0,27,5;53,52,51,43,35,27;54,62,61,60,59,58,57,49,41,33,25,17,9,10,11,12;21,20,19,18,26,34,42,50;56,48,40,32,24,16,8,0,1,2,3,4,5,6,7,15,23,31,39,38,37;63,55,47,46,45,44,36,28,29,30,22,14,13
8,0,28,4;0,1,2,3,4,5,6,7,15,23,31,39,47,55,63,62,61,60,52,44,36,28,27,26,34,42,50,49;41,40,32,24,16,8,9,10,11,12,13,14,22,30,38,46,54;48,56,57,58,59,51,43,35;53,45,37,29,21,20,19,18,17,25,33
8,0,29,5;1,9,17,25,33,34,42;26,18,10,11,12,13,21,29,37,45,53,61,62,63,55,47,39,31,23,15,7;0,8,16,24,32,40,48,56,57,58,59,60,52,44,36,28;41,49,50,51,43,35,27,19,20;54,46,38,30,22,14,6,5,4,3,2
8,0,30,4;34,26,18,19,20,21,29,37,45,53,54;27,35,43,51,59,58,57,56;28,36,44,52,60,61,62,63,55,47,39,31,23,15,7,6,5,4,3,2,1,0,8,16,24,32,40,48,49,50,42;46,38,30,22,14,13,12,11,10,9,17,25,33,41
9,0,1,5;47,48,39,40,31,22,21,20,19,10,1,2,3;49,50,41,32,23,14,15,16,25,34,43,52,61,70,69,68,67,66,65,64;46,55,56,57,58,59,60,51,42,33,24;11,12,13,4,5,6,7,8,17,26,35,44,53,62,71,80,79,78,77,76,75,74,73,72,63,54,45,36,37,38;30,29,28,27,18,9,0
9,0,2,6;55,46,37,38,39,30,21,22,23,32,41,50;18,19,10,11,12,13,14,15,16,25,34,43,52,61,70,69,68;54,63,72,73,74,75,66,57;31,40,49,48,47,56,65,64;45,36,27,28,29,20;24,33,42,51,60,59,58,67,76,77,78,79,80,71,62,53,44,35,26,17,8,7,6,5,4,3,2,1,0,9
9,0,3,5;40,31,22,23,24,25,26,17,8,7,6,5,4,3,2,1,0;16,15,14,13,12,21,30,39;52,61,70,69,68,67,66,65,64,55,46,37,28,19;80,71,62,53,44,43,42,51,60,59,58,57,56;35,34,33,32,41,50,49,48,47,38,29,20,11,10,9,18,27,36,45,54,63,72,73,74,75,76,77,78,79
9,0,4,5;24,23,22,21,20,19,28,37,46,45;67,58,49,50,51,60,69,78,79,80,71,62,53,44,35,26,17,8,7,6,5,4,3,2,1,0;73,74,75,76,77,68,59;72,63,64,65,66,57,48,39,40,41,42,43,52,61,70;54,55,56,47,38,29,30,31,32,33,34,25,16,15,14,13,12,11,10,9,18,27,36
9,0,5,6;40,31,30,21,12,11,10;34,43,52,61,70,69,68,67,66,65,64,55,46,37,28;47,56,57,58,59,60,51,42,33,24,15,16,17;9,0,1,2,3,4,13,22;38,29,20,19,18,27,36,45,54,63,72,73,74,75,76,77,78,79,80,71,62,53,44,35,26,25;8,7,6,5,14,23,32,41,50,49,48,39
9,0,6,5;20,29,28,27,36,45,54,63,72,73,74,75,76,77,78,79,70,61,52,43,34,25;18,19,10,11,12,21,30,39,38;47,48,49,40,31,22,13,4,3,2,1,0,9;37,46,55,64,65,66,67,68,69,60,51,42,33,24,15,16;56,57,58,59,50,41,32,23,14,5,6,7,8,17,26,35,44,53,62,71,80
9,0,7,5;71,70,69,60,51,42,41,40,49,58,67,76,75,74,73,72,63,54,45,36,27,18,9,0,1,2,3,4,5,6,7,8,17,26,35,44,53;33,32,31,30,39,48,57;64,55,46,37,28,19,10,11,12,13,14,15,16,25,34,43,52,61,62;80,79,78,77,68,59,50;24,23,22,21,20,29,38,47,56,65,66
9,0,8,4;40,31,22,21,20,19,18;46,55,64,65,66,67,68,69,70,61,52,43,34,25,16,15,14,13,12,11,10,9;27,28,29,30,39,48,49,50,41,32;23,24,33,42,51,60,59,58,57,56,47,38,37,36,45,54,63,72,73,74,75,76,77,78,79,80,71,62,53,44,35,26,17,8,7,6,5,4,3,2,1,0
9,0,9,4;40,41,32,23,14,15,16,25;34,43,52,61,70,69,68,67,66,65,64,55,46,37,28,19,10,11;24,33,42,51,60,59,58,57,56,47,38,29,20,21,12,3,2,1,0,9,18,27,36,45,54,63,72,73,74,75,76,77,78,79,80,71,62,53,44,35,26;50,49,48,39,30,31,22,13,4,5,6,7,8,17
9,0,10,5;28,29,38,47,56,57,58,59,60,51;40,31,32,23,14,13,12,11,10,9;30,39,48,49,50,41,42,33,24,15;22,21,20,19,18,27,36,45,54,63,72,73,74,75,76,77,78,79,80,71,62,53,44,35,26,17,8;0,1,2,3,4,5,6,7,16,25,34,43,52,61,70,69,68,67,66,65,64,55,46,37
9,0,11,4;57,58,59,60,51,42,33,24,23,22,21,20,19,18,9,0,1,2,3,4,5,6,7,8,17,26,35,44,53,62,71,80,79,78,77,76,75,74,65,64;66,67,68,69,70,61,52,43,34,25,16,15,14,13,12,11,10;56,47,48,49,50,41,32,31,30,29,28,27,36,45;73,72,63,54,55,46,37,38,39,40
9,0,12,5;57,66,75,76,77,78,79,80,71,62,53,44,35,26,17,8,7,6,5,4,3,2,1,0,9,18,27;64,55,46,37,28,29,30,31,32,41,50;67,68,69,70,61,52,43,34,25,16,15,14,13,12,11,10,19;48,49,58,59,60,51,42,33,24,23,22,21,20;36,45,54,63,72,73,74,65,56,47,38,39,40
9,0,13,6;49,48,47,38,29,20,11,10;27,36,45,54,63,72,73,74,75,76,77,78,79,70,61,52,43,42;46,37,28,19,18,9,0,1,2,3,4,5,6,7,8,17,26,25,24,23,22;80,71,62,53,44,35,34,33,32,31;64,65,66,67,68,69,60,51;16,15,14,13,12,21,30,39,40,41,50,59,58,57,56,55
9,0,14,5;40,41,42,43,34,25,16,7,6,5,4,3,2,1,0,9,18,27,36,45,54,63,72,73,74;51,52,53,44,35,26,17,8;80,71,62,61,60,59,50,49,48,39;79,70,69,68,67,58,57,56,47,38,29,30,31,32,33,24,15,14,13,12,11,10;23,22,21,20,19,28,37,46,55,64,65,66,75,76,77,78
9,0,15,5;60,51,52,43,34,25,16,15,14,13,12,11,20,19,18,9,0;10,1,2,3,4,5,6,7,8,17,26,35,44,53,62,61,70,69,68,67,66;37,38,39,30,21,22,23,24,33,42,41,50,59,58,57,56,65;71,80,79,78,77,76,75,74,73,72,63,54,45,36,27,28,29;64,55,46,47,48,49,40,31,32
9,0,16,6;24,25,26,35,44,53,62,71,80,79,78,69,60,51;0,9,18,27,36,37,46,55,64,65,66;20,21,30,39,48,49,50,59,68,77;34,33,32,23,14,15,16,17,8;7,6,5,4,3,2,1,10,19,28,29,38,47,56,57,58,67,76,75,74,73,72,63,54,45;70,61,52,43,42,41,40,31,22,13,12,11
9,0,17,5;72,63,54,55,56,57,58,59,50,41,32,31,30,29,20,11,2,3,4,5,6,7,8,17,26,35,44,53,62,71,80;13,14,15,16,25,34,43,52,61,70,79,78,77,76,75,74,73;1,0,9,18,27,36,45,46,47,48,49,40;39,38,37,28,19,10;12,21,22,23,24,33,42,51,60,69,68,67,66,65,64
9,0,18,6;16,15,24,23,22,31,40,39,48,57;56,47,38,29,30,21;43,52,61,70,69,78,77,76,75,74,73,72,63,54,45,36,27,18,9,0;68,59,60,51,42,33,34,25;4,3,2,1,10,19,28,37,46,55,64,65,66,67,58,49,50,41,32;79,80,71,62,53,44,35,26,17,8,7,6,5,14,13,12,11,20
9,0,19,5;65,56,47,38,39,40,31;20,21,22,23,24,33,42,51,60,59,58,67,76;32,41,50,49,48,57,66,75,74,73,72,63,54,45,36,27,18,9,0,1,2,3,4,5,6,7,8,17,26,35,44,53,62,71,80,79,78;19,10,11,12,13,14,15,16,25,34,43,52,61,70,69,68,77;64,55,46,37,28,29,30
9,0,20,6;54,55,46,37,28,19,10,11,12,13,14,15,16;40,41,42,43,52,61,70,69,68,77;45,36,27,18,9,0,1,2,3,4,5,6,7,8,17,26,25,24,23,22,21,20,29;76,67,58,59,60,51;64,65,56,47,38,39,30,31,32,33,34,35,44,53,62,71,80,79,78;50,49,48,57,66,75,74,73,72,63
9,0,21,5;62,53,44,35,26,17,8,7,6,5,4,3,2,1,0,9,18,27,36,45,54,55,64,65,66,67;71,80,79,78,69,60,51,42,41,32;56,47,46,37,28,19,10,11,12,13,14,15,16,25;30,31,40,49,50,59,68,77,76,75,74,73,72,63;70,61,52,43,34,33,24,23,22,21,20,29,38,39,48,57,58
9,0,22,5;64,55,46,37,28,19,10,11,12,13,14;38,47,56,65,74,73,72,63,54,45,36,27,18,9,0,1,2,3,4,5,6,15,16;43,52,61,70,79,78,77,76,75,66,57,48,39,30;29,20,21,22,31,40,49,58,67,68,69,60,51,42,33,34,35,44,53,62,71,80;7,8,17,26,25,24,23,32,41,50,59
9,0,23,5;9,18,27,36,45,54,63,72,73,74,75,76,77,78,79,80,71,62,53,44,35,34,33,42,51,60,59,58,57,56,47,38,29,20,11,2;0,1,10,19,28,37,46,55,64,65,66,67,68,69,70,61,52,43;39,40,31,22,13,14,15,16;48,49,50,41,32,23,24,25,26,17;8,7,6,5,4,3,12,21,30
9,0,24,6;72,73,74,75,76,77,78,79,80,71,62,61,60,51,42;47,48,49,50,41,32,33,34,43;20,11,2,3,4,5,6,7,8,17,26,35,44,53,52;16,25,24,23,22,31,40,39,38,37,46,55,56,57,58,59,68,69,70;15,14,13,12,21,30,29,28,19,10,1,0;67,66,65,64,63,54,45,36,27,18,9
9,0,25,6;49,48,47,38,29,20,11,10;16,25,24,23,14,13,12,21,30,39,40;80,71,62,53,44,43,42,41,50,59,58,57,56,55,46,37,28,19,18,9,0,1,2,3,4,5,6,15;7,8,17,26,35,34,33,32,31,22;51,60,69,68,67,66,65,64;27,36,45,54,63,72,73,74,75,76,77,78,79,70,61,52
9,0,26,6;40,31,22,23,24,25,26;42,51,60,59,58,57,66,65,64,63,54,45,36,27,18,9,0;72,73,74,75,76,77,78,79,80,71,62,53,44,35,34,33,32,41,50,49,48,47,38,29,20,11;56,55,46,37,28,19,10,1,2,3,4,5,6,7,8;39,30,21,12,13,14,15,16,17;43,52,61,70,69,68,67
9,0,27,5;67,66,65,64,55,46,47,48,39,40;38,37,36,45,54,63,72,73,74,75,76,77,78,79,80,71,62,53,44,35,26,17,8;20,21,22,23,32,41,50,49,58,57,56;31,30,29,28,27,18,9,0,1,2,3,4,5,6,7,16,25,34,43,52,61,70,69,68;19,10,11,12,13,14,15,24,33,42,51,60,59
9,0,28,5;48,49,40,41,42,43,34,25,16,17;13,12,11,10,19,18,27,36,45,54,63,72,73,74,75,76,77,78,79,80,71,62,61,60,59,58,57;50,51,52,53,44,35,26;8,7,6,15,24,33,32,31,30,39,38,47,56,65,66,67,68,69,70;9,0,1,2,3,4,5,14,23,22,21,20,29,28,37,46,55,64
9,0,29,6;20,29,28,37,46,55,54,63,72,73,74,75,76,77,78,79,80,71,62,53,52;70,61,60,59,58,49,40;48,57,66,67,68,69;9,0,1,2,3,4,5,6,7,8,17,26,35,44,43,42,33,24,23,22,21;51,50,41,32,31,30,39,38,47,56,65,64;34,25,16,15,14,13,12,11,10,19,18,27,36,45
9,0,30,5;22,21,20,19,28,37,46,55;72,73,74,75,66,57,48,39,40,31,32;41,50,49,58,67,76;23,24,33,42,51,60,59,68,77,78,79,80,71,62,53,44,35,26,17,8,7,6,5,4,3,2,1,0;69,70,61,52,43,34,25,16,15,14,13,12,11,10,9,18,27,36,45,54,63,64,65,56,47,38,29,30
10,0,1,6;95,94,93,92,91,90,80,70,71,72;73,63,62,61,60,50,40,30,20,10,0,1,2,3,4,5,6,7,8,9,19,29,39,49,48;81,82,83,84,85,86,96,97;88,78,68,67,66,56,46,36,35,34,33;87,77,76,75,65,55,45,44,43,42,32,22,23,24,25,26,27,37,47,57,58,59,69,79,89,99,98;74,64,54,53,52,51,41,31,21,11,12,13,14,15,16,17,18,28,38
10,0,2,6;99,98,97,96,95,94,93,92,82,72,62,52;21,20,10,0,1,2,3,4,5,6,7,8,9,19,29,39,49,59,69,79,89,88,87,86;22,23,24,25,26,27,37,47,57,67,66,65;85,84,83,73,63,53,54,55,56,46,36,35,34,33,32,31,30,40,50,60,70,80,90,91;81,71,61,51,41,42,43,44,45;11,12,13,14,15,16,17,18,28,38,48,58,68,78,77,76,75,74,64
10,0,3,6;0,10,20,30,31,32,33,34,44;65,64,63,62,52,51,50;60,61,71,81,82,83,84,85,86,87,88,78,68,58,48,38,28,18,17;36,46,56,66,76,75,74,73,72;77,67,57,47,37,27,26,16,15,14,13,12;40,41,42,43,53,54,55,45,35,25,24,23,22,21,11,1,2,3,4,5,6,7,8,9,19,29,39,49,59,69,79,89,99,98,97,96,95,94,93,92,91,90,80,70
10,0,4,6;71,81,82,83,84,74,64,54,44,43,33,23,24,25,26,36,46,56,66,76,86,87;9,19,29,39,49,59,69,79,89,99,98,97,96,95,85,75,65,55,45,35,34;72,62,61,60,70,80,90,91,92,93,94;51,50,40,30,20,10,0,1,2,3,4,5,6,7,8,18,28,38,48,58,68;32,22,12,13,14,15,16,17,27,37,47,57,67,77,78,88;11,21,31,41,42,52,53,63,73
10,0,5,6;18,17,27,26,36,46,56,66;44,54,64,74,84,85,86,87,88,78,68,58,48;14,13,12,11,21,31,41,51,61,71,81;5,4,3,2,1,0,10,20,30,40,50,60,70,80,90,91,92,82,72,62,52,42,32,22,23,24;28,38,37,47,57,67,77,76,75,65,55,45,35,25,15,16,6,7,8,9,19;34,33,43,53,63,73,83,93,94,95,96,97,98,99,89,79,69,59,49,39,29
10,0,6,5;22,21,31,41,51,61,71,81,82,83,84,85,86,87,88,78,68,58,48,38;5,6,7,8,9,19,29,39,49,59,69,79,89,99,98,97,96,95,94,93,92,91,90,80,70,60,50,40,30,20,10,11,12,13,23,33,32,42,52,62,72,73,74,75,76,77,67,57,47,37;18,17,16,15,25,35,45,55,54,53;0,1,2,3,4,14,24,34,44,43;28,27,26,36,46,56,66,65,64,63
10,0,7,6;77,76,75,74,73,83,82,81,71,61,60;68,78,88,87,86,85,84,94,93,92,91,90,80,70;72,62,63,64,65,55,56;66,67,57,58,48,38,28,18,17,16,15,14,13,12,11,21;36,35,34,33,43,42,41,40;50,51,52,53,54,44,45,46,47,37,27,26,25,24,23,22,32,31,30,20,10,0,1,2,3,4,5,6,7,8,9,19,29,39,49,59,69,79,89,99,98,97,96,95
10,0,8,5;66,65,64,63,62,52,42,32,22,23,24,25;37,38,39,49,59,69,79,89,99,98,97,96,95,94,93,92,91,90;67,57,56,55,54,53,43,33,34,35,36,26,27,28,29,19,9,8,7,6,5,4,3,2,1,0,10,20,30,40,50,60,70,80,81,82,83,84,85,86,87,88,78;44,45,46,47,48,58,68;77,76,75,74,73,72,71,61,51,41,31,21,11,12,13,14,15,16,17,18
10,0,9,7;44,43,42,41,51,61,71,81;77,76,75,65,55,54,53,63,73,83,93,94,95,96,97,98,99,89,79,69,59,49,39,29,19,9,8,7,6,5,4,3,2,1;67,66,56,46,36,26,25,24,23,22,21,20;64,74,84,85,86,87,88,78,68,58,57,47,37,27;45,35,34,33,32,31,30,40,50,60,70,80;90,91,92,82,72,62,52;0,10,11,12,13,14,15,16,17,18,28,38,48
10,0,10,7;26,16,6,7,8,9,19,29,39,49,59,69,79,89,99,98,97,96,95,94,93,92,91,90,80,70,60,50,40,30,20,10,0,1,2;14,24,34,44,45,46,47,57;3,4,5,15,25,35,36,37,27,17;33,43,53,63,64,65,75,76,77;12,11,21,31,41,51,61,71,81,82,83,84,85,86,87,88,78;54,55,56,66,67,68,58,48,38,28,18;13,23,22,32,42,52,62,72,73,74
10,0,11,5;7,8,9,19,29,39,49,59,69,79,89,99,98,97,96,95,85,75,76,77,67,57,47,46,45;28,27,26,25,24,23,22,32,42,52,62,72,73,74,84,94,93,92,91,90,80,70,60,50,40,30,20,10,0,1,2,3,4,5,6;83,82,81,71,61,51,41,31,21,11,12,13,14,15,16,17,18;86,87,88,78,68,58,48,38,37,36,35,34,44,54,55;56,66,65,64,63,53,43,33
10,0,12,6;73,83,93,94,95,96,97,98,99,89,79,69,59,49,39,29,19,9,8,7,6,5;3,4,14,15,16,17,18,28,38,48,58,68,78,88,87,86,85,84,74;40,50,60,70,80,90,91,92,82,72,62,63,64,65,66,56,46,36,35,34,33,32,22,21,11;2,12,13,23,24,25,26,27,37,47,57,67,77,76,75;81,71,61,51,52,53,54,55;45,44,43,42,41,31,30,20,10,0,1
10,0,13,6;11,10,20,30,40,41,42;44,43,53,52,51,50,60,70,80,90,91,92,93,94,95,96,97,98,99,89,79,69,59,49,39,29,19,9,8,7,6,5,4,3,2,1,0;21,31,32,33,34,35,45,55,54,64,63,73,72;12,22,23,24,25,26,36,46,56,66,65;27,37,47,57,67,77,76,75,74;62,61,71,81,82,83,84,85,86,87,88,78,68,58,48,38,28,18,17,16,15,14,13
10,0,14,7;16,15,14,13,12,11,21,31,41,51,61,71,70,80,90,91,92,93,94,95,96;35,34,33,43,53,63,73,83,84,85,86;60,50,40,30,20,10,0,1,2,3,4,5,6,7,8,9,19,29,39,49,48,47;18,28,38,37,36,46;45,44,54,64,74,75,76,77,87,97,98,99,89,79,69,59,58,57,56;17,27,26,25,24,23,22,32,42,52,62,72,82,81;88,78,68,67,66,65,55
10,0,15,8;88,87,86,76,66,56,46,45,44;42,41,40,50,60,70,80,90,91,92,93,94,95,96,97;69,59,49,39,29,19,9,8,7,6,5,4,3,2,1,0,10,20,30,31,32,33,43,53,63,64;52,62,72,73,74,75,65,55,54;98,99,89,79,78,77,67,57,47,37,36,35,34,24,23,22,21,11;16,17,18,28,38,48,58,68;51,61,71,81,82,83,84,85;12,13,14,15,25,26,27
10,0,16,6;83,82,81,71,61,51,41,31,32,22,23,24,25,26,36,46,56,66;19,29,39,49,59,69,79,89,88,87,86,85,84,74,73,63,53,54,44;9,8,18,28,38,48,58,68,78,77,76,75;10,0,1,2,3,4,5,6,7,17,27,37,47,57,67;64,65,55,45,35,34,33,43,42,52,62,72;99,98,97,96,95,94,93,92,91,90,80,70,60,50,40,30,20,21,11,12,13,14,15,16
10,0,17,7;56,55,54,44,43,42,32,31;9,19,29,39,49,59,69,79,89,99,98,97,96,95,94,93,92,91,90,80,70,71,72,73,74,75,76,77,67,57,47,37,27,17,16,15,5,4,3,2;46,36,26,25,24,14,13,12;41,51,52,53,63,64,65,66;6,7,8,18,28,38,48,58,68,78,88,87,86,85,84,83,82,81;0,1,11,21,22,23,33,34,35,45;10,20,30,40,50,60,61,62
10,0,18,6;84,74,64,54,44,45,46,36,26,16,6,5,4,3,2,1,0,10,20,30,40,50,60,70,80,90,91;85,75,65,55,56,57,47,37,27;7,8,9,19,29,39,49,59,69,79,78,77;17,18,28,38,48,58,68,67,66,76,86,87,88,89,99;98,97,96,95,94,93,92,82,81,71,61,51,41,31,21,11,12,13,14,15,25,35,34,33,43,53,63;24,23,22,32,42,52,62,72,73,83
10,0,19,7;33,43,53,63,73,72,71,70;80,81,82,83,84,74,64,54,55;87,88,78,68,58,48,49,39,29,19,9,8,7,6,5,4,3,13,12,11,21,31,41,51;44,45,46,36,26,27;14,24,23,22,32,42,52,62,61,60,50,40,30,20,10,0,1,2;56,66,65,75,85,95,94,93,92,91,90;59,69,79,89,99,98,97,96,86,76,77,67,57,47,37,38,28,18,17,16,15,25,35,34
10,0,20,6;33,32,22,21,11,1,2,3,4,5,6,7,8,9,19,29,39,49,59,69,79,89,99,98,97,96,95,85,84,83,82,81,71;0,10,20,30,40,50,51,52,53,54,55,45;36,35,34,44,43,42,41,31;94,93,92,91,90,80,70,60,61,62,63,64,65,66,56,46;77,67,57,47,37,27,26,25,24,23,13,12;14,15,16,17,18,28,38,48,58,68,78,88,87,86,76,75,74,73,72
10,0,21,7;31,21,11,12,13,14,15,16,17,18;48,58,68,78,88,87,86,85,84,74;23,22,32,42,41,51,61,71,81,82,83;9,19,29,28,27,26,25;24,34,35,36,37,38,39,49,59,69,79,89,99,98,97,96,95,94,93,92,91,90,80,70,60,50,40,30,20,10,0,1,2,3,4,5,6,7,8;33,43,44,45,46,47,57,67,77,76,75,65,64,63,73;72,62,52,53,54,55,56,66
10,0,22,6;41,31,21,22,23,24,25,26,27,37,47,57,67,77,87,86,85,84,74,64,65,55;81,71,61,51,52,42,43;73,83,93,94,95,96,97,98,99,89,79,69,59,49,39,29,19,9,8,7,6,5,4,3,2,1,0,10,20,30,40,50,60;32,33,34,35,36,46,56,66,76,75;11,12,13,14,15,16,17,18,28,38,48,58,68,78,88;70,80,90,91,92,82,72,62,63,53,54,44,45
10,0,23,6;30,20,10,0,1,2,3,4,5,6,7,8,18,28,38,48,58,68,78,88,87,86,85,84,83;91,81,71,61,62,63,53,43,33;45,35,25,15,14,13,12,11,21,31,41,40;90,80,70,60,50,51,52,42,32,22,23,24,34,44,54,55,56,46,36,26;9,19,29,39,49,59,69,79,89,99,98,97,96,95,94,93,92,82,72,73,74,64,65,66;75,76,77,67,57,47,37,27,17,16
10,0,24,5;27,28,38,48,58,68,78,88,87,86,85,84,74,64,63,53,43,33,32,31,30,40,50,60,70,80,90,91;41,42,52,62,72,73,83;22,23,24,34,44,54,55,65,75,76,77,67,57,47,37,36,26,16,17,18;10,0,1,2,3,4,5,6,7,8,9,19,29,39,49,59,69,79,89,99,98,97,96,95,94,93,92,82,81,71,61,51;66,56,46,45,35,25,15,14,13,12,11,21,20
10,0,25,8;96,97,98,99,89,79,78,68,58,57,56,46,36,35;54,55,65,66,67,77;11,21,31,41,51,61,71,81,82,83,84;33,23,13,3,4,5,6,7,8,9,19,29,39,49,59,69;38,28,18,17,16,15,14,24,34;88,87,86,76,75,74,64,63,53,43,44,45;48,47,37,27,26,25;73,72,62,52,42,32,22,12,2,1,0,10,20,30,40,50,60,70,80,90,91,92,93,94,95,85
10,0,26,7;73,83,82,81,71,70,60,50,40,30,20,10,0,1,2,3,4,5,6,7,8,9,19;18,17,16,15,14,24,23,33,43,44,54,55,56;80,90,91,92,93,94,95,85,75,65,66,67,57,47,46,45;25,26,27,28,29,39,49,59,69,79,89,88,87;84,74,64,63,53,52,42,32,22;99,98,97,96,86,76,77,78,68,58,48,38,37,36,35,34;72,62,61,51,41,31,21,11,12,13
10,0,27,6;18,17,16,15,14,13,23,33;24,34,35,36,37,47,57,67,66,65,64,63,62,61,60,50,40,30,20;11,12,22,32,42,43,44,45,46;81,82,83,84,85,86,87,88,78,68,58,48,38,28,27,26,25;77,76,75,74,73,72,71,70,80,90,91,92,93,94,95,96,97,98,99,89,79,69,59,49,39,29,19,9,8,7,6,5,4,3,2,1,0,10;21,31,41,51,52,53,54,55,56
10,0,28,4;90,80,70,60,50,40,30,20,10,0,1,2,12,22,32,42,52,62,72,82,83,84,85,86,87,88,78,68,58,59,49,39,29,19,9,8,7,17,27,37,36,46,56,66,65,64,54,44,34,24,14,15;69,79,89,99,98,97,96,95,94,93,92,91,81,71,61,51,41,31,21,11;5,4,3,13,23,33,43,53,63,73,74,75,76,77,67,57,47,48,38,28,18;55,45,35,25,26,16,6
10,0,29,5;84,85,75,76,77,67,57,47,37,27,26,25,24,23,22,21,20,30,40,50,60,70;90,91,92,82,72,62,52,42,43,44,45;80,81,71,61,51,41,31,32,33,34,35,36,46,56,55,54,53,63;10,11,12,13,14,15,16,17,18,28,38,48,58,68,78,88,87,86;0,1,2,3,4,5,6,7,8,9,19,29,39,49,59,69,79,89,99,98,97,96,95,94,93,83,73,74,64,65,66
10,0,30,6;89,99,98,97,96,95,94,93,92,91,90,80,70,60,50,40,30,20,10,0,1,2,3,4,5,6,7,8,9,19,29,28,27,26,25,24,23,22,32,42,52,62;81,82,83,84,85,86,76,66,65,64,54;18,17,16,15,14,13,12,11,21,31,41,51,61,71,72,73,74,75;63,53,43,33,34,35,36,37,38,39,49,59,69,79,78,88;55,56,57,67,77,87;68,58,48,47,46,45,44
11,0,1,7;70,59,48,49,50,51,62,73,74,75,86,97,108;60,71,82,81,80,69,58,47,36,37;18,19,20,31,42,53,64,63;40,39,38,27,16,5,4,3,14,13,12,23,34,45,56,67,78,89,100,101,102,103,104,105;61,72,83,94,93,92,91,90,79,68,57,46,35,24,25,26,15;52,41,30,29,28,17,6,7,8,9,10,21,32,43,54,65,76,87,98,109,120,119,118,107,96,85;2,1,0,11,22,33,44,55,66,77,88,99,110,111,112,113,114,115,116,117,106,95,84
11,0,2,8;9,10,21,32,31,30,29,18,17,16,15,14;13,12,23,34,45,56,67,68,69,70,71,72,83;60,59,58,57,46,35,24;48,47,36,25,26,27,28,39,40,51;88,89,100,101,102,91,80,81,82,93,94,95,84,73,62,61,50,49,38,37;53,64,75,86,97,108,119,118,117,116,115,114,113,112,111,110,99;20,19,8,7,6,5,4,3,2,1,0,11,22,33,44,55,66,77,78,79,90;92,103,104,105,106,107,96,85,74,63,52,41,42,43,54,65,76,87,98,109,120
11,0,3,7;104,93,94,83,84,73;64,75,86,97,108,107,118,117;50,39,40,41,42,43,32,21,10,9,8,7,6,5,4,3,2,1,0,11,22,33,44,55,66,77,88,99,110,111,112,113;20,31,30,29,28,27,38,49,60;36,47,58,69,80,81,82,71,72,61,62,51,52,53,54,65,76,87,98,109,120,119;63,74,85,96,95,106,105,116,115,114,103,92,91,90,79,68,57,46,35,24,25,26,37,48,59,70;102,101,100,89,78,67,56,45,34,23,12,13,14,15,16,17,18,19
11,0,4,6;63,64,53,42,31,20,19,18,17,16,15,14,13,12,23,34,45,56,67,78,79;116,117,118,119,120,109,98,87,86,85,84,83,72,61,50,49,48;52,41,30,29,28,27,26,25,24,35,46,57,68,69,80,91,90,89;97,96,95,94,93,82,71,60;21,10,9,8,7,6,5,4,3,2,1,0,11,22,33,44,55,66,77,88,99,110,111,112,113,114,115,104,105,106,107,108;100,101,102,103,92,81,70,59,58,47,36,37,38,39,40,51,62,73,74,75,76,65,54,43,32
11,0,5,7;0,11,22,33,44,55,66,77,88,99,110,111,112,113,114,115,116,117,118,119,120,109,98,97,96,95,84,83,72,61,50;94,93,92,91,90,79,68,57,46,35,24,13;82,81,80,69,58,47,36,25,14,15,16,17,18,19,20,31,42,53,52,63;2,3,4,5,6,7,8,9,10,21,32,43,54,65,76,87,86,85;64,75,74,73,62,51,40,39,38,49,60;108,107,106,105,104,103,102,101,100,89,78,67,56,45,34,23,12,1;71,70,59,48,37,26,27,28,29,30,41
11,0,6,8;50,39,40,29,18,19,20,31,42,53,64,75,86,97,108;104,105,106,107,96,85,74,63,52,41,30;67,56,45,34,23,12,13,2;58,47,36,25,14,3,4,5,6,7,8,9,10,21,32,43,54,65,76,87,98,109,120,119,118,117,116,115,114,113,112,111,110,99;83,82,81,80,69,68,57,46,35,24;51,62,61,60,49,38,27,28;78,79,90,91,92,93,94,95,84,73,72,71,70,59,48,37,26,15,16,17;1,0,11,22,33,44,55,66,77,88,89,100,101,102,103
11,0,7,8;84,83,72,61,50,49,38,27,26,25,24,35;110,111,112,113,114,115,116,117,118,119,120,109,98,87,76,65,54,43,32,21,10,9,8,7,6,5,4,3,2,1,0,11,22,33,44,45,46,47,58,69,70;55,56,57,68,79,80,81,82,71,60,59,48,37,36;92,91,90,89,78,67,66;17,18,19,20,31,42,53,64,75,86,97,108,107,106,105;39,40,51,62,73,74,85,96,95,94,93,104,103,102,101,100,99,88,77;34,23,12,13,14,15,16;28,29,30,41,52,63
11,0,8,6;71,70,59,48,49,50,51,40,29;96,95,94,93,92,81,80,69,58,47,36,37,38,39;28,27,26,25,24,35,46,57,68,79,90,91,102,103,104,105,106,107,108,97;111,110,99,88,77,66,55,44,33,22,11,0,1,2,3,4,5,6,7,8,9,10,21,32,43,54,65,76,75,74,73,72;64,53,42,31,20,19,18,17,16,15,14,13,12,23,34,45,56,67,78,89,100,101,112,113,114,115,116,117,118,119,120,109,98,87,86,85,84,83,82;60,61,62,63,52,41,30
11,0,9,6;83,72,73,74,85,96,107,118,117,116,115,114,113,112,111,110,99,88,77,66,55,44,33,22,11,0,1,2,3,4,5,6,7,8,9,10,21,32,43;27,26,25,24,35,46,57,68,79,90,91,92,93,94,95,84;106,105,104,103,102,101,100,89,78,67,56,45,34,23,12,13,14,15,16,17,28;70,59,48,49,50,51,52,41,30;81,80,69,58,47,36,37,38,39,40,29,18,19,20,31,42,53,54,65,76,87,98,109,120,119;82,71,60,61,62,63,64,75,86,97,108
11,0,10,5;108,107,106,105,104,103,102,101,100,89,78,67,56,45,34,23,12,13,14,15,16,17,28,39,50,61,60;19,8,9,10,21,32,43,42,53,52,63,74,85,84,83,82,81,80,69,58,47,36,37,38;20,31,30,41,40,51,62,73,72,71,70,59,48,49;27,26,25,24,35,46,57,68,79,90,91,92,93,94,95,96,97,86,75,64,65,54;76,87,98,109,120,119,118,117,116,115,114,113,112,111,110,99,88,77,66,55,44,33,22,11,0,1,2,3,4,5,6,7,18,29
11,0,11,6;32,31,30,29,28,27,26,25,36,47,58,69,80;95,84,83,82,93,104,103,102,101,100,89,78,67,56,45,34,23,12,1,2,3,4,5,6,7,8,9,10;0,11,22,33,44,55,66,77,88,99,110,111,112,113,114,115,116,117,118,119,120,109,98,87,76,65,54,43,42,41,40,51;49,60,71,72,73,74,85,96;21,20,19,18,17,16,15,14,13,24,35,46,57,68,79,90,91,92,81,70,59,48,37,38,39,50,61,62,63,52;94,105,106,107,108,97,86,75,64,53
11,0,12,8;19,18,29,40,51,62,73,72,71,60,49,38,27;26,37,48,59,70,81,82,83,84;20,31,30,41,52,63,74,85,96,95,94,93,92,91,90,89;54,65,76,87,98,109,120,119,118,117,116,115,114,113,112,111,110,99,88,77,78,67,68,57,46,35;66,55,56,45,34,23,24;61,50,39,28,17,16,15;44,33,22,11,12,13,14,25,36,47,58,69,80,79;100,101,102,103,104,105,106,107,108,97,86,75,64,53,42,43,32,21,10,9,8,7,6,5,4,3,2,1,0
11,0,13,7;104,105,106,107,108,97,86,75,64,53,42,31,20,19,18,29,40,51,62,73,84,83;70,59,60,61,50,39,28,17,6,5;72,71,82,81,92,103,102,101,100,89,78,67,56;91,90,79,68,57,46,45,34,23,12,13,14,25,26,37,48,49;7,8,9,10,21,32,43,54,65,76,87,98,109,120,119,118,117,116,115,114,113,112,111,110,99,88,77,66,55,44,33,22,11,0,1,2,3,4,15,16,27,38;80,69,58,47,36,35,24;30,41,52,63,74,85,96,95,94,93
11,0,14,7;112,101,100,89,78,67,56,45,34,23,12,13,14,15,16,17,18;10,21,32,43,54,65,76,87,98,109,120,119,118,117,116,115,114,113,102,91,90,79,68,57,46,35,36,37,38;24,25,26,27,28,39,50,49,48,47,58,69,80;111,110,99,88,77,66,55,44,33,22,11,0,1,2,3,4,5,6,7,8,9,20,31,42,41,52,63,74,85,96,95;72,71,82,93,94,105,106,107,108,97,86,75,64,53;19,30,29,40,51,62,73,84,83;104,103,92,81,70,59,60,61
11,0,15,6;83,72,71,70,69,58,57,56,45,34,23,12,13,14,15,16,17,18,19,20,21;100,89,90,91,92,93,94,95,84,73,62,61,60,59,48,47,46,35,24,25,26,27,28,29,30,31,32,43,54,65,76,87,98,109,120,119,118,117,116,115;96,85,74,63,52,51,50,49;113,114,103,104,105,106,107,108,97,86,75,64,53,42,41,40,39,38,37,36;10,9,8,7,6,5,4,3,2,1,0,11,22,33,44,55,66,67,68;102,101,112,111,110,99,88,77,78,79,80,81,82
11,0,16,7;120,109,98,87,76,75,74,73,84,95,94,93,92,91,90,79,68,57,58,59,48,37,38,39,40,41,30,31,20;35,24,25,26,27,28,29,18,19;42,53,52,51,50,49,60,71,70,69;86,97,108,119,118,117,116,115,114,113,112,111,110,99,88,77,66,55,44,33,22,11,0,1,2,3,4,5;36,47,46,45,34,23,12,13,14,15;85,96,107,106,105,104,103,102,101,100,89,78,67,56;16,17,6,7,8,9,10,21,32,43,54,65,64,63,62,61,72,83,82,81,80
11,0,17,6;41,30,29,28,39,38,49,60;58,47,36,25,14,15,4,5,6,7,8,9,10,21;69,80,81,82,83,84,73,62;52,63,74,85,96,95,94,93,92,91,90,79,68,57,46,35,24;42,53,64,75,86,97,108,107,106,105,104,103,102,101,100,89,78,67,56,45,34,23,12,13;3,2,1,0,11,22,33,44,55,66,77,88,99,110,111,112,113,114,115,116,117,118,119,120,109,98,87,76,65,54,43,32,31,20,19,18,17,16,27,26,37,48,59,70,71,72,61,50,51,40
11,0,18,7;24,25,36,47,58,69,80,91,92,103,104,105,106,107,108,109;60,71,72,83,84,85,86;37,38,39,40,51,52,63;110,99,88,77,66,55,44,33,22,11,0,1,2,3,4,5,16,17,18,19,20,31,42,53,64,75,74,73,62,61,50,49,48,59;41,30,29,28,27,26,15,14,13,12,23,34,35,46,57,68,79,90,101,102;6,7,8,9,10,21,32,43,54,65,76,87,98,97,96,95,94,93,82,81,70;45,56,67,78,89,100,111,112,113,114,115,116,117,118,119,120
11,0,19,8;94,105,116,115,114,113,112,111;20,31,42,41,52,63,74,85,96,95,106,117,118,119,120,109,98,87,76,65;80,69,58,59,60,61,50,39,28,17,18,19;107,108,97,86,75,64,53,54,43,32,21,10,9,8,7,6;0,1,2,3,4,5,16,27,38,49,48,47;30,29,40,51,62,73,72,71,70,81,92,91,90,79,68,57,46,35,36;25,24,23,34,45,56,67,78,89,100,101,102,103,104,93,82,83,84;37,26,15,14,13,12,11,22,33,44,55,66,77,88,99,110
11,0,20,5;55,66,77,88,89,100,101,102,103,104,105,106,107,108,97,86,75,64,53,42,31,20,19,18,17,16,15,14,13,12;56,67,78,79,90,91,92,93,94,95,96,85,74,63,52,41,40,39,50,61,72,71,70,59,58,47,36,35,34,33,22,11,0,1,2,3,4,5,6,7,8,9,10,21,32,43,54,65,76,87,98,109,120,119,118,117,116,115,114,113,112,111,110,99;23,24,25,26,37,48;30,29,28,27,38,49,60;51,62,73,84,83,82,81,80,69,68,57,46,45,44
11,0,21,6;27,28,39,40,41,52,63,74,85,96,107,118;11,12,23,34,45,56,67,78,89,100,101,102,103,104,105,94,83,72,61,60;22,33,44,55,66,77,88,99,110,111,112,113,114,115,116,117,106,95,84,73,62,51,50,49,38;0,1,2,13,24,35,46,57,68,79,90,91,92,93,82,71,70,59,48,37,26,15,16,17,18,19,20,21,32,43,54,65,76,87,98,109,120;119,108,97,86,75,64,53,42,31,30,29;10,9,8,7,6,5,4,3,14,25,36,47,58,69,80,81
11,0,22,7;79,68,57,46,35,36,37,38,39,28,29,30;60,71,82,83,94,95,96,85,74,63,52,53,54,65,76,87,98,109,120,119,118,117,116,115,114,113,112,111,110,99,88,77,66,55,44,33,22,11,0,1,2,3,4,5,6,7,8,9;72,61,50,49,48,47,58,69,80,91,90;59,70,81,92,93,104,105,106,107,108,97,86,75,64;84,73,62,51,40,41,42,43,32,21,10;31,20,19,18,17,16,27,26,25,24;15,14,13,12,23,34,45,56,67,78,89,100,101,102,103
11,0,23,7;33,44,55,66,77,88,99,110,111,112,113,114,115,116,117,118,119,120,109,98,87,76,65,54,43,32,21,10,9,8,7,6,17,28,39,50,61;34,45,56,67,78,79,90;84,83,82,81,70,59,58,47,36;30,41,52,51,62,73,72,71,60,49,48,37,26,15,14,13,12,23,22;38,27,16,5,4,3,2,1,0,11;89,100,101,102,103,104,105,106,107,108,97,86,75,64,53,42,31,20,19,18,29,40;25,24,35,46,57,68,69,80,91,92,93,94,95,96,85,74,63
11,0,24,7;20,31,42,41,40,39,38,37,48;104,115,114,113,112,111,110,99,88,77,66,67,56,45,34,23,12,13,14,15,16,17,18;55,44,33,22,11,0,1,2,3,4,5,6,7,8,9,10,21,32,43,54,65,76,87,98,109,120,119,118,117,116,105,94,83,82;19,30,29,28,27,26,25,36,47,58,69;90,91,80,81,70,59,60,61,62,63,74,85,96;93,92,103,102,101,100,89,78,79,68,57,46,35,24;71,72,73,84,95,106,107,108,97,86,75,64,53,52,51,50,49
11,0,25,6;50,49,48,59,58,57,56,55,44,33,22,11,0,1,2,3,4,5,6,7,8,9,10,21,32,43,54,65,76,87,98,109,120,119,118,117;72,83,82,81,92,103,114,113,112,111,110,99,88,77;90,79,68,69,70,71,60,61;115,104,93,94,95,96,85,74,63,52,41,30,29,28,27,26,25,24,35;84,73,62,51,40,39,38,37,36,47,46,45,34,23,12,13,14,15,16,17,18,19,20,31,42,53,64,75,86,97,108,107,106,105,116;80,91,102,101,100,89,78,67,66
11,0,26,7;10,21,32,43,54,65,76,87,98,109,120,119,118,117,116,115,114,113,112,111,110,99,88,77,66,55,44,33,22,11,0,1,2,3,4,15,26;40,41,52,63,74,85,84,83,82,81,80,79,68,57;24,35,46,47,58,59,60,61,50,39,28,17,18,19,20;29,30,31,42,53,64,75,86,97,96,95,94,93,92,91,90;69,70,71,72,73,62,51;49,48,37,36,25,14,13,12,23,34,45,56,67,78,89,100,101,102,103,104,105,106,107,108;38,27,16,5,6,7,8,9
11,0,27,7;28,17,6,5,4,3,2,1,0;110,111,112,113,114,115,116,117,118,119,120,109,98,87,76,65,54,43,32,21,10,9,8,7,18,29,40,39,38,27;96,85,74,63,64,53,42,31,20,19;59,60,61,62,73,84,95,94,93,82,81,80,79,68,57,46,35,24,13,12,11,22,33,44,55,66,77,88,99,100,101,102;23,34,45,56,67,78,89,90,91,92,103,104,105,106,107,108,97,86,75;30,41,52,51,50,49,48,37,26,15,16;14,25,36,47,58,69,70,71,72,83
11,0,28,6;5,6,7,8,9,10,21,32,43,54,65,76,87,98,109,120,119,118,117,116,115,114,113,112,111,110,99,88,89,90,91,92,93,94,95,96,85,74,63,52,41,30,29,28,27,26,15;24,35,46,47,48,59,60;58,57,56,45,34,23,12,13,2,3,4;16,17,18,19,20,31,42,53,64,75,86,97,108,107,106,105,104,103,102,101,100;1,0,11,22,33,44,55,66,77,78,79,80,81,82,83,84,73,62,51,40,39;67,68,69,70,71,72,61,50,49,38,37,36,25,14
11,0,29,8;100,101,90,79,68,57,58,47,36;119,118,117,116,115,104,93,94,83,72,61,50,49,38;120,109,108,107,96,85,74,63,52,41,30,29;60,71,82,81,92,103,114,113,112,111,110,99,88,77,66,55,44,33,22,11,0,1,2,3;4,15,14,13,12,23,34;97,86,75,64,53,42,31,20,19,18,17,28,39,40,51,62,73,84,95,106,105;89,78,67,56,45,46,35,24,25;102,91,80,69,70,59,48,37,26,27,16,5,6,7,8,9,10,21,32,43,54,65,76,87,98
11,0,30,6;3,4,5,6,7,8,9,10,21,32,43,54,65,76,87,98,109,120,119,118,117,116,115,114,113,112,111,110,99,88,89,90,91,92,93,82,71,72,61,50,51,52,41,30,29,28,27,26,37,48,47,58,69,68,67,56,45,34,23,12,11;86,97,108,107,106,105,104,103,102,101,100;40,39,38,49,60,59,70,81,80,79,78,77,66,55,44,33,22;94,83,84,73,62,63;0,1,2,13,24,35,46,57;95,96,85,74,75,64,53,42,31,20,19,18,17,16,15,14,25,36
12,0,1,8;6,7,8,9,10,11,23,35,47,59,71,83,95,107,119,131,130,129,128,127,126,125,124,123,122,121,109,97,85,73,61,49,37,25,13,14,15,16;89,77,65,66,54,42,30,18,17,5,4,3,2,1,0,12,24,36,48,60,72,84,96,108,120,132,133,134,135,136,137,138,139,140,141,142,143;19,31,43,55,67,79,78,90;88,76,64,52,53,41,29;92,80,68,56,44,32,20,21,22,34,46,58,70,82,94,106,118,117,116,115,114,102,101,100;91,103,104,105,93,81,69,57,45,33;110,98,86,74,62,50,38,26,27,28;113,112,111,99,87,75,63,51,39,40
12,0,2,7;58,46,34,22,21,20,19,18,17,16,28,40,52,64,76,88;24,25,37,49,61,73,85,97,109,121,122,123,124,125,113,101,89,77,65,53,41,29,30,31,32,33,45,57,56,55,67,79,91,103,115,127,139,140,141,142,143,131,119,107;117,105,93,81,82,70;100,99,87,75,63,51,39,27,15,14,13,12;0,1,2,3,4,5,6,7,8,9,10,11,23,35,47,59,71,83,95,94,106,118,130,129,128,116,104,92,80,68,69;36,48,60,72,84,96,108,120,132,133,134,135,136,137,138,126,114,102,90,78,66,54,42,43,44;112,111,110,98,86,74,62,50,38,26
12,0,3,7;130,129,128,127,126,114,113,112,100,88,76,64,52,53,54,55,43,31,19,20;58,70,82,94,93,92,91,90;21,9,10,11,23,35,47,59,71,83,95,107,106,105,104;99,87,75,63,51,39,40,41,42,30,18,6,7,8;125,124,123,122,121,109,97,85,73,61,49,37,25,13,14,15,16;22,34,46,45,57,69,81,80,79,78;33,32,44,56,68,67,66,65,77,89,101,102,103,115,116,117,118,119,131,143,142,141,140,139,138,137,136,135,134,133,132,120,108,96,84,72,60,48,36,24,12,0,1,2,3,4,5,17,29,28,27,26,38,50,62,74,86,98,110,111
12,0,4,7;78,77,76,64,52,40,28,16,15,14,13,25,24,36,48,60,72,84,96,108,120,132,133,134,135,136,137,138,139,140,141,142,143,131;99,100,101,102,103,104,92,93,81,69,57,45,33,32,20;39,51,50,62,74,86,98,110,111,112,113,114,115,116,117,105,106,94,82,70,58,46,34,22,21;44,56,68,80,79,91,90,89,88,87,75,63;67,66,65,53,41,29,17;27,26,38,37,49,61,73,85,97,109,121,122,123,124,125,126,127,128,129,130,118,119,107,95,83,71,59,47,35,23,11,10,9,8,7,19,31,43;55,54,42,30,18,6,5,4,3,2,1,0,12
12,0,5,8;45,57,69,81,93,105,117,129,128,140,139,138,126,125,124,123,122,121,109,97,85,73,61,49,37,25,13;127,115,116,104,92,80,79,78,77,65,53,54,42;66,67,55,43,31,19,7,8,9,10,11;114,113,112,111,110,98,86,74,62,50,38,26,14,15,16,17;130,118,106,94,82,70,58,46,34,33,32,44,56,68;141,142,143,131,119,107,95,83,71,59,47,35,23,22,21,20;137,136,135,134,133,132,120,108,96,84,72,60,48,36,24,12,0,1,2,3,4,5,6,18,30,29,28,27,39,51,63,75,87,99,100,101,102,103;41,40,52,64,76,88,89,90,91
12,0,6,8;127,115,103,102,101,89,77,65,66,67,68,56,57,45,33,32,20,19,18,17;42,41,40,39,51,63,75,87,99,111,123,124,125;93,105,117,129,141,142,143,131,119,107,95;31,30,29,28,27,26,38,50,62,74,86,98,110,122;130,118,106,94,82,83,71,59,47,35,23,11,10;78,90,91,92,104,116,128,140,139,138,137,136,135,134,133,121,109,97,85,73,61,49,37,25,13,14,15,16;126,114,113,112,100,88,76,64,52,53,54,55,43,44;132,120,108,96,84,72,60,48,36,24,12,0,1,2,3,4,5,6,7,8,9,21,22,34,46,58,70,69,81,80,79
12,0,7,7;104,92,91,79,67,55;94,106,118,130,129,128,140,139,138,137,136,135,134,133,132;78,66,65,53,41,29,30,31,32,33,45,57,69,70,82;13,25,37,49,61,73,85,97,109,110,111,112,124,125,126,127;54,42,43,44,56,68,80,81,93,105,117,116,115,114,113,101,100,99,98,86,74,62,50,38,26,14,2,1,0,12,24,36,48,60,72,84,96,108,120,121,122,123;88,87,75,63,51,39,27,15,3,4,5,6,7,8,9,10,11,23,35,47;103,102,90,89,77,76,64,52,40,28,16,17,18,19,20,21,22,34,46,58,59,71,83,95,107,119,131,143,142,141
12,0,8,7;21,9,10,11,23,35,47,46,45,44,43,31,30,29,41,53,65,66,67,79,80,81,93,105,117,129,141,142;115,127,126,125,124,123,122,121,120,108,96,84,72,60,48,36,24,12,0,1,2,3,4,5,6,7,8;26,38,50,62,74,86,98,99,100,101;89,88,87,75,63,51,39,27,15,14,13,25,37,49,61,73,85,97,109,110,111,112,113,114,102,103;143,131,130,118,106,94,82,70,69,68,56,55,54,42;119,107,95,83,71,59,58,57;22,34,33,32,20,19,18,17,16,28,40,52,64,76,77,78,90,91,92,104,116,128,140,139,138,137,136,135,134,133,132
12,0,9,7;117,105,93,94,82,70,58,57,56,55,54,66,78,90,102,114,113;81,80,92,104,116,128,129,130,118,106;38,50,62,61,73,85,97,109,121,133,134,135,136,137,138,126,127,115,103,91,79,67,68,69;139,140,141,142,143,131,119,107,95,83,71,59,47,46,45,44,43,42,41,53,65,77,89,101,100,112;111,99,87,88,76,64,52,40,28,29,30,31,32,33,34,35,23,11,10,9,8,7,6,5,4,3,2,1,0,12,24,36;132,120,108,96,84,72,60,48,49,37,25,13,14,15,16,17,18,19,20,21,22;125,124,123,122,110,98,86,74,75,63,51,39,27,26
12,0,10,8;110,111,112,113,101,89;90,78,77,76,88,100,99,98,97,109,121,122,123,124,125,126,127,128,129,130,118,119;39,40,41,42,43,55,67,79,91;102,103,104,92,80,68,56,44;107,95,83,71,59,47,35,23,11,10,9,8,7,6,5,4,3,2,1,0,12,24,36,48,60,72,73,74,75,87;131,143,142,141,140,139,138,137,136,135,134,133,132,120,108,96,84,85,86;65,64,63,62,61,49,37,25,13,14,15,16,17,18,19,20,21,22,34,46,58,70,82,94,106,105,117,116,115,114;93,81,69,57,45,33,32,31,30,29,28,27,26,38,50,51,52,53,54,66
12,0,11,9;22,34,33,32,31,30,42,54,66,78,90,91,92,104,116,115,114,113,125,124,123,122;126,138,137,136,135,134,133,121,109,110,111,112,100,88,87,86,74,62,50,38,26,14,13;64,52,40,28,16,4,5,6,7,8,9,10,11,23,35,47,46,45;44,43,55,67,68,69,70,82,94,106,118,130;128,129,117,105,93,81,80,79;21,20,19,18,17,29,41,53,65,77,89,101,102,103;99,98,97,85,73,61,49,37,25;56,57,58,59,71,83,95,107,119,131,143,142,141,140,139,127;132,120,108,96,84,72,60,48,36,24,12,0,1,2,3,15,27,39,51,63,75,76
12,0,12,7;55,54,53,41,29,28,16,15,14;27,39,51,63,62,74,86,98,110,111,112,113,114,115,116,117,118,119,131,143,142,141,140,139,138,137,136,135,134,133,132,120,108,96,84,72,60,48,36,37,25,13;32,33,45,57,69,81,80,79,78,77,76,75,87,99,100,101,102,103,104,105,106,107,95,83,71,59,47,35,23,11,10,9,8,7,6;43,42,30,18,17,5,4,3,2,1,0,12,24;88,89,90,91,92,93,94,82,70,58,46,34,22,21,20,19,31;26,38,50,49,61,73,85,97,109,121,122,123,124,125,126,127,128,129,130;44,56,68,67,66,65,64,52,40
12,0,13,7;136,135,134,133,121,109,97,85,73,61,49,37,25,13,14,15,27,39,51,63,75,76,77,89,90,91,79,67,55;54,42,30,18,19,20,21,22,34,46,58,70,82,94,106,118,130,129,128,127,126,138,137;132,120,108,96,84,72,60,48,36,24,12,0,1,2,3,4,16,28,40,52,64,65,66,78;26,38,50,62,74,86,87,88,100,101,102,103,104,92,80,68,56,44,43;139,140,141,142,143,131,119,107,95,83,71,59,47,35,23,11,10,9,8,7,6,5,17,29,41,53;31,32,33,45,57,69,81,93,105,117,116,115,114,113,112,111,99;125,124,123,122,110,98
12,0,14,7;22,21,20,32,44,43,42,41,40,39,51,63,75,87,99,111,112,113,114,115,116,128,140,139,138,137,136,135,134,133,132,120,108,96,84,72,60,48,36,24,12,0,1,2,3;127,126,125,124,123,122,110,98,86,74,62,50,38,26,27,28,29,30,18,6,5,4;33,45,57,56,55,54,53,52,64,76,88,100,101,102,103,104,105,106,118,130;46,58,70,69,68,67,66,65,77,89,90,91,92,93,94,95,107,119,131,143,142,141,129,117;23,11,10,9,8,7,19,31;121,109,97,85,73,61,49,37,25,13,14,15,16,17;78,79,80,81,82,83,71,59,47,35,34
12,0,15,7;66,78,90,89,88,87,86,98,110,111,123,135,134,133,132,120,108,96,84,72,60,48,36,24,12,0,1,2;99,100,101,102,103,91,79,67,55;125,126,127,128,129,130,118,106,94,82,70,58,46,34,22,10;65,77,76,75,74,62,50,38,26,27,28,16,17,18,19,20,32;64,52,53,54,42,43,44,56,68,80,92,104,116,115,114,113,112,124,136,137,138,139,140,141,142,143,131,119,107,95,83,71,59,47,35,23,11;31,30,29,41,40,39,51,63;117,105,93,81,69,57,45,33,21,9,8,7,6,5,4,3,15,14,13,25,37,49,61,73,85,97,109,121,122
12,0,16,8;117,116,115,114,113,112,100,88,76;108,96,84,72,60,48,36,24,25,13,14,15,16,17,29,30,31,32,33,45,57;75,63,64,52,40,41,42,43,44,56,68,69,70,58,46,34,22,21,20,19,18;67,79,80,81,82,83,71,59,47,35,23,11,10,9,8,7,6,5,4,3,2,1,0,12;120,132,133,134,135,136,137,138,139,140,141,142,143,131,119,107,95,94,93,92,91,90,78,66,54,55;87,99,111;53,65,77,89,101,102,103,104,105,106,118,130,129,128,127,126,125,124,123,122,110,98,86,74,62,50,51,39,27,28;121,109,97,85,73,61,49,37,38,26
12,0,17,9;109,121,122,123,124,125,126,127,128,129,117,105,93,81,69,57,45,44,43;6,5,4,3,2,1,0,12,24,36,48,60,61,62,74,86,87,99,100,101,102,103,91,79,67,66;77,65,64,52,40,39,38;54,42,30,18,17,16,15,14,13;130,118,106,94,82,70,58,46,34,33,32,31,19,7,8,9,10,11;55,56,68,80,92,104,116,115,114,113,112,111,110,98,97,85,73;25,26,27,28,29,41,53;72,84,96,108,120,132,133,134,135,136,137,138,139,140,141,142,143,131,119,107,95,83,71,59,47,35,23,22,21,20;37,49,50,51,63,75,76,88,89,90,78
12,0,18,7;27,28,29,30,31,32,44,56,68,80,92,104,103,102,101,113,112,111,110;13,25,37,49,50,62,74,86,87;75,63,64,65,77,89,90,91,79,67,55,43,42,41,40,39,38,26,14,15,16,17,18,19,20,21,33,45,57,69,81,93,105,117,116,115,114;72,84,96;76,88,100,99,98,97,85,73,61,60,48,36,24,12,0,1,2,3,4,5,6,7,8,9,10,11,23,35,47,59,71,83,95,107,119,131,143,142,141,140,139,138,137,136,135,134,133,132,120,108;22,34,46,58,70,82,94,106,118,130,129,128,127,126,125,124,123,122,121,109;78,66,54,53,52,51
12,0,19,9;98,86,87,88,89,77,65,64,63,51,39,27,15,16;105,117,129,128,127,126,125;116,104,92,93,94,106,118,130,142,141,140,139,138,137,136,135,134,133,132;97,85,73,74,75,76;19,20,21,22,34,46,58,70,82,81,80,79,91,103,115,114,113,112,124,123,122,121,120;61,62,50,38,26,14,2,1,0,12,24,36;3,4,5,17,29,28,40,52,53,54,55,56,44;143,131,119,107,95,83,71,59,47,35,23,11,10,9,8,7,6,18,30;41,42,43,31,32,33,45,57,69,68,67,66,78,90,102,101,100,99,111,110,109,108,96,84,72,60,48,49,37,25,13
12,0,20,7;6,18,30,42,43,44,56,68,80,92,104,103,115,114,113;4,5,17,29,41,53,54,55,67,79,91,90,89,88,87,99,111,123,122,121,109,97,85,73,61,49;142,143,131,119,107,95,83,71,59,47,35,23,11,10,9,8,7,19,31,32;102,101,100,112,124,125,126,127,128,116,117,105,93,81,69,57,45,33,21,20;3,15,16,28,40,52,64,65,66;22,34,46,58,70,82,94,106,118,130,129,141,140,139,138,137,136,135,134,133,132,120,108,96,84,72,60,48,36,24,12,0,1,2,14,26,27,39,51,63,75,76,77,78;13,25,37,38,50,62,74,86,98,110
12,0,21,8;39,51,63,75,87,86,85,84,96,108,120,132,133,134,135,136,137,138;127,128,129,130,118,106,94,82,70,58,46,34,33,32,31;61,49,37,25,13,14,15,16,17;102,103,91,79,67,66,65,64,52,40,28,27,26,38,50,62,74,73,72,60,48,36,24,12,0,1,2,3,4,5,6,7,8,9,10,11;122,110,111,112,113,101,89,90;139,140,141,142,143,131,119,107,95,83,71,59,47,35,23,22,21,20,19,18,30,42,43,44,45,57,69,81,93,105,117,116,115,114,126,125,124,123;78,77,76,88,100,99,98,97,109,121;104,92,80,68,56,55,54,53,41,29
12,0,22,8;138,139,140,128,116,104,92,91,90;137,136,135,134,133,132,120,108,96,84,72,60,48,36,24,12,0,1,2,3,4,5,6,7,8,20,32;131,143,142,141,129,117,105,93,81,80,79,78;31,30,29,28,27,26,38,50,62,74,86,98,110,111,112,113,114,126;127,115,103,102,101,100,88,76,64,52,53,54,55,56,57,58,46,34,22;89,77,65,66,67,68,69,70,82,94,106;19,18,17,16,15,14,13,25,37,49,61,73,85,97,109,121,122,123,124,125;130,118,119,107,95,83,71,59,47,35,23,11,10,9,21,33,45,44,43,42,41,40,39,51,63,75,87,99
12,0,23,8;99,100,101,89,77,78,79,91,92,104;41,40,39,51,63,75,74,73,61,49,37,25,13,14,15,16,17,18,19,20,21,22,34,46,58,70,82,94,106,118,130,129,128,127,126,114,102,90;103,115,116,117,105,93,81,69,57,56,44,43,42;113,125,137,138,139,140,141,142,143,131,119,107,95,83,71,59,47,35,23,11,10,9,8,7,6,5,4,3,2,1,0,12,24,36,48,60,72;84,96,108,120,132,133,134,135,136,124,112,111,110,98,86,87,88,76,64,65,66;85,97,109,121,122,123;45,33,32,31,30,29,28,27,26,38,50,62;52,53,54,55,67,68,80
12,0,24,6;123,111,110,98,86,74,62,50,38,26,27,28,29,30,31,32,33,34;104,92,80,68,67,66,54,53,52,64,76,88,89,101,113,125,137,136,135,134,122,121,109,97,85,73,61,49,37,25,13,14,15,16,17,18,19,20,21,22;44,45,46,58,70,82,94,106,118,130,129,128,127;65,77,78,79,91,103,115,116,117;90,102,114,126,138,139,140,141,142,143,131,119,107,95,83,71,59,47,35,23,11,10,9,8,7,6,5,4,3,2,1,0,12,24,36,48,60,72,84,96,108,120,132,133;124,112,100,99,87,75,63,51,39,40,41,42,43,55,56,57,69,81,93,105
12,0,25,6;48,60,72,84,96,108,120,121,122,123,124,125,126,127,128,129,130,118,106,94,82,70;13,14,15,27,39,51,63,75,87,88,89,90,91,79,67,55,43,31,32,33,34;10,22,21,20,19,18,30,42,54;132,133,134,135,136,137,138,139,140,141,142,143,131,119,107,95,83,71,59,58,57,69,81,93,105,117,116,115,114,113,112,111,110,109,97,85,73,61,49,37,36,24,12,0,1,2,3,4,16,28,40,52,64,76,77,78;25,26,38,50,62,74,86,98,99,100,101,102,103,104,92,80,68,56,44,45,46,47,35,23,11;9,8,7,6,5,17,29,41,53,65,66
12,0,26,7;65,64,52;32,33,45,57,69,81,93,105,117,116,115,114,113,112,111,99,87,75,63,51;7,6,18,30,42,41,40,39,38,50,62,74,86,98,110,122,123,124,125,126,127,128,129,130,118,106,94,82,70,58,46,34,22,21;20,19,31,43,44,56,68,80,92,104,103,102,101,100,88,76,77,78,66,54,53;16,15,14,13,25,37,49,61,73,85,97,109,121,133,134,135,136,137,138,139,140,141,142,143,131,119,107,95,83,71,59,47,35,23,11,10,9,8;132,120,108,96,84,72,60,48,36,24,12,0,1,2,3,4,5,17,29,28,27,26;55,67,79,91,90,89
12,0,27,9;25,24,12,0,1,2,3,4,5,6,7,8,9,10,11,23,35,47,59,71,83,95,107,119,131,143,142,141,140,139,138,137,125,113,101,100,99,98,86;13,14,15,16,17,29,41,53,54,55,43,31,32,33,45,57,69,81,93,105,117,116,115,103;39,38,37,36,48,60,72,84,96,108,120,121,122,123,111;62,63,64,65,66,67,68,56,44;102,114,126,127,128,129,130,118,106,94,82,70,58,46,34,22,21,20,19,18,30,42;91,90,89,88,87,75,74;112,124,136,135,134,133,132;76,77,78,79,80,92,104;26,27,28,40,52,51,50,49,61,73,85,97,109,110
12,0,28,8;89,77,65,53,52,40,28,16,15,14,13,25,37,49,61,73,85;86,98,97,96,84,72,60,48,36,24,12,0,1,2,3,4,5,6,7,8,20,32,44,56,68,69;26,38,50,62,74,75,87,99,111,110,109,108,120,132,133,134,135,136,137,138,139,140,141,142,143,131,119,107,95,83,71,59,47,35,23;11,10,9,21,33,45,57;91,90,78,66,54,42,41,29,17,18,19;22,34,46,58,70,82,94,106,118,130,129,128,127,126,125,124,123,122,121;112,113,114,115,116,117,105,93,81,80,79,67,55,43,31,30;27,39,51,63,64,76,88,100,101,102,103,104,92
12,0,29,5;120,132,133,134,135,136,137,138,139,140,141,142,143,131,119,107,95,83,71,59,47,35,23,11,10,9,8,7,6,5,17,29,41,53;65,64,52,40,28,16,4,3,2,1,0,12,24,36,37,49;13,14,15,27,39,51,63,75,76,88,89,90,91,79,67,55,43,31,32,33,45,57,69,81,93,105,117,116,115,114,113,112,111,110,98,97,85,73,61;77,78,66,54,42,30,18,19,20,21,22,34,46,58,70,82,94,106,118,130,129,128,127,126,125,124,123,122,121,109,108,96,84,72,60,48;25,26,38,50,62,74,86,87,99,100,101,102,103,104,92,80,68,56,44
12,0,30,7;130,118,106;91,92,80,68,56,44,32,31,30,29,28,27,26,38,50,62,74,86,98,110,122,134,133,132,120,108,96,84,72,60,48,36,24,12,0,1,2,3,4,5,6,7,8,9,10,11,23,35,47,59,71;139,127,126,125,124,112,100,88,76,64,52,53;121,109,97,85,73,61,49,37,25,13,14,15,16,17,18,19,20,21,22,34,46,58,70,82,83;138,137,136,135,123,111,99,87,75,63,51,39,40,41,42,43,55,67,79,78,90,102,103,104,105,117,129;141,142,143,131,119,107,95,94,93,81,69,57,45,33;140,128,116,115,114,113,101,89,77,65,66,54
