9:11,0,1,7;47,48,49,40,31,22,13,14,15,16,25,34,33,42,51,60,69,68,67,66,75,74,73,72,81,90,91,92,93,94,95,96,97,98,89,80,71,62,53;24,23,32,41,50,59,58,57,56,65,64,63,54,45,36,27,28;1,0,9,18;10,11,2;88,87,86;39,30,21,12,3,4,5,6,7,8,17,26,35,44,43,52,61,70,79,78,77,76,85,84,83,82;19,20,29,38,37,46,55
9:11,0,2,6;30,31,32,41,50,49,58,57,56,65,74;93,92,83,82,73,64,55,46,47,48;40,39,38,37,28,19,10,11,12,13,14,15,16,25,34,43,52,61,70,69,78,77,76,85,94,95,96,97,98,89,80;29,20,21,22,23,24,33,42,51,60,59,68,67,66,75,84;86,87,88,79;71,62,53,44,35,26,17,8,7,6,5,4,3,2,1,0,9,18,27,36,45,54,63,72,81,90,91
9:11,0,3,9;96,97,98,89,80,71,62,53,44,35,26,17,8,7,6,5,4,3,2,1,0,9,18,27;15,16,25,34,43,52,61,70,69,78,77,86,85;48,49,50,41,32,31,22,21;30,39,40;79,88,87;76,67,68,59,60,51,42,33,24,23,14,13,12,11,20,29,38,47,46,55,64,73,82;58,57,56,65,74,83;10,19,28,37,36,45,54,63,72,81,90,91,92;95,94,93,84,75,66
13:15,0,4,11;106,105,118,131,144,157,170,171,172,173,174,175,176;21,22,23,36,49,62,63,76,89,102,115,116;46,45,32,19,6,5,4,3,2,1,0,13,26,39,52,65,78,91,104;47,60,59,58,57,44,31,18;56,43,30,17,16,15,14,27,40,53,66,79,92,93,94,95,96,97,110,123,136,135,134,121;50,37,24;111,124,137,150,149,148,147,146,133;29,42,55,68,69,70,71,72,73,86,87,100,113,126,139,140,141;103,90,77,64,51,38,25,12,11,10,9,8,7,20,33,34,35,48,61,74,75,88,101,114,127,128,129,142,155,168,181,194,193,192,191,190,189,188,187,186,185,184,183,182,169,156,143,130,117;153,154,167,180,179,178,177,164,163,162,161,160,159,158,145,132,119,120,107,108,109,122;28,41,54,67,80,81,82,83,84,85,98,99,112,125,138,151,152,165,166
13:15,0,5,11;109,110,123,136,137,138,125,126,113,114,101,88,75,62,61,48,35,22,9,10,11,12,25;191,192,193,194,181,168,155,142,129,116,103,90,77,64,51,38,37;45,44,43,42,41,54,53,66,79;122,135,148,147,146,133,120,119;14,15,16,17,18,19,20;134,121,108,95,96,83;124,111,112,99,86,85,72,59,46,33,32,31,30,29,28,27,40,39,52,65,78,91,104,117,130,143,156,169,182,183,184,185,186,187,188,189,190,177,178,179,180,167;132,145,158,159,160,161,162,149,150,151,152,139,140,127;70,69,82,81,94,107,106;26,13,0,1,2,3,4,5,6,7,8,21,34,47,60,73,74,87,100;98,97,84,71,58,57,56,55,68,67,80,93,92,105,118,131,144,157,170,171,172,173,174,175,176,163,164,165,166,153,154,141,128,115,102,89,76,63,50,49,36,23,24
9:11,0,6,7;68,67,58,57,48,47,46,37,28,19,10,1,2,3,4,5,6,7,8,17,26,35,44,53,62,71,80,89,98,97,96,95,94,93,92;66,65,64,63;0,9,18,27,36,45,54,55,56;33,24,23,22;91,82,83,84,85,86,87,88,79,70,61,52,51,42,41,32,31,30,21,12;90,81,72,73,74,75,76,77,78,69,60,59,50,49,40,39,38,29,20,11;43,34,25,16,15,14,13
9:11,0,7,8;35,26,17,8,7,6,5,4,3,2,1,0,9,18,19,20,29,38,47,48,57,66,75,76,77,78;21,30,39,40,49,58,67,68,69,70,79,88,87;28,37,46,55,64,73,82,83,84,85,86,95,96,97,98,89,80,71,62,61,60,59,50,41,32,31,22;27,36,45;23,24,33,42,51,52,53,44;56,65,74;10,11,12,13,14,15,16,25,34,43;54,63,72,81,90,91,92,93,94
9:11,0,8,7;25,34,43,52,51,60,69,78,87,96,97,98,89,80,71;14,23,32,31,30,29,20,11,10;50,59,68,77,86,95,94;12,3,2,1,0,9,18,27,36,45,46,47,56,65,64,73;82,83,74,75,66,57,48,39,38,37,28,19;88,79,70,61,62,53,44,35,26,17,8,7,6,5,4,13,22,21;55,54,63,72,81,90,91,92,93,84,85,76,67,58,49,40,41,42,33,24,15,16
13:15,0,9,11;181,168,155,142,129,128,115,114,101,88,75,62,49,36,35,22;23,24,37,50,63,76,89,102;2,1,14,27,40,53,66,79,92,105,118,131,132,145,158,159,160;175,176,177;0,13,26,39,52,65,78,91,104,117,130,143,156,169,182,183,184,185,186,187,188,189,190,191,192,179,166,153,152,151,150,137,124,111,98,85,72,71,58,45;144,157,170,171,172,173,174,161,148,147,146,133,120,119,106,93,80,67;15,28,41,54,55,68,81,94,107,108,121,122,123,110,97,84,83,70,57,44,31,32,33,34,47,48,61,74,87,100,113,126,127;42,29,16,3,4,5,6,7;116,103,90,77,64,51,38,25,12,11,10,9,8,21,20,19,18,17,30,43,56,69,82,95,96,109;178,165,164,163,162,149,136,135,134;46,59,60,73,86,99,112,125,138,139,140,141,154,167,180,193,194
13:15,0,10,8;21,34,47,60,73,72,71,70,69,82,95,108,121,122,123,124,125,126,127,128;45,44,31,18,17,16,15,14,27,40,53,66,79,92,105,118,131,144,157,170,171,172,173,174,175,176,177,190,191,192,193,194,181,168,155,142,129,116,103,90,77,64,51,38,25,12;42,55,68,81,94,107,120,133,134,135,136,137,138,139,140,141,154,167;180,179,166,153,152,151,150,149,148,147,146,145,132,119,106,93,80,67,54,41,28,29,30,43,56,57,58,59,46,33,20,7,8,9,22,35,48,61,74,87;32,19,6,5,4,3,2,1,0,13,26,39,52,65,78,91,104,117,130,143,156,169,182,183,184,185,186,187,188,189;11,24,37,50,63,76,89,102,115,114,113,112,111,98,97;178,165,164,163,162,161,160,159,158;10,23,36,49,62,75,88,101,100,99,86,85,84,83,96,109,110
9:11,0,11,6;10,19,18,27,36,37,38,39,40,41,32,23,24,15,16;35,44,43,52,61,60,69,78,77,76,75,74,65;28,29,30,31,22,13,14,5,6,7,8,17,26,25,34,33,42,51,50,59,68,67,66,57,56,55,64,73,82,83,84,85,86,87,88,79,70,71,62,53;21,20,11,2,1,0,9;80,89,98,97,96,95,94,93,92,91,90,81,72,63,54,45,46,47,48,49,58;4,3,12
9:11,0,12,7;12,21,30,39,48,57,66,65;8,17,26,35,44,43,52,61,70,79,88,87,86,85,84,83,82;58,49,40,31,22,13,14,15;77,78,69,60,51,42,33,34,25,16;56,47,38,29,20,11,10,9,18,27,36,45,54,63,72,81,90,91,92,93,94,95,96,97,98,89,80,71,62,53;19,28,37,46,55,64,73,74,75,76,67,68,59,50,41,32,23,24;7,6,5,4,3,2,1,0
9:11,0,13,6;73,64,63,54,45,36,27,18,9,0,1,2,3,4,5,6,7,8,17,26,35,44,53,62,71,80,89;16,15,14;47,48,49,58,67,76;98,97,88,79,70,61,52,43,34,25,24,23,22,13,12,11,10,19,28,29,38,39,40,41,50,59,68,77,86,85,84,75,66,57;82,83,74,65,56,55,46,37;72,81,90,91,92,93,94,95,96,87,78,69,60,51,42,33,32,31,30,21,20
13:15,0,14,10;192,193,180,167,166,165,164,151,138,125;29,42,55,68,81,94,107,120,133,146;75,76,63,50,37;48,47,46,45,44,57,70,83,96,109,122,135,136,137,150,163,162,161;140,141,128,115,102,89,88,87,74,61,62,49,36,35,34,33,32,31,30,43,56,69,82,95,108,121,134,147,148,149;113,112,111,98,85,72;172,171,170,157,144,131,118,105,92,79,66,53,40,27,14,15,16,17,18,19,20,21,22,23,24,25,38,51,64,77,90,103,116,129,142,155,168,181,194;28,41,54,67,80,93,106,119,132,145,158,159,160,173,174,175,176,177,178,179;124,123,110,97,84,71,58,59,60,73,86,99,100,101,114,127,126,139,152,153,154;12,11,10,9,8,7,6,5,4,3,2,1,0,13,26,39,52,65,78,91,104,117,130,143,156,169,182,183,184,185,186,187,188,189,190,191
13:15,0,15,11;140,127,114,101,100,87,74,61,48,47,46;70,57,56,43,42,41,28,15,2,1,0,13,26,39,52,65,78,91,104,117,130,131,144,145,158,159,160,161,162,163,164,165,166,153,154,141,128,115,102,89,88,75,62;59,60,73,86;84,71,58,45,44;66,79,92,105,118,119,132,133,146,147,148,149,150,151,152,139,126,113;157,170,171,172,173,174,175,176,177,178,179,180,167;17,18,19,20,21,22,23,24,37,50,63,76,77,90,103,116,129,142,155,168,181,194,193,192,191,190,189,188,187,186,185,184,183,182,169,156,143;55,68,69,82,83,96,97,110,111;14,27,40,53,54,67,80,93,106,107,120,121,134,135,136,137,138,125,112,99,98,85,72;49,36,35,34,33,32,31,30,29,16,3,4,5,6,7,8,9,10,11,12,25,38,51,64;81,94,95,108,109,122,123,124
9:11,0,16,6;44,35,26,17,8,7,6,5,4,3,2,1,10,19,28,37,38,47,56,65,74,75,76,77,78,69,60;25,16,15,14,13,12,11,20,29,30,39,48,57,58;46,55,64,73,82,83,84,85,86,87,88,79,70,61,52,51,42,41,32,23,22,21;0,9,18,27,36,45,54,63,72,81,90,91,92,93,94,95,96,97,98,89,80,71,62,53;66,67,68,59,50,49,40,31;43,34,33,24
9:11,0,17,7;69,70,79;40,39,48,47,46,55,64,73,82,83,84,85,86,87,88,89,80,71,62,53,44,35,26,17,8,7,6,5,4,3,2,1,0,9,18;27,28,19,10,11,12,13,14,15,16,25,34,43,52,61;78,77,76;56,57,58,49,50,41,32,31,30,29,38,37,36,45,54,63,72,81,90,91,92,93,94,95,96,97,98;66,67,68,59,60,51,42,33,24,23,22,21,20;75,74,65
9:11,0,18,6;10,11,12,13,22,31,40,49,58,57,66,75;77,78,69,60,51,42,33,24,15,6,7;16,25,34,43,52,61,70,79,88,87,86,85,76,67,68,59,50,41,32,23,14,5,4,3,2,1,0,9,18,19,20,29,38,37,46,55,64,63,72,81,90;92,91,82,73,74,65,56,47,48,39,30,21;54,45,36,27,28;8,17,26,35,44,53,62,71,80,89,98,97,96,95,94,93,84,83
13:15,0,19,10;182,169,156,143,130,117,104,91,78,65,52,39,26,13,0,1,2,3,4,5,6,7,8,9,22,35,48,47,46,33,32;194,193,192,191,190,189,188,187,186,185,184,183,170,157,144,131,118,105,92,79,66,53,40,27,14,15,16,17,18,31,44,43,42,55,68,81,82,83,70,71,72,73,86,99,100,101,88,75,62,49,36,23,24;30,29,28,41,54,67,80,93,94,95,96,97,110,123,124,125,126,127,140;45,58,59,60,61,74,87;84,85,98,111,112,113,114;69,56,57;167,166,165,164,163,162,161,160,159,146,133;10,11,12,25,38,37,50,63,76,89,102,115,128,141,154,153,152,151,150,149,148,147,134,121,120;19,20,21,34;139,138,137,136,135,122,109,108,107,106,119,132,145,158,171,172,173,174,175,176,177,178,179,180,181,168,155,142,129,116,103,90,77,64,51
13:15,0,20,11;122,121,134;111,112,113,126,127;70,69,68,67,54,41,28;21,22,23,24,37,50,63,76,89,102,101,114;65,52,39,26,13,0,1,2,3,4,5,6,19,32,31,30,29,42,55,56,57,58,59,60,47,34,35,36,49,62,75,88,87,100,99,98,97,96,95,94;18,17,16,15,14,27,40,53,66,79,78,91,104,117,130,143,156,169,182,183,184,185,186,187,188,189,190,191,192,193,194,181,168,167,166,165,164,163,162,161,160,159,158,145,132,119,106,107;43,44,45,46,33,20,7,8,9,10,11,12,25,38,51,64,77,90,103,116,115,128,141,140,139,138,137,136,135;72,71,84,83,82,81,80,93,92,105,118,131,144,157,170,171,172,173,174,175,176,177,178,179,180;85,86,73,74,61,48;120,133,146,147,148,149,150,151,152,153,154,155,142,129;108,109,110,123,124,125
9:11,0,21,7;72,81,90,91,92,93,94,95,96,97,98,89,80,71,62;66,57,48,39,30,31,32,33,34,25,26,17,8,7,6,5;14,13,12,11,10,19,28,37,46,55,56,65,74,75,76,67,58,49,40,41,42,43,44,35;53,52,61,70,79,88,87,86,77,68,59;47,38,29,20,21,22,23,24,15,16;4,3,2,1,0,9,18,27,36,45,54,63,64,73,82,83,84,85;50,51,60,69,78
9:11,0,22,6;43,42,33,24,23,22,21,20,29,38,39,40,49;26,17,8,7,6,5,4,3,2,1,0,9,18,27,36,45,46,47,48,57,58,59,60;37,28,19,10,11,12,13,14,15,16,25,34,35,44,53,62,71,80,89,98,97,96,95,94;64,73,72,81,90,91,92,93,84,85,86,87,88;69,68,67,66,65,56,55,54,63;30,31,32,41,50,51,52,61,70,79,78,77,76,75,74,83,82
9:11,0,23,6;53,62,61,70,79,88,87,86,85,84,83,82,73,64,55,46,37,28,19,10,11,12,13,14,15,16,17,8;77,68,59,50,41,42,33;78,69,60,51,52,43,34;20,29,38,47,56,65,74,75,76,67,58,49,40,31,32,23,24,25,26,35,44;71,80,89,98,97,96,95,94,93,92,91,90,81,72,63,54,45,36,27,18,9,0,1,2,3,4,5,6,7;22,21,30,39,48,57,66
13:15,0,24,9;26,39,52,65,78,91,104,117,130,143,144,157,170,171,172,173,160,147;3,16,29;80,67,68,69,70,71,58,45,32,33;119,120,121,122,123,124,111,98,85,72,59,46,47,48,61,74,87,100,113,126,139,152,151,150,149,148,161,174,175,176,177,178,179,180,167,154,141,128,115,102,89,76,63,50,37,24,23,22,21,20,19,18,31,44,57,56,55,54,41,28,15,2,1,0;96,95,94,93,92,79,66,53,40,27,14,13;162,163,164,165,166,153,140,127,114,101,88,75,62,49,36,35,34;42,43,30,17,4,5,6,7,8,9,10,11,12,25,38,51,64,77,90,103,116,129,142,155,168,181,194,193,192,191,190,189,188,187,186,185,184,183,182,169,156;158,159,146,133,134,135,136,137,138,125,112,99,86,73,60;145,132,131,118,105,106,107,108,109,110,97,84,83,82,81
13:15,0,25,10;170,171,172,173,174,175,176,177,178,179,180,167,154,141,128,115;56,57,58,45,46,47,34,35,36,49,62,75,74,73,86,99,112,125,138,137,136,123,110,97,96,95,108,121,120,119;124,111,98,85,84,83,82,81,80,67,54,41;48,61,60,59,72,71,70,69,68,55;107,94,93,92,79,66,53,40,27,14,15,16,17,30;3,2,1,0,13,26,39,52,65,78,91,104,117,130,143,156,169,182,183,184,185,186,187,188,189,190,191,192,193,194,181,168,155,142,129,116;109,122,135,134,133,132,131,118,105,106;28,29,42,43,44,31,32,33;4,5,6,7,8,9,10,11,12,25,38,51,64,77,90,103,102,101,114,127,140,153,166,165,164,163,162,161,160,159,158;18,19,20,21,22,23,24,37,50,63,76,89,88,87,100,113,126,139,152,151,150,149,148,147,146,145,144,157
9:11,0,26,6;68,67,66,65;77,78,69,60,51,42,33,24,23,22;32,31,30,21,20;49,48,47,46,45,54,63,72,81,90,91,92;64,55,56,57,58,59,50,41,40,39,38,29,28,19,10,11,12,13,14,15,16,25,34,43,52,61,70,79,88,87,86,85,76,75,74;37,36,27,18,9,0,1,2,3,4,5,6,7,8,17,26,35,44,53,62,71,80,89,98,97,96,95,94,93,84,83,82,73
9:11,0,27,5;74,65,56,57,58,49,40,39,38,37,36,45,54,63,72,81,90,91;11,12,13,14,15,16,25,34,43,52,61,70,79,88,87,86,85;84,75,66,67,68,59,50,41,32,31,30,29,28,27,18,9,0,1;76,77,78,69,60,51,42,33,24,23,22,21,20,19,10;2,3,4,5,6,7,8,17,26,35,44,53,62,71,80,89,98,97,96,95,94,93,92,83,82,73,64,55,46,47,48
9:11,0,28,6;20,21,12,13,14,23,32,41,50,59,68,67,66,65,64;15,24,33,42,51,60,69,78,77,76,75,74,73;16,25,34,43,52,61,70,79,88,87,86,85,84,83,82,81,72,63,54;1,0,9,18,27,36,37,38;45,46,47,48,39,30,29,28,19,10,11,2,3,4,5,6,7,8,17,26,35,44,53,62,71,80,89,98,97,96,95,94,93,92,91,90;55,56,57,58,49,40,31,22
13:15,0,29,11;43,44,31,18,17,16,15,14;30,29,42;162,163,164,165,166,153,140,127,114,101,88,75,62,49,36,35,34,47,60,73,86,99,112,125,138,137,136,135,134,147;48,61,74,87,100,113,126,139,152,151,150,149,148,161,160,159,146;171,158,145,132,133,120,121,122,123,110,97,96,95,94,93,92,91,78,65,52;105,104,117,130,143,144,157,170;39,26,27,28,41,54,67,68,69,70,71,72,59,46,33,20,21,22,23,24,37,50,63,76,89,102,115,128,141,154,167,180,179,178,177,176,175,174,173,172;124,111,98,85,84,83,82,81,80,79,66,53,40;131,118,119,106,107,108,109;13,0,1,2,3,4,5,6,7,8,9,10,11,12,25,38,51,64,77,90,103,116,129,142,155,168,181,194,193,192,191,190,189,188,187,186,185,184,183,182,169,156;55,56,57,58,45,32,19
13:15,0,30,7;70,83,96,109,122,123,124,125,126,127,128,129,142,155;180,179,166,153,152,151,150,149,148,147,146,133,120,107,94,81,68,55,42,43,44,45,46,59,72,85,98,99,100,101,102,89,76,63,50,37,24,11;74,61,48,35,22,21,20,19,18,17,16,15,14,27,40,53,66,79,92,105,118,131,144,157,170,171,172,173,174,175,176,177,190;181,168,167,154,141,140,139,138,137,136,135,134,121,108,95,82,69,56,57,58,71,84,97,110,111,112,113,114,115,116,103,90,77,64,51,38,25,12;23,10,9,8,7,6,5,4,3,2,1,0,13,26,39,52,65,78,91,104,117,130,143,156,169,182,183,184,185,186,187,188,189;194,193,192;191,178,165,164,163,162,161,160,159,158,145,132,119,106,93,80,67,54,41,28,29,30,31,32,33,34,47,60,73,86,87,88,75,62,49,36
