8,0,1,4,,9_0B:17_0B:29_0B:37_0B:41_0B:42_0B:50_0B;7,6,5,4,3,2,1,0,8,16,24,25,26,27,28,36,44,45,46;31,23,15,14,13,12,11,10,18;56,48,40,32,33,34,35,43,51,52,53,54;49,57,58,59,60,61,62,63,55,47,39,38,30,22,21,20,19
8,0,2,4,,14_0B:22_0B:26_0B:34_0B:35_0B:46_0B:54_0B;49,50,51,52,53,45,37,38,39,47,55;33,41,42,43,44,36,28,27;13,12,11,10,9,8,16,24,32,40,48,56,57,58,59,60,61,62,63;0,1,2,3,4,5,6,7,15,23,31,30,29,21,20,19,18,17,25
8,0,3,4,,9_0B:12_0B:13_0B:17_0B:20_0B:21_0B:53_0B:54_0B;16,8,0,1,2,10,18,26,25,33,41,49,50,51,52;34,42,43,44,45,46,47,55,63,62,61,60,59,58,57,56,48,40,32,24;7,15,23,31,39,38,37,36,35,27;28,29,30,22,14,6,5,4,3,11,19
8,0,4,4,,9_0B:17_0B:36_0B:41_0B:44_0B:45_0B:49_0B;38,37,29,28,27,35,43;10,11,12,13,14,22,30,31,39,47,55,63,62,61,60,59,58,57,56,48;21,20,19,18,26,25,24,16,8,0,1,2,3,4,5,6,7,15,23;46,54,53,52,51,50,42,34,33,32,40
8,0,5,4,,18_0B:22_0B:26_0B:27_0B:30_0B:52_0B:53_0B;28,36,35,34,42,50,58,57,56,48,40,32,24,16,8,0,1,2,3,4,5,6,7,15,23,31,39,47,55;14,13,12,11,10,9,17,25,33,41,49;45,44,43,51,59,60,61,62,63;19,20,21,29,37,38,46,54
8,0,6,4,,17_0B:20_0B:21_0B:25_0B:28_0B:29_0B:51_0B:52_0B;56,48,40,32,24,16,8,9,10,18,19,27,35,36,37;53,54,46,38,30,22,14,13,12,11;57,49,41,33,34,26;0,1,2,3,4,5,6,7,15,23,31,39,47,55,63,62,61,60,59,58,50,42,43,44,45
8,0,7,4,,14_0B:18_0B:19_0B:22_0B:26_0B:46_0B:54_0B;48,56,57,58,59,60,52,44,36,35,27;38,30,31,23,15,7,6,5,4,3,2,1,0,8,16,24,32,40,41,49,50,51,43;13,21,29,37,45,53,61,62,63,55,47,39;28,20,12,11,10,9,17,25,33,34,42
8,0,8,4,,37_0B:38_0B:42_0B:46_0B:49_0B:50_0B;45,44,36,28,29,30,22,14,6,5,4,3,2,1,0,8,16;21,20,19,27,35,43,51,52,53,54,55,47,39,31,23,15,7;32,24,25,17,9,10,11,12,13;63,62,61,60,59,58,57,56,48,40,41,33,34,26,18
8,0,9,4,,10_0B:11_0B:18_0B:19_0B:44_0B:52_0B:53_0B;21,29,37,45,46,54,62,61,60,59,58,57,56,48,40;0,8,16,24,32,33,41,49,50,51,43,35,36;27,28,20,12,13,14,22,30,38,39,47,55,63;31,23,15,7,6,5,4,3,2,1,9,17,25,26,34,42
8,0,10,4,,22_0B:26_0B:27_0B:30_0B:34_0B:35_0B;9,17,25,33,41,42,43,44,45;36,28,20,12,11,3;14,13,21,29,37,38,46,54,53,52,51,50,49;19,18,10,2,1,0,8,16,24,32,40,48,56,57,58,59,60,61,62,63,55,47,39,31,23,15,7,6,5,4
8,0,11,4,,11_0B:12_0B:19_0B:20_0B:45_0B:46_0B;34,35,36,37,38,30,22,14;58,57,56,48,40,32,24,16,8,9,10,18,26,27,28,29,21,13;63,62,61,60,59,51,50,49,41,33,25,17;0,1,2,3,4,5,6,7,15,23,31,39,47,55,54,53,52,44,43,42
8,0,12,4,,9_0B:10_0B:18_0B:22_0B:29_0B:30_0B;24,32,33,41,49,50,51,52,53,54,46,38,37;3,2,1,0,8,16,17,25,26,34,42,43;40,48,56,57,58,59,60,61,62,63,55,47,39,31,23,15,7,6,5,4,12,11,19,27,35;45,44,36,28,20,21,13,14
8,0,13,4,,17_0B:20_0B:25_0B:28_0B:50_0B:51_0B;56,48,40,32,24,16,8,9,10,11,12,13,14,22,30,38,46,45,44,43,42;52,53,54,55,47,39,31,23,15,7,6,5,4,3,2,1,0;21,29,37,36,35,27,19,18;63,62,61,60,59,58,57,49,41,33,34,26
8,0,14,4,,25_0B:28_0B:29_0B:33_0B:36_0B:37_0B;9,17,18,19,27,35;63,62,61,60,59,58,57,56,48,40,32,24,16,8,0,1,2,10,11,12,20,21;41,49,50,51,52,53,54,55,47,39,31,23,15,7,6;26,34,42,43,44,45,46,38,30,22,14,13,5,4,3
8,0,15,3,,18_0B:19_0B:26_0B:27_0B:38_0B:46_0B;56,48,40,32,24,16,8,0,1,2,3,4,5,6,7,15,23,22,21,20,28,36,35,34,42,50,51,52,53,54;14,13,12,11,10,9,17,25,33,41,49,57,58,59,60,61,62,63,55;47,39,31,30,29,37,45,44,43
8,0,16,5,,11_0B:18_0B:19_0B:42_0B:43_0B:50_0B:51_0B;54,46,38,39,31,23,15,7,6,5;49,41,33,34,35,36,44,52;10,9,17,25,26,27,28,20,21;47,55,63,62,61,53,45,37,29,30;22,14,13,12,4,3,2,1,0,8,16,24,32,40,48,56,57,58,59,60
8,0,17,4,,11_0B:14_0B:18_0B:19_0B:22_0B:44_0B:52_0B;3,2,10,9,17,25,33,41,49,50,51;63,55,47,39,31,23,15,7,6,5,4,12,20,28,27,26,34;13,21,29,30,38,46,54,62;42,43,35,36,37,45,53,61,60,59,58,57,56,48,40,32,24,16,8,0,1
8,0,18,4,,10_0B:11_0B:18_0B:42_0B:46_0B:49_0B:50_0B:54_0B;34,35,43,51,52,53,45,37,38,30,22,14;26,27,19,20,12,4,3,2,1,0,8,16,24,32;9,17,25,33,41,40,48,56,57,58,59,60,61,62,63,55,47,39,31,23,15,7,6;5,13,21,29,28,36,44
8,0,19,4,,12_0B:13_0B:34_0B:35_0B:46_0B:54_0B;0,1,2,3,4,5,6,7,15,23,31,30,29,28,27,26,18,17;14,22,21,20,19,11,10,9,8;25,33,41,42,43,44,36,37,38,39,47,55,63,62,61,60,59,58,57,56;16,24,32,40,48,49,50,51,52,53,45
8,0,20,4,,9_0B:10_0B:17_0B:18_0B:21_0B:22_0B:29_0B:30_0B;2,1,0,8,16,24,32,33,34,35,36,28,20,12,13,14,15,23,31,39;38,37,45,44,43,42,41,40,48,56,57,58,59,60,61,62,63,55;25,26,27,19,11,3,4,5,6,7;47,46,54,53,52,51,50,49
8,0,21,4,,12_0B:20_0B:21_0B:42_0B:43_0B:46_0B:50_0B:54_0B;51,59,58,57,49,41,33,25,17,9;44,36,35,34,26,18,10,2,1,0,8,16,24,32,40,48,56;60,52,53,45,37,29,28,27,19,11,3,4,5,6,7,15,23,31;61,62,63,55,47,39,38,30,22,14,13
8,0,22,3,,34_0B:35_0B:42_0B:43_0B:46_0B:54_0B;12,13,14,22,30,38,39,47,55,63,62,61,60,59,58,57,56,48,40,32,24,16;31,23,15,7,6,5,4,3,11,19,20,21,29,37,45,53,52,51,50,49,41,33,25,17,9,8,0;1,2,10,18,26,27,28,36,44
8,0,23,4,,19_0B:20_0B:27_0B:28_0B:51_0B:52_0B;56,48,40,32,24,16,8,0,1,2,3,4,5,6,14,22,30,38,46,54;18,26,25,33,41,49,57,58,59,60;34,35,36,37,29,21,13,12,11,10,9,17;50,42,43,44,45,53,61,62,63,55,47,39,31,23,15,7
8,0,24,4,,9_0B:10_0B:13_0B:14_0B:17_0B:18_0B:51_0B:52_0B;62,63,55,47,39,31,30,29,37,45,44,43,42,50,58,57,56;34,35,36,28,20,21,22,23,15,7,6,5,4,3,2,1,0,8,16,24,32,40,48;38,46,54,53,61,60,59;49,41,33,25,26,27,19,11,12
8,0,25,4,,14_0B:22_0B:27_0B:35_0B:46_0B:54_0B;29,28,20,19,18,17,25,33,41,49,57,58,59,60,61,62,63,55,47,39;26,34,42,50,51,52,53,45;21,13,12,11,10,9,8,16,24,32,40,48,56;43,44,36,37,38,30,31,23,15,7,6,5,4,3,2,1,0
8,0,26,4,,9_0B:17_0B:20_0B:21_0B:42_0B:43_0B:46_0B:54_0B;5,6,7,15,23,31,39,38,37,45,53,52,51,50,49,41;24,16,8,0,1,2,10,11,19,27,35,34;47,55,63,62,61,60,59,58,57,56,48,40,32,33,25,26,18;3,4,12,13,14,22,30,29,28,36,44
8,0,27,4,,14_0B:18_0B:22_0B:25_0B:26_0B:46_0B:53_0B:54_0B;30,38,37,45,44,43,42;41,33,34,35,36,28,20,12,4,3,2,1,0,8;59,58,57,56,48,40,32,24,16,17,9,10,11,19,27;49,50,51,52,60,61,62,63,55,47,39,31,23,15,7,6,5,13,21,29
8,0,28,4,,12_0B:20_0B:21_0B:43_0B:44_0B:51_0B;18,26,25,33,41,49;45,37,29,28,27,19,11,10,9,17;36,35,34,42,50,58,59,60,61,62,63,55,47,39,31,23,15,7,6;52,53,54,46,38,30,22,14,13,5,4,3,2,1,0,8,16,24,32,40,48,56,57
8,0,29,4,,19_0B:27_0B:28_0B:49_0B:50_0B:53_0B:54_0B;11,10,9,17,25,33,41,42,43,51,59,58,57;56,48,40,32,24,16,8,0,1,2,3,4,12,20,21,29,37,45,46;6,7,15,23,31,39,47,55,63,62,61,60,52,44,36,35,34,26,18;5,13,14,22,30,38
8,0,30,4,,13_0B:14_0B:17_0B:25_0B:26_0B:38_0B:45_0B:46_0B;19,18,10,9,8,16,24,32,40,48,56,57,58,59,60,61,62,63;4,5,6,7,15,23,22,21,29,37,36,44,43,42,34;0,1,2,3,11,12,20,28,27,35;33,41,49,50,51,52,53,54,55,47,39,31,30
9,0,31,5,,15_0B:24_0B:38_0B:39_0B:51_0B:52_0B:60_0B:61_0B;30,29,28,37,46,55,64,73;33,32,23,14,13,12,11,10;16,25,34,43,42,41,50,59,58;19,20,21,22,31,40,49,48,47,56,65,74,75,76,77,78,79,80;72,63,54,45,36,27,18,9,0,1,2,3,4,5,6,7,8,17,26,35,44,53,62,71,70,69,68,67,66,57
9,0,32,5,,21_0B:29_0B:30_0B:51_0B:52_0B:57_0B:61_0B:66_0B;73,72,63,54,45,36,27,18,9,10,11,12,13,22,23,24;76,75,74,65,64,55,46,37,28,19,20;48,49,58,67,68,77,78,79,80,71,62,53,44,35,26,17,8,7,6;0,1,2,3,4,5,14,15,16,25,34,33,32,31,40,39,38,47,56;43,42,41,50,59,60,69,70
9,0,33,5,,22_0B:23_0B:56_0B:57_0B:60_0B:61_0B:65_0B;35,34,43,42,41,40,39,30;44,53,52,51,50,59,68,69,70;62,71,80,79,78,77,76,67,58,49,48,47,38,29,20,21;66,75,74,73,64,55,46,37,28,19,10,11,12,13,14,15,16;31,32,33,24,25,26,17,8,7,6,5,4,3,2,1,0,9,18,27,36,45,54,63,72
9,0,34,5,,10_0B:19_0B:20_0B:24_0B:25_0B:33_0B;63,72,73,74,75,76,77,78,79,80,71,62,53,44,35,26,17,8,7,6,5,4,3,12,21,30,29,28,37,46;11,2,1,0,9,18,27,36,45,54,55,56,57,58,59,60,51,42;23,32,41,50,49,48,47;34,43,52,61,70,69,68,67,66,65,64;16,15,14,13,22,31,40,39,38
9,0,35,5,,20_0B:21_0B:30_0B:42_0B:43_0B:52_0B:56_0B:57_0B;69,68,59,58,49,48,47;26,17,8,7,6,5,4,3,2,1,0,9,18,27,36,45,54,63,72,73,74,75,76,77,78,79,70,61,60,51,50,41,32;29,28,19,10,11,12,13,14,15,16,25;67,66,65,64,55,46,37,38,39,40,31;22,23,24,33,34,35,44,53,62,71,80
9,0,36,4,,10_0B:11_0B:39_0B:40_0B:49_0B:52_0B:61_0B;50,51,42,43,44,53,62,71,80,79,78,77,76,75,74,73,72;15,14,13,12,21,20,19,28,37,46,55,56,57,58,59,60;70,69,68,67,66,65,64,63,54,45,36,27,18,9,0,1,2,3,4,5,6,7,8,17,26,35,34,33,32,41;48,47,38,29,30,31,22,23,24,25,16
9,0,37,4,,12_0B:20_0B:21_0B:56_0B:60_0B:61_0B:64_0B:65_0B;67,66,57,48,47,38,29,30,31,32,41,50,51,52,43,34,25,16,15,14,5;45,36,27,18,9,0,1,2,3,4,13,22,23,24,33,42;39,40,49,58,59,68,69,70,71,62,53,44,35,26,17,8,7,6;80,79,78,77,76,75,74,73,72,63,54,55,46,37,28,19,10,11
9,0,38,5,,10_0B:19_0B:20_0B:24_0B:25_0B:68_0B:69_0B;51,60,59,58,67,76,77,78;26,17,8,7,6,5,4,13,22,31,40,39,38,47,56;16,15,14,23,32,33,34,35,44,53,62,71;3,12,21,30,29,28,37,46,55,64,65;80,79,70,61,52,43,42,41,50,49,48,57,66,75,74,73,72,63,54,45,36,27,18,9,0,1,2,11
9,0,39,5,,15_0B:16_0B:30_0B:38_0B:39_0B:66_0B:67_0B;78,69,70,61,52,43,34,25,24,23,14,13,12,11,10,19;33,32,41,50,49,58,57;72,73,74,75,76,77,68,59,60,51,42;48,47,56,65,64,63,54,45,36,27,18,9,0,1,2,3,4,5,6,7,8,17,26,35,44,53,62,71,80,79;55,46,37,28,29,20,21,22,31,40
9,0,40,5,,10_0B:19_0B:20_0B:57_0B:58_0B:67_0B;38,39,40,31,22,13,12,11;60,51,42,33,24,23,14,5,4,3,2,1,0,9,18,27,36,45,54,63,72;6,15,16,25,34,43,52,61,70,69,68,59,50,41,32;49,48,47,56,65,66,75,76,77,78,79,80,71,62,53,44,35,26,17,8,7;74,73,64,55,46,37,28,29,30,21
9,0,41,5,,20_0B:24_0B:29_0B:33_0B:34_0B:58_0B:59_0B:67_0B;68,77,76,75,66,57,48,39,30,21,12,13;25,16,15,14,23,32,41,42,43,52,61,70,79;54,63,72,73,74,65,56,47,38,37,28,19,10,11;64,55,46,45,36,27,18,9,0,1,2,3,4,5,6,7,8,17,26,35,44,53,62,71,80;22,31,40,49,50,51,60,69,78
9,0,42,6,,32_0B:33_0B:38_0B:41_0B:46_0B:47_0B;50,51,52,61,70,69,68,67,66,65,64,63;24,23,22,21,30,29;20,11,12,13,14,15,16,25,34,43,42;37,28,19,10,1,2,3,4,5,6,7,8,17,26,35,44,53,62,71,80,79,78,77,76,75,74,73,72;31,40,49,58,59,60;39,48,57,56,55,54,45,36,27,18,9,0
9,0,43,5,,10_0B:19_0B:42_0B:50_0B:51_0B:55_0B:56_0B:64_0B;43,52,61,70,69,68,67,76,75;77,78,79,80,71,62,53,44,35,34,33,32,41;36,45,54,63,72,73,74,65,66,57,48,39,30,21;60,59,58,49,40,31,22,23,24,25,26,17,8,7,6,5,4,3,2,1,0,9,18,27,28,37;46,47,38,29,20,11,12,13,14,15,16
9,0,44,5,,12_0B:13_0B:21_0B:22_0B:43_0B:52_0B;70,61,60,51,50,49,48,39,38,29,20,11,2,3,4,5,14;1,10,19,28,37,46,47,56,57,58,59;16,25,34,33,42,41,40,31,30;69,68,67,66,65,64,55,54,45,36,27,18,9,0;63,72,73,74,75,76,77,78,79,80,71,62,53,44,35,26,17,8,7,6,15,24,23,32
9,0,45,4,,14_0B:15_0B:23_0B:24_0B:59_0B:60_0B:69_0B;68,67,58,57,56,47,38,29,28,19,10,11,12,13,22,31,32,33,34,25,16;45,54,63,72,73,74,75,76,77,78,79,70,61,52,51,50,49,48;66,65,64,55,46,37,36,27,18,9,0,1,2,3,4,5,6,7,8,17,26,35;20,21,30,39,40,41,42,43,44,53,62,71,80
9,0,46,5,,28_0B:37_0B:51_0B:52_0B:60_0B:65_0B:66_0B;39,30,31,32,33,24,15,14,13,12,11,10,19,18,27,36,45,54,63,72;38,29,20,21,22,23;9,0,1,2,3,4,5,6,7,8,17,26,35,44,53,62,61,70,69,68,59,50,49,48,47,46,55,64,73,74,75;16,25,34,43,42,41,40;56,57,58,67,76,77,78,79,80,71
9,0,47,5,,10_0B:19_0B:20_0B:24_0B:33_0B:48_0B:56_0B:57_0B;32,23,14,15,16,25,34;3,12,21,30,29,28,37,46,55,64,65,66,67,58,49,50;43,52,61,70,69,78;41,42,51,60,59,68,77,76,75,74,73,72,63,54,45,36,27,18,9,0,1,2,11;47,38,39,40,31,22,13,4,5,6,7,8,17,26,35,44,53,62,71,80,79
9,0,48,4,,22_0B:23_0B:47_0B:48_0B:56_0B:57_0B;30,31,32,41,50,51,60;11,10,19,28,37,46,55,64,65,66,67,68,69,70,61,52,43,42,33,24;14,15,16,25,34,35,44,53,62,71,80,79,78,77,76,75,74,73,72,63,54,45,36,27,18,9,0,1,2,3;26,17,8,7,6,5,4,13,12,21,20,29,38,39,40,49,58,59
9,0,49,5,,10_0B:11_0B:19_0B:20_0B:32_0B:41_0B:42_0B;43,34,33,24,23,22,31,40,39,38,29,28,27,18,9,0,1,2,3,4,5,6,7;70,69,68,67,66,65,64,55,54,45,36;37,46,47,56,57,58,59,60,61,62,71,80,79,78,77,76,75,74,73,72,63;30,21,12,13,14,15,16,17,8;25,26,35,44,53,52,51,50,49,48
9,0,50,6,,10_0B:11_0B:19_0B:32_0B:33_0B:55_0B:56_0B:64_0B;65,66,67,68,69,70,61,52;41,42,43,34,25,16,15;28,29,20,21,12,13,14,23,24;60,59,58,57,48,47,46,45,54,63,72,73;30,39,38,37,36,27,18,9,0,1,2,3,4,5,6,7,8,17,26,35,44,53,62,71,80,79,78,77,76,75,74;51,50,49,40,31,22
9,0,51,5,,10_0B:11_0B:20_0B:51_0B:52_0B:56_0B:57_0B:60_0B;71,80,79,78,77,76,75,74,73,72,63,54,45,46,47,38,29,28,19;50,59,68,69,70,61,62,53,44,35,26,17,8,7,6,5,4;37,36,27,18,9,0,1,2,3,12,13,14,15,16,25,34,43,42,41;48,39,30,21,22,23,24,33;32,31,40,49,58,67,66,65,64,55
9,0,52,4,,32_0B:33_0B:41_0B:47_0B:55_0B:56_0B:69_0B:70_0B;11,10,19,28,29,30,31,22,23,24,25,34,43,42,51,50,49,48,57,66,65,64;46,45,54,63,72,73,74,75,76,67,58,59,60,61,52;8,7,6,5,4,3,2,1,0,9,18,27,36,37,38,39,40;68,77,78,79,80,71,62,53,44,35,26,17,16,15,14,13,12,21,20
9,0,53,5,,14_0B:15_0B:23_0B:24_0B:56_0B:57_0B:69_0B:70_0B;16,25,34,43,52,61,62,71,80,79,78,77,76,75,74,73,72,63,54,45,36,27,18,9;60,51,42,33,32,31,22,13,4,5,6,7,8,17,26,35,44,53;0,1,10,19,28,37,46,55,64,65,66,67,68;58,59,50,41,40,39,30,21,12;3,2,11,20,29,38,47,48,49
9,0,54,5,,24_0B:25_0B:30_0B:33_0B:38_0B:39_0B:60_0B:61_0B;34,43,42,41,32,23,14,15,16,7,8;17,26,35,44,53,62,71,70,69,68,67,66,65,64;11,10,19,28,37,46,55,56,57,58,59,50,51,52;29,20,21,12,3,2,1,0,9,18,27,36,45,54,63,72,73,74,75,76,77,78,79,80;6,5,4,13,22,31,40,49,48,47
9,0,55,5,,13_0B:14_0B:23_0B:49_0B:50_0B:59_0B;10,19,28,37,38,39,40,41;48,47,46,55,64,65,66,75,76,77,78,79,70,61,52,43,34,25;56,57,58,67,68,69,60,51,42,33,32,31,22,21,12,3,4,5,6,7,8;74,73,72,63,54,45,36,27,18,9,0,1,2,11,20,29,30;24,15,16,17,26,35,44,53,62,71,80
9,0,56,4,,28_0B:31_0B:32_0B:37_0B:40_0B:41_0B;5,6,7,8,17,26,35,44,53,62,71,80,79,78,77,76,75,74,73,72,63,54,45,36,27,18,19,20,29,38,47,48,49,50;56,57,58,59,60,51,42,33,24,23,22;39,30,21,12,11,10;9,0,1,2,3,4,13,14,15,16,25,34,43,52,61,70,69,68,67,66,65,64,55,46
9,0,57,5,,23_0B:24_0B:33_0B:55_0B:60_0B:64_0B:69_0B:70_0B;49,40,39,38,29,20,11,12;31,32,41,42,43,34,25,16,15,14,5;48,57,58,59,50,51,52,61;6,7,8,17,26,35,44,53,62,71,80,79,78,77,68,67,66,65,56,47,46,37,28,19,10;76,75,74,73,72,63,54,45,36,27,18,9,0,1,2,3,4,13,22,21,30
9,0,58,5,,13_0B:22_0B:23_0B:47_0B:52_0B:55_0B:56_0B:61_0B;73,64,65,66,57,48,39,38,29,20,11,2,1,0,9,18,27,36;8,17,26,35,44,53,62,71,80,79,78,77,68,59,50,41,32,33,24,15,14,5;10,19,28,37,46,45,54,63,72;74,75,76,67,58,49,40,31,30,21,12,3,4;6,7,16,25,34,43,42,51,60,69,70
9,0,59,5,,14_0B:15_0B:23_0B:28_0B:29_0B:56_0B:57_0B:65_0B;66,67,68,69,70,61,52,43,34,35,26,17,8,7,6,5,4,3,2,1,0;38,37,46,55,64,73,74,75,76,77,78,79,80,71,62,53,44;9,10,11,12,13,22,31,32,41,50,49,48,47;16,25,24,33,42,51,60,59,58;72,63,54,45,36,27,18,19,20,21,30,39,40
9,0,60,5,,22_0B:31_0B:32_0B:37_0B:46_0B:60_0B:69_0B:70_0B;56,47,38,29,28,27,36,45,54,63,72,73,74,75,76,77,78,79,80,71,62;55,64,65,66,67,68,59,50,51;61,52,53,44,35,26,17,8,7,6,5,4,3,2,1,0,9,18,19,20,21,30,39,48,57;33,24,23,14,13,12,11,10;58,49,40,41,42,43,34,25,16,15
10,0,61,5,,17_0B:18_0B:24_0B:27_0B:28_0B:33_0B:34_0B;2,12,11,21,31,41,51,61,71,81,82,83,84,85,86,87,77,67,66,65;1,0,10,20,30,40,50,60,70,80,90,91,92,93,94,95,96,97,98,88,78,68,58,57,56,55,54,64;37,38,39,29,19,9,8,7,6,5,4,3,13,23,22,32,42,52,62,72,73,74,75,76;25,35,45,44,43,53,63;14,15,16,26,36,46,47,48,49,59,69,79,89,99
10,0,62,5,,12_0B:13_0B:17_0B:18_0B:22_0B:62_0B:72_0B:73_0B;0,10,20,30,31,32,33,23,24,25;63,64,74,75,76,77,67,57,47,37,27;35,34,44,43,42,41,40,50,60,70,80,90,91,92,93,94,95,96,97,98,99,89,79,69,59,49,39;65,66,56,46,36,26,16,15,14;21,11,1,2,3,4,5,6,7,8,9,19,29,28,38,48,58,68,78,88,87,86,85,84,83,82,81,71,61,51,52,53,54,55,45
10,0,63,5,,12_0B:21_0B:22_0B:36_0B:46_0B:62_0B:63_0B:73_0B;35,34,33,32,31,30,20,10,0;72,82,83,84,74,75,76,77,67;81,71,61,51,52,53,54,64,65,66,56,57,47,37,27,26,25,24,23,13,3,2,1,11;4,14,15,16,17,18,28,38,48,58,68,78,88,87,86,85;5,6,7,8,9,19,29,39,49,59,69,79,89,99,98,97,96,95,94,93,92,91,90,80,70,60,50,40,41,42,43,44,45,55
10,0,64,5,,13_0B:14_0B:24_0B:54_0B:55_0B:64_0B:65_0B;3,4,5,15,25,35,34,33,23;77,67,68,58,48,38,28,18;7,17,27,37,47,57,56,66,76,75,74,73,72,62,52,42,32,22,12,2,1,0,10,20,30,40,50,60,70,80,90,91,92,93,94,95,96,97,98,99,89;63,53,43,44,45,46,36,26,16,6;8,9,19,29,39,49,59,69,79,78,88,87,86,85,84,83,82,81,71,61,51,41,31,21,11
10,0,65,5,,11_0B:12_0B:36_0B:37_0B:43_0B:53_0B:77_0B:87_0B;84,74,64,54,44,45,35,25,26,27,28,38,48,58,68,78,88,98,97;46,56,55,65,75,85,95,94,93,92,91,90;72,71,61,51,41,31,21,22,23,13,3,4,5,6,7,8,9,19,29,39,49,59,69,79,89,99;18,17,16,15,14,24,34,33,32,42,52,62,63,73,83,82,81,80,70,60,50,40,30,20,10,0,1,2;96,86,76,66,67,57,47
10,0,66,6,,41_0B:51_0B:52_0B:66_0B:75_0B:76_0B;65,55,56,57,67,77,78,88;59,49,39,38,37,36,35,34,33,43,53,63,62,72;42,32,22,23,24,25,26,27,28,29,19,9,8,7,6,5,4,3,2,1,0,10,20;73,74,64,54,44,45,46,47,48,58,68,69,79,89,99;98,97,87,86,85,84,83,82,81,71,61;18,17,16,15,14,13,12,11,21,31,30,40,50,60,70,80,90,91,92,93,94,95,96
10,0,67,6,,15_0B:16_0B:26_0B:53_0B:54_0B:57_0B:58_0B:67_0B;14,24,34,44,45,55,65,64,63;88,87,86,85,84,83,82,81,71,61,51,41,31,21,11,1,0;43,33,23,13,3,4,5,6,7,8,9;66,56,46,47,48,38,28;68,78,77,76,75,74,73,72,62,52,42,32,22,12,2;10,20,30,40,50,60,70,80,90,91,92,93,94,95,96,97,98,99,89,79,69,59,49,39,29,19,18,17,27,37,36,35,25
10,0,68,6,,11_0B:12_0B:22_0B:25_0B:35_0B:63_0B:64_0B:73_0B;24,34,44,43,42,41,51,61,71,81;14,13,23,33,32,31,21;74,84,83,82,72,62,52,53,54,55,45;9,19,29,39,49,59,69,79,89,99,98,97,96,95,94,93,92,91,90,80,70,60,50,40,30,20,10,0,1,2,3,4,5,15,16,26,36,46,56,66,65;8,18,28,38,48,58,68,78,88,87,86,85;75,76,77,67,57,47,37,27,17,7,6
10,0,69,7,,48_0B:57_0B:58_0B:61_0B:62_0B:71_0B;31,21,11,12,13,14,4,5,6,7,8,9;81,82,72,73,63,64,65,66;33,34,24,25,15,16,17,18,19,29;43,44,45,35,36,26,27,28,38,39,49,59,69,79,89,99,98,97,96;37,47,46,56,55,54,53,52,51,50,60,70,80,90,91,92,93,83,84,74,75,76,77,67;3,2,1,0,10,20,30,40,41,42,32,22,23;68,78,88,87,86,85,95,94
10,0,70,4,,41_0B:42_0B:52_0B:76_0B:77_0B:86_0B:87_0B;36,35,34,33,32,31,30,40,50,60,70,80,90,91,92,93,94,95;11,12,13,14,15,16,17,18,28,38,48,58,57,56,55,54,64,74,73,72;96,97,98,99,89,79,69,59,49,39,29,19,9,8,7,6,5,4,3,2,1,0,10,20,21,22,23,24,25,26,27,37,47,46,45,44,43,53,63,62;51,61,71,81,82,83,84,85,75,65,66,67,68,78,88
10,0,71,6,,11_0B:12_0B:35_0B:36_0B:41_0B:46_0B:51_0B;69,79,89,99,98,97,96,95,94,93,92,91,90,80,70,71,72,73,74,75,76,77;48,47,57,56,55,54,53,43,33,23,13,14,15,16,17,18,28;31,30,40,50,60,61,62,63,64,65,66,67;52,42,32,22,21,20,10,0,1,2,3,4,5,6,7,8,9,19;45,44,34,24,25,26,27,37,38;29,39,49,59,58,68,78,88,87,86,85,84,83,82,81
10,0,72,6,,21_0B:22_0B:31_0B:32_0B:36_0B:46_0B;37,27,26,25,35,45,55,56,66;44,34,24,14,15,16,17,18,28,38,48,47,57,67,77,76,75,85,95,96,97,98,99,89,79,69;65,64,54,53,52,62,72;63,73,74,84,94,93,92,91,90,80,70,60,50,40,30,20,10;0,1,11,12,13,23,33,43,42,41,51,61,71,81,82,83;86,87,88,78,68,58,59,49,39,29,19,9,8,7,6,5,4,3,2
10,0,73,7,,15_0B:25_0B:56_0B:57_0B:62_0B:67_0B:72_0B:73_0B;0,10,20,30,31,41,51,61,71,81,82,83,84,74,75;63,53,52,42,32,22,21,11,1,2,3,4,5,6,7,8,9,19;78,88,87,86,85,95,94,93,92,91,90,80,70,60,50,40;12,13,23,33,43,44,54,64,65,66,76,77;27,37,38,39,49,59,69,79,89,99,98,97,96;14,24,34,35,45,55;68,58,48,47,46,36,26,16,17,18,28,29
10,0,74,7,,47_0B:51_0B:52_0B:57_0B:58_0B:62_0B;12,22,32,33,34,35,36,37,27;81,82,83,84,85,86,87,88,78,68;26,25,24,23,13,3,2,1,0,10,20,30,40,50,60,61;55,54,44,43,42,41,31,21,11;67,77,76,75,74,73,72,71,70,80,90,91,92,93,94,95,96,97,98,99,89,79,69,59,49,39,29,19,9,8,7,6,5,4;53,63,64,65,66,56,46,45;48,38,28,18,17,16,15,14
10,0,75,6,,28_0B:31_0B:38_0B:41_0B:64_0B:65_0B:74_0B;72,62,52,51,50,40,30,20,10,0,1,2,3,4,5,6,7,8,9;59,69,79,89,99,98,97,87,77,67,57,47,46,45,35,25,24,23,22,32,42,43,53,63,73;60,61,71,81,82,83,84,85,75;21,11,12,13,14,15,16,26,36;33,34,44,54,55,56,66,76,86,96,95,94,93,92,91,90,80,70;88,78,68,58,48,49,39,29,19,18,17,27,37
10,0,76,5,,22_0B:31_0B:32_0B:37_0B:47_0B:48_0B;23,13,12,11,21,20,30,40,50,60,70,80,90,91,92,93,94,95,96,97,98,99,89,79,69,59,49,39,38;33,34,24,14,4,3,2,1,0,10;5,6,7,8,9,19,29,28,27,26,36,46,56,66,65,64,63;18,17,16,15,25,35,45,44,43,42,41,51,61,71,81,82,83,84,85,86,87,88,78,68,58;57,67,77,76,75,74,73,72,62,52,53,54,55
10,0,77,6,,11_0B:12_0B:15_0B:16_0B:22_0B:57_0B:66_0B:67_0B;88,87,86,85,84,83,82,81,71,70;45,35,34,33,23,13,3,2,1,0,10,20,21;30,40,50,60,61,62,72,73,74,75,76,77,78,68,58,48,38,28,18,17;31,32,42,43,44,54;36,26,25,24,14,4,5,6,7,8,9,19,29,39,49,59,69,79,89,99,98,97,96,95,94,93,92,91,90,80;41,51,52,53,63,64,65,55,56,46,47,37,27
10,0,78,6,,23_0B:33_0B:72_0B:75_0B:76_0B:81_0B:82_0B;60,50,40,30,20,21,11,12,13,14,24,34,44,43,42,52,62,63;10,0,1,2,3,4,5,15,25,35,45,55,54,53;6,16,26,36,46,56,66,65,64,74,73,83;84,85,86,87,88,78,68,58,48,38,28,18;77,67,57,47,37,27,17,7,8,9;19,29,39,49,59,69,79,89,99,98,97,96,95,94,93,92,91,90,80,70,71,61,51,41,31,32,22
10,0,79,5,,26_0B:27_0B:36_0B:37_0B:66_0B:76_0B:77_0B;69,79,89,99,98,97,96,95,94,93,92,91,90,80,70,60,50,40,30,20,10,0,1,2,3,4,5,6,7,8,9,19,29,39,38,48,47,46,45,35,25,24,23;34,44,54,55,56,57,58,59,49;67,68,78,88,87,86,85,75,74,73,72,62,52,42,32,22;84,83,82,81,71,61,51,41,31,21,11,12,13,14,15,16,17,18,28;33,43,53,63,64,65
10,0,80,4,,47_0B:48_0B:57_0B:62_0B:71_0B:72_0B;27,26,25,24,23,22,32,42,52,51,61,60,70,80,90,91,92,93,94;69,79,89,99,98,97,96,95,85,84,74,64,54,44;30,20,10,0,1,2,3,4,5,6,7,8,9,19,29,39,49,59,58,68,78,88,87,86,76,75,65,55,45,35,34,33,43,53,63,73,83,82,81;77,67,66,56,46,36,37,38,28,18,17,16,15,14,13,12,11,21,31,41,40,50
10,0,81,4,,45_0B:46_0B:55_0B:61_0B:62_0B:71_0B:72_0B;81,82,83,73,63,53,52,51,41,31,21,11,12,13,14,15,16,17,18,28,38,48,58,68,78,88,87;27,26,25,24,23,22,32,42,43,44,54,64,74,84,94,93,92,91,90,80;95,85,75,65,66,56;70,60,50,40,30,20,10,0,1,2,3,4,5,6,7,8,9,19,29,39,49,59,69,79,89,99,98,97,96,86,76,77,67,57,47,37,36,35,34,33
10,0,82,5,,18_0B:28_0B:33_0B:43_0B:44_0B:74_0B:84_0B:85_0B;39,29,19,9,8,7,17,27,26,25,15,14,13,12,11,21,31,41,51,61,71,81,82,83;42,32,22,23,24,34,35,36,37,38,48,49,59,69,79,89,99;72,62,52,53,54,55,56,66,67,77,87;73,63,64,65,75,76,86,96,95,94,93,92,91,90,80,70,60,50,40,30,20,10,0,1,2,3,4,5,6,16;45,46,47,57,58,68,78,88,98,97
10,0,83,4,,47_0B:48_0B:54_0B:57_0B:58_0B:63_0B:64_0B;44,45,55,65,75,76,77,78,79,89,99;53,43,33,34,35,36,46,56,66,67,68,69,59,49;98,88,87,86,85,84,74,73,72,62,52,42,32,22,23,24,25,26,27,37,38,39,29,19,9,8,7,6,5,4,3,2,1,0,10,20,30,40,50,60,70,80,90,91,92;97,96,95,94,93,83,82,81,71,61,51,41,31,21,11,12,13,14,15,16,17,18,28
10,0,84,5,,27_0B:28_0B:37_0B:38_0B:41_0B:51_0B:52_0B;72,73,74,64,54,44,34,24,25;66,56,57,58,59,69,79,89,99,98,97,96,95,94,93,92,91,90,80,70,60,50,40,30,31,32,42;77,76,75,65,55,45,35,36,26;46,47,48,49,39,29,19,18,17,16,15,14,13,12,11;67,68,78,88,87,86,85,84,83,82,81,71,61,62,63,53,43,33,23,22,21,20,10,0,1,2,3,4,5,6,7,8,9
10,0,85,5,,22_0B:32_0B:33_0B:62_0B:63_0B:72_0B:76_0B:86_0B;23,24,25,26,27,37,38,39,29,19,9,8,7,6,5,4,3,2,1,0,10,20,30,40,50,60,61,71,81,82,83,84,85,75,65,66,67,77,87;28,18,17,16,15,14,13,12,11,21,31,41,51;88,78,68,58,57,56,55,45;43,44,34,35,36,46,47,48,49,59,69,79,89,99,98,97,96,95,94,93,92,91,90,80,70;42,52,53,54,64,74,73
10,0,86,6,,15_0B:25_0B:64_0B:67_0B:74_0B:77_0B:78_0B;72,71,61,51,41,31,21,11,12,13,3,4,5,6,7,8,9;39,29,19,18,17,16,26;81,82,83,73,63,62,52,42,32,22,23,24,14;2,1,0,10,20,30,40,50,60,70,80,90,91,92,93,94,95,96,97,98,99,89,79,69,59,49,48,38,28,27;88,87,86,76,66,56,46,45,44;84,85,75,65,55,54,53,43,33,34,35,36,37,47,57,58,68
10,0,87,6,,37_0B:38_0B:43_0B:47_0B:48_0B:52_0B:53_0B;76,75,74,64,63,62,72,82,92,93,94,95;91,90,80,70,60,50,40,30,31,21,11,12,13,14,15,16,17,18;39,49,59,69,79,89,99,98,97,96,86,85,84,83,73;81,71,61,51,41,42,32,33,34,44,54,55,65,66,67,77,87,88;20,10,0,1,2,3,4,5,6,7,8,9,19,29,28,27,26,36,46,56,57,58,68,78;45,35,25,24,23,22
10,0,88,6,,37_0B:38_0B:42_0B:43_0B:47_0B:52_0B;27,26,36,46,56,57,67,77,76,75,74,73,72,71;51,50,40,30,20,10,11,12,13,14,15,16,17,18,28;81,82,83,84,85,86,87,88,78,68,58,48;21,22,23,24,25,35,45,55;41,31,32,33,34,44,54,53;66,65,64,63,62,61,60,70,80,90,91,92,93,94,95,96,97,98,99,89,79,69,59,49,39,29,19,9,8,7,6,5,4,3,2,1,0
10,0,89,6,,11_0B:21_0B:45_0B:46_0B:51_0B:52_0B:55_0B;30,20,10,0,1,2,3,4,5,6,7,8,9,19,29,39,49,59,69,68,67,77,76,75,65,64;62,72,73,74,84,85,86,87,88,78,79;36,35,34,44,54,53,63;92,91,90,80,70,60,50,40,41,31,32,22,12,13,14,15,16,17,18,28,38,48,58;42,43,33,23,24,25,26,27,37,47,57,56,66;61,71,81,82,83,93,94,95,96,97,98,99,89
10,0,90,5,,33_0B:43_0B:56_0B:57_0B:66_0B:67_0B:71_0B:72_0B;90,91,92,93,94,95,96,97,98,99,89,79,69,59,49,39,29,19,9,8,7,6,5,15,25,35,34,44,54,53,52;84,85,86,87,88,78,68,58,48,38,28,18,17,16,26,36;4,14,24,23,22,32,42;2,1,0,10,20,30,40,50,60,70,80,81,82,83,73,74,75,76,77;27,37,47,46,45,55,65,64,63,62,61,51,41,31,21,11,12,13,3
11,0,91,7,,18_0B:24_0B:25_0B:29_0B:35_0B:91_0B:102_0B:103_0B;36,37,38,27,16,5,4,3,2,1,0,11,22,33,44,55,66,77,88,99,110,111,112,113,114,115,116,117,118,119,120,109,98,87,76;19,30,41,40,51,50,61,72;104,105,106,107,108,97,86,75,64,65,54,43,32,21,10,9,8,7,6,17,28,39;26,15,14,13,12,23,34,45,46;80,81,92,93,94,95,96,85,74;59,70,69,68,79,90,101,100;89,78,67,56,57,58,47,48,49,60,71,82,83,84,73,62,63,52,53,42,31,20
11,0,92,5,,59_0B:60_0B:70_0B:71_0B:74_0B:75_0B;12,13,14,15,16,17,18,19,20,31,42,43,54;63,62,51,40,39,38,37,36,35,34,33,44,55,66,77,88,99,110,111,112,113;68,79,90,91,92,93,104,105,106,107,108;32,21,10,9,8,7,6,5,4,3,2,1,0,11,22,23,24,25,26,27,28,29,30,41,52,53,64,65,76,87,86,85,84,73,72,61,50,49,48,47,46,45,56,67,78,89,100,101,102,103,114,115;116,117,118,119,120,109,98,97,96,95,94,83,82,81,80,69,58,57
11,0,93,8,,35_0B:46_0B:63_0B:64_0B:74_0B:75_0B:89_0B:90_0B;105,106,107,108,109,98,87,76,65,54,43,32,21,10,9,8,7,6,5,16,27,28,29;14,15,26,37,38,39,40,41,30;11,22,33,44,55,66,67,68,69,70,81,82;85,84,73,62,51,52,53,42,31,20,19,18,17;114,113,112,111,110,99,88,77,78,79,80,91,92,93;4,3,2,13,24,25,36,47,48,49,50,61,72,83,94,95,96,97,86;100,101,102,103,104,115,116,117,118,119,120;71,60,59,58,57,56,45,34,23,12,1,0
11,0,94,6,,27_0B:37_0B:38_0B:84_0B:85_0B:95_0B:96_0B;70,71,60,61,62,51,40,29,18,19,20;69,58,59,48,49,50,39,28,17,16;26,15,4,5,6,7,8,9,10,21,32,31,30,41,52,63,74,73,72,83,82,81,80;23,34,45,56,67,78,89,100,101,102,103,104,115,116,117,118,119,120,109,98,87,76,65,54,43,42;0,1,2,3,14,25,36,47;53,64,75,86,97,108,107,106,105,94,93,92,91,90,79,68,57,46,35,24,13,12,11,22,33,44,55,66,77,88,99,110,111,112,113,114
11,0,95,5,,25_0B:26_0B:36_0B:37_0B:70_0B:71_0B:82_0B;120,109,98,87,76,65,54,43,32,21,10,9,8,7,6,5,4,3,2,1,0,11,22,33,44,55,66,67,68,69,80,81,92,93,94,83,72,61,50,49,48,47,46,35;89,100,101,112,113,114,115,116,117,118,119,108,97,86,75,64,53,42,31,20,19,18;107,96,85,74,63,52,41,30,29,28,17,16,15,14,13,24;111,110,99,88,77,78,79,90,91,102,103,104,105,106,95,84,73,62,51,40,39,38,27;60,59,58,57,56,45,34,23,12
11,0,96,5,,45_0B:56_0B:57_0B:71_0B:72_0B:82_0B:90_0B:101_0B;3,2,1,0,11,22,23,24,25,26,27,16,17,18,19,20,31,42,53,64,75,74,73,84,83;85,96,95,94,93,92,81,70;55,44,33,34,35,46,47,48,49,50,51,40;98,109,120,119,118,117,116,115,114,113,112,111,110,99,88,77,66,67,68,69,58,59,60,61,62,63,52,41,30,29,28,39,38,37,36;100,89,78,79,80,91,102,103,104,105,106,107,108,97,86,87,76,65,54,43,32,21,10,9,8,7,6,5,4,15,14,13,12
11,0,97,7,,13_0B:24_0B:51_0B:61_0B:62_0B:67_0B:68_0B:78_0B;94,83,84,85,86,75,64,53,42,31,30,29,28,27,26,15,4,5,6,7,8,9,10;89,100,101,102,91,92,81,70,59,60,49,50;103,104,93,82,71,72,73,74,63,52,41,40,39,38,37,48,47,58,69,80,79,90;108,107,118,117,116,115,114,113,112,111,110,99,88,77,66,55,44,45,34,23,12;56,57,46,35,36,25,14,3,2,1,0,11,22,33;105,106,95,96,97,98,109,120,119;87,76,65,54,43,32,21,20,19,18,17,16
11,0,98,7,,14_0B:24_0B:25_0B:78_0B:79_0B:90_0B:93_0B:104_0B;56,45,46,47,48,49,38,27,16,17,18,19,20;41,52,53,54,65,76,87,98,109,120,119,118,117,116,115;42,31,30,29,40,51,62,63,74,85,96,95;13,12,23,34,35,36,37,26,15;64,75,86,97,108,107,106,105,94,83,82,81,92,103,114,113,112,111,110,99;84,73,72,71,70,69,80,91,102,101,100,89,88,77,66,55,44,33,22,11,0,1,2,3,4,5,6,7,8,9,10,21,32,43;67,68,57,58,59,60,61,50,39,28
11,0,99,6,,63_0B:70_0B:74_0B:75_0B:81_0B:89_0B:100_0B;54,43,32,21,10,9,8,7,6,17,16,15,26,25,24;30,41,52,51,62,61,60,59,58;98,109,108,107,106,105,104,103,102,101,90,79,78,67;5,4,3,14,13,12,23,34,35,36,37,38,27,28,29,18,19,20,31,42,53,64,65,76,87,86,97,96,95,94,83;40,39,50,49,48,47,46,45,44,33,22,11,0,1,2;120,119,118,117,116,115,114,113,112,111,110,99,88,77,66,55,56,57,68,69,80,91,92,93,82,71,72,73,84,85
11,0,100,7,,14_0B:24_0B:25_0B:40_0B:50_0B:51_0B;3,2,1,0,11,22,33,44,45,46,47,58,69;80,81,70,59,48,49,38,27,16,17,18,19,20,31,42,53,64,75,86,97,108;110,99,88,77,66,55,56,57,68,79,90;39,28,29,30,41,52,63,62,73,84,95,106,117,116,115,114,113,112,111,100,89,78,67;74,85,96,107,118,119,120,109,98,87,76,65,54,43,32,21,10,9,8,7,6,5,4,15,26,37,36,35,34,23,12,13;61,60,71,82,93,92,91,102,101;103,104,105,94,83,72
11,0,101,5,,35_0B:36_0B:46_0B:47_0B:52_0B:63_0B:80_0B:91_0B;29,28,27,26,25,24,23,34,45,44,55,66,77,88,99,110,111,112,113,114,115,116,117,118;109,98,97,96,95,94,93,82,71,60,49,50,51,62,73,74,75,64,53,42,31,20,19,18,17,16,15,14,13,12,11,22,33;61,72,83,84,85,86,87,76,65,54,43,32,21,10,9,8,7,6,5,4,3,2,1,0;30,41,40,39,38,37,48,59,58,57,56,67,78,89,100,101,102,103,104,105,106,107,108,119,120;92,81,70,69,68,79,90
11,0,102,8,,85_0B:90_0B:91_0B:96_0B:97_0B:101_0B:102_0B;58,57,46,35,24,13,14,15;95,94,93,92,81,80,79,78,89,100;76,65,54,43,32,21,10,9,8,7,6,5,16,27,26,25,36;59,60,49,50,51,40;108,107,106,105,104,103,114,113,112,111,110,99,88,77,66,55,44,33,22,11,0,1,2,3,4;115,116,117,118,119,120,109,98,87,86,75,64,53,42,31,20,19,18,17;74,73,84,83,82,71,70,69,68,67,56,45,34,23,12;47,48,37,38,39,28,29,30,41,52,63,62,61,72
11,0,103,5,,29_0B:35_0B:36_0B:39_0B:40_0B:47_0B:81_0B:92_0B;0,1,2,3,4,5,6,7,8,9,10,21,32,43,54,65,76,87,98,109,120,119,118,117,116,115,114,113,112,101,100,89,78,79,80,69,70,71,82,93;111,110,99,88,77,66,67,68,57,46,45,34,23,24,25,26,37,48;28,17,18,19,20,31,42,53,64,75,86,97,108,107,106,105,104,103,102,91,90;84,73,62,51,50,49,38,27,16,15,14,13,12,11,22,33,44,55,56;30,41,52,63,74,85,96,95,94,83,72,61,60,59,58
11,0,104,7,,18_0B:19_0B:49_0B:60_0B:67_0B:78_0B:79_0B;58,47,46,45,44,33,22,11,0,1,2,3,4,5,6,7,8,9,10,21,32,43,54,65,76,87,98,109,120,119,118,117,116,115,114,113,112,111,100,89,90,91,92,93;110,99,88,77,66,55,56,57,68,69,80,81;24,25,26,27,38,39,50,61,72,83;42,53,64,75,86,97,108,107,106,105,104,103,102,101;34,35,36,37,48,59,70,71,82;84,73,62,51,40,29,28,17,16,15,14,13,12,23;94,95,96,85,74,63,52,41,30,31,20
11,0,105,6,,34_0B:45_0B:46_0B:49_0B:50_0B:85_0B:95_0B:96_0B;12,13,14,25,26,37,38,39,40,51,62,73,84;60,61,72,83,94,93,92,91,90,79,68,67,66,77,88,99,110,111,112,113,114,115,116,117,118,119,120,109,98,87,76,65,54,43,32,21,10,9,8,7,6,5,4,3,2,1,0,11,22;64,53,42,31,20,19,18,17,16,15;78,89,100,101,102,103,104,105,106,107,108,97,86,75,74,63,52,41,30,29,28,27;82,71,70,59,48,47,36,35,24,23;33,44,55,56,57,58,69,80,81
11,0,106,8,,28_0B:36_0B:39_0B:46_0B:47_0B:93_0B:103_0B:104_0B;86,97,108,107,106,105;84,73,62,63,64,65,54,43,32,21,10,9,8,19,30,41;23,12,13,2,3,4,5,6,7,18,29,40;101,100,89,78,67,56,45,34,35,24,25,14,15,16,17;1,0,11,22,33,44,55,66,77,88,99,110,111,112,113,102,91,90,79,68,57,58,59,48,37,26,27;38,49,60,71,70,69,80;114,115,116,117,118,119,120,109,98,87,76,75,74,85,96,95,94;20,31,42,53,52,51,50,61,72,83,82,81,92
11,0,107,8,,50_0B:51_0B:61_0B:62_0B:78_0B:89_0B:90_0B;7,8,9,10,21,32,43,42,53,64,75,86,85,96,95,94,93,92,91,80,79;30,41,52,63,74,73,72,71,60,59,58;45,34,35,24,25,14,15,16;31,20,19,18,29,40,39,38,49,48,47;11,0,1,2,3,4,5,6,17,28,27,26,37,36;109,120,119,118,117,116,115,114,113,112,111,110,99,88,77,66,67,68,69,70,81,82,83,84;54,65,76,87,98,97,108,107,106,105,104,103,102,101,100;46,57,56,55,44,33,22,23,12,13
11,0,108,6,,23_0B:34_0B:85_0B:89_0B:95_0B:96_0B:100_0B:101_0B;39,38,37,36,35,46,45,44,33,22,11;79,80,81,82,71,72,73,74,75,64,53,42,31,20,19,18,17,16,15,14;12,13,24,25,26,27,28,29,40,51,50,49,48,47,58,57,56,55,66;84,83,94,93,92,103,114,115,116,117,118,119,120,109,98;90,91,102,113,112,111,110,99,88,77,78,67,68,69,70,59,60,61,62,63,52,41,30;0,1,2,3,4,5,6,7,8,9,10,21,32,43,54,65,76,87,86,97,108,107,106,105,104
11,0,109,6,,12_0B:13_0B:24_0B:28_0B:38_0B:39_0B:106_0B:107_0B;30,29,40,51,50,49,60,59;33,44,55,66,77,88,99,110,111,112,113,114,115,116,117,118,119,108,97,86,75,74,73,84,83,82,93;58,47,48,37,26,27,16,17,18,19,20,31,42,53,64,65,76,87,98,109,120;54,43,32,21,10,9,8,7,6,5,4,15,14,25,36,35,46,57,68,79,90,91,92,81;3,2,1,0,11,22,23,34,45,56,67,78,89,100,101,102,103,104,105,94,95,96,85;41,52,63,62,61,72,71,70,69,80
11,0,110,7,,16_0B:17_0B:27_0B:58_0B:68_0B:69_0B;13,12,23,22,33,44,55,66,77,88,99,110,111,112,113,114,115,116,117;57,46,47,36,37,26,15,4,5,6;106,95,84,85,74,63,52;79,80,81,70,59,48,49,38,39,28,29,18,7,8,9,10,21,32,43,54,65,76,87,98,109,108;19,30,41,40,51,50,61,60,71,82,93,92,91,90,89,78,67,56,45,34,35,24,25,14,3,2,1,0,11;100,101,102,103,104,105,94,83,72,73,62;20,31,42,53,64,75,86,97,96,107,118,119,120
11,0,111,6,,23_0B:24_0B:67_0B:71_0B:78_0B:81_0B:82_0B;30,41,52,63,74,85,96,107,118,117,116,115,114,113,112,111;11,12,13,14,25,36,35,34,45,56;108,97,86,75,64,53,42,31,20,19,18,29,40,51,62,73,84,95,106,105,104,103,102,101,100,99,110;70,69,80,91,92,93,94,83,72,61,50,39,28,17;119,120,109,98,87,76,65,54,43,32,21,10,9,8,7,6,5,16,27,38,49,60,59,58,57,68,79,90,89,88,77,66,55,44,33,22;0,1,2,3,4,15,26,37,48,47,46
11,0,112,6,,35_0B:45_0B:46_0B:61_0B:62_0B:73_0B:107_0B:108_0B;34,33,44,55,56,57,58,47,48,49,50,51,40;60,59,70,69,68,67,66,77,88,99,110,111;6,7,8,9,10,21,32,43,54,65,76,87,98,109,120,119,118,117,116,115,114,113,112,101,90,91,92,93,94,83,84,85,74,63,52;39,38,37,36,25,24,23,22,11,0,1,2,3,4,5,16,17,18,19,20,31;100,89,78,79,80,81,82,71,72;102,103,104,105,106,95,96,97,86,75,64,53,42,41,30,29,28,27,26,15,14,13,12
11,0,113,6,,19_0B:20_0B:30_0B:31_0B:80_0B:85_0B:91_0B:96_0B;38,37,36,47,46,57,56,67,78,89,100,111,112,113,114,115,104;73,62,61,60,59,58,69,68,79,90,101,102,103,92;71,72,83,84,95,106,107,108,97,86,75,64,53,42,41,40,29,18,17,16,15,14,13,12,23,22,33;74,63,52,51,50,49,48;11,0,1,2,3,4,5,6,7,8,9,10,21,32,43,54,65,76,87,98,109,120,119,118,117,116,105,94,93,82,81,70;39,28,27,26,25,24,35,34,45,44,55,66,77,88,99,110
11,0,114,8,,27_0B:38_0B:42_0B:52_0B:53_0B:80_0B:91_0B:92_0B;90,79,68,69,70,81,82,83,84,73,74,75;10,9,8,7,6,17,16,15,26,25;37,48,47,46,45,34,23,12;51,40,41,30,31,32,43,54;36,35,24,13,14,3,4,5;76,65,64,63,62,61,72,71;117,118,119,120,109,98,87,86,85,96,95,94,93,104,103,102,101,100,89,78,67,56,57,58,59,60,49,50,39,28,29,18,19,20,21;97,108,107,106,105,116,115,114,113,112,111,110,99,88,77,66,55,44,33,22,11,0,1,2
11,0,115,5,,35_0B:36_0B:42_0B:52_0B:53_0B:70_0B:71_0B;31,20,19,18,17,16,15,14,13,12,11,22,33,44,55,66,77,88,89,100,101,102,103,104,105,106,107,108,97,86,85,84,83,82,81,80,69,68,57;41,40,39,38,37,48,47,46;96,95,94,93,92,91,90,79,78,67,56,45,34,23,24,25,26,27,28,29,30;58,59,60,61,72,73,74,75,76,87,98,109,120,119,118,117,116,115,114,113,112,111,110,99;0,1,2,3,4,5,6,7,8,9,10,21,32,43,54,65,64,63,62,51,50,49
11,0,116,6,,25_0B:30_0B:31_0B:36_0B:41_0B:81_0B:92_0B;24,35,46,57,68,79,90,101,112,113,114,115,116,117,118,119,120,109,98,87,76;59,60,49,38,27,16,5,4,3,2,1,0,11,22,33,44,55,66,77,88,99;64,75,86,97,108,107,106,105,104,103,102,91,80;10,9,8,7,6,17,28,39,50,61,72,71,70,69,58,47,48,37,26,15,14,13,12,23,34,45,56,67,78,89,100,111,110;83,84,73,62,51,40,29,18,19,20,21,32,43,42;65,54,53,52,63,74,85,96,95,94,93,82
11,0,117,7,,36_0B:37_0B:53_0B:63_0B:64_0B:68_0B:69_0B:79_0B;108,107,106,105,104,103,102,101,100,89,78,67;38,27,26,15,4,3,2,1,0,11,22,33,44,55,66,77,88,99,110,111,112,113,114,115,116,117,118,119,120,109,98,87,76,65,54,43,32,21;13,12,23,34,45,56,57,58,59,60,61,62,51,52,41,42,31,20,9,10;85,84,83,82,93,92;14,25,24,35,46,47,48,49,50,39,28,17,18;94,95,96,97,86,75,74,73,72,71,70,81,80,91,90;40,29,30,19,8,7,6,5,16
11,0,118,6,,58_0B:59_0B:62_0B:63_0B:70_0B:73_0B;98,109,120,119,118,117,116,115,114,113,112,111,110,99,88,77,66,55,56,45,34,35,24,25,26,27,28,29,30,41;69,68,79,90,91,92,93,94,95,96;76,87,86,97,108,107,106,105,104,103,102,101,100,89,78,67;36,37,38,39,40,51,52,53,42,31,20,19,18,17,16,15,14,13,12,23;44,33,22,11,0,1,2,3,4,5,6,7,8,9,10,21,32,43,54,65,64,75,74,85,84,83,72,61,50;80,81,82,71,60,49,48,47,46,57
11,0,119,6,,23_0B:31_0B:34_0B:41_0B:42_0B:92_0B:93_0B:104_0B;103,102,101,100,89,78,79,68,57;12,13,24,35,46,45,56,67,66,77,88,99,110,111,112,113,114,115,116,117,118,119,120,109,98,87,76,65,64,53,52,51,40,29,30;55,44,33,22,11,0,1,2,3,14,25,36,47,58,69,80,91,90;4,15,26,37,48,59,70,81,82,83,94,95,96,85;105,106,107,108,97,86,75,74,63,62,61,50,39,28,17,18,19,20,21,32,43,54;10,9,8,7,6,5,16,27,38,49,60,71,72,73,84
11,0,120,7,,40_0B:50_0B:51_0B:58_0B:68_0B:69_0B:97_0B:108_0B;48,59,70,81,80,79,90,101,102,103,104,105,94,83,84;29,30,41,42,43,54,65,76,87,98,109,120,119,118,107;62,61,60,49,38,37,36,47;21,10,9,8,7,6,5,4,3,2,1,0,11,22,33,44,55,66,77,88,99,110,111,112,113,114,115,116,117,106,95,96,85,86,75,64,53;52,63,74,73,72,71,82,93,92,91;100,89,78,67,56,57,46,35,24,25,26,27,28,39;45,34,23,12,13,14,15,16,17,18,19,20,31,32
12,0,121,7,,20_0B:32_0B:77_0B:78_0B:93_0B:94_0B:105_0B:124_0B:125_0B;15,14,13,25,37,49,61,73,85,97,109,121,122,123,111,112,113,114,126,127,128,129,130,118,106;11,10,22,34,46,45,57,69,68;65,66,54,42,43,31,19,7,8,9,21,33;23,35,47,59,58,70,82,81,80,92,104,116,117;40,39,51,63,75,87,99,100,101,102,103,115;17,16,28,27,26,38,50,62,74,86,98,110;71,83,95,107,119,131,143,142,141,140,139,138,137,136,135,134,133,132,120,108,96,84,72,60,48,36,24,12,0,1,2,3,4,5,6,18,30,29,41,53,52,64,76,88,89,90,91,79,67,55,56,44
12,0,122,8,,26_0B:27_0B:32_0B:38_0B:39_0B:43_0B:44_0B:74_0B:75_0B:91_0B:92_0B:104_0B;134,133,121,109,97,85,73,61,62,63,64,76,77,89,90,102,103,115,116,117,105,93,81,69,70,58,46,34,33;29,30,31,19,20,21,22;18,17,16,28,40,41,42,54,55;126,127,128,129,130,118,106,94,82,83,71,59,47,35,23,11,10,9,8,7,6,5,4,3,2,1,0,12,24,36,48,60,72,84,96,108,120,132;45,57,56,68,67,66,65,53,52,51,50,49,37,25,13,14,15;80,79,78;136,135,123,122,110,98,86,87,88,100,101,113,114;99,111,112,124,125,137,138,139,140,141,142,143,131,119,107,95
12,0,123,9,,78_0B:79_0B:86_0B:87_0B:90_0B:91_0B:98_0B:99_0B;0,12,24,36,48,49,50,51,39,27,28,29,30;124,125,137,138,139,140,141,142,143,131,119,107,95,83,71,59,47,35,23,11,10,9,21,33,45,57,69,81,93,105,117,116,115,114;126,127,128,129,130,118,106,94,82,70,58,46,34,22;15,16,17,18,19,31,43,42,41,53,65,77,89,88,100,112,111,123,135,136;66,54,55,56,44,32,20,8,7,6,5,4,3,2,14,26,38,37;121,109,97,85,73,74,75,76;110,122,134,133,132,120,108,96,84,72,60,61,62,63,64,52,40;113,101,102,103,104,92,80,68,67;1,13,25
12,0,124,7,,30_0B:31_0B:42_0B:104_0B:105_0B:110_0B:111_0B:117_0B:122_0B:123_0B;72,84,96,108,120,132,133,134,135,136,124,112,100,99,98,86,74,62,50,49,37,25,13,14,15,27;64,52,40,28,16,4,5,6,7,8,9,10,11,23,35,47,59,71,83,82,94,93,92,91,103,115,116;32,33,45,57,56,68,67;53,41,29,17,18,19,20,21,22,34,46,58,70,69,81,80,79,78,90,102,114,126,127,128,129,130,118,106,107,95;26,38,39,51,63,75,76,77,65,66,54,55,43,44;121,109,97,85,73,61,60,48,36,24,12,0,1,2,3;119,131,143,142,141,140,139,138,137,125,113,101,89,88,87
12,0,125,9,,51_0B:62_0B:63_0B:67_0B:68_0B:79_0B:80_0B:98_0B:110_0B;94,106,105,117,116,115,127,126,125,113,101,100;35,47,59,71,83,95,107,119,118,130,129,128;91,90,78,66,54,55,56,57,45,33,32,31,30,29,28,27,26,25,24,12,0,1,2,3,4,5,6,7,8,9,10,11,23;114,102,103,104,92,93,81,69;82,70,58,46,34,22,21,20,19,18,17,16,15,14,13;44,43,42,41,53,65,77,89;131,143,142,141,140,139,138,137,136,135,134,133,132,120,108,96,84,72,73,61,49,50;60,48,36,37,38,39,40,52,64,76,88,87,99,111,112;124,123,122,121,109,97,85,86,74,75
12,0,126,8,,29_0B:41_0B:91_0B:92_0B:93_0B:103_0B:104_0B:105_0B:115_0B:116_0B:117_0B;125,124,123,122,121,109,97,98,99,100,101;66,65,64,63,62,61,49,37,25,13,14,15;102,90,89,77,76,75,74,73,72,60,48,36,24,12,0,1,2,3,4,5,6,7,8,9,10,11,23,35,47,59;110,111,112,113,114,126,127,128,129,130,118,106,94,82,81;78,79,67,55,56,57,58,46,34,22,21,20,19;44,43,42,54,53,52,40,39;88,87,86,85,84,96,108,120,132,133,134,135,136,137,138,139,140,141,142,143,131,119,107,95,83,71,70,69,68,80;51,50,38,26,27,28,16,17,18,30,31,32,33,45
12,0,127,9,,15_0B:27_0B:69_0B:70_0B:81_0B:82_0B:86_0B:87_0B;125,126,114,115,116,117,118;72,84,96,108,120,132,133,134,135,136,137,138,139,127,128,129,130;124,112,113,101,102,103,91,79,78,66,54,42,30,31,32,33,45,57,56;109,121,122,123,111,99,100,88,89,90;77,65,53,41,29,17,18,19,20,21,22,34,46,58;16,28,40,39,38,26,14,13;63,62,61,60,48,36,24,12,0,1,2,3,4,5,6,7,8,9,10,11,23,35,47,59,71,83,95,94,93;110,98,97,85,73,74,75,76,64,52,51,50,49,37,25;140,141,142,143,131,119,107,106,105,104,92,80,68,67,55,43,44
12,0,128,10,,42_0B:54_0B:69_0B:70_0B:81_0B:82_0B:113_0B:124_0B:125_0B;91,90,89,88,76,64,63,51,39,40;66,67,55,43,31,32,33,45,57,58;105,117,116,115,114,102,101,100,112;86,98,110,122,121,120,108,96,84,72,60,48,36,24,12,0,1,2,3,4;136,137,138,126,127,128,129,130,118,106,94,93,92,104,103;7,6,5,17,16,15,14,13,25,37,49,61,73,85,97,109;21,22,34,46,47,59,71,83,95,107,119,131,143,142,141,140,139;35,23,11,10,9,8,20,19,18,30;41,29,28,27,26,38,50,62,74,75,87,99,111,123,135,134,133,132;52,53,65,77,78,79,80,68,56,44
12,0,129,10,,87_0B:88_0B:93_0B:94_0B:99_0B:100_0B:105_0B:106_0B;102,103,91,79,80,81,82,70,58,46,45,33;101,89,77,76,64,52,40,39,38,50;117,118,130,142,141,140,139,138,137,136,135,134,133,132,120,108,96,84;143,131,119,107,95,83,71,59,47,35,23,11,10,9,8,7,6,18,30,42,54;5,17,29,41,53,65,66,78,90;19,31,43,55,67,68,69;57,56,44,32,20,21,22,34;75,63,51;15,14,13,25,37,49,61,62,74,86,98,110,111,112,113,114,115,116,104,92;26,27,28,16,4,3,2,1,0,12,24,36,48,60,72,73,85,97,109,121,122,123,124,125,126,127,128,129
12,0,130,6,,52_0B:53_0B:54_0B:64_0B:65_0B:66_0B:76_0B:77_0B:78_0B;121,122,110,111,112,113,114,115,116,117,105,93,81,69;3,2,14,13,25,37,49,61,73,85,97,109;44,43,55,67,79,91,90,89,88,87,75,63,51,39,40,28,16,4,5,6,7,8,9,10,11,23,35,47,59,71,83,95,107,119,131,143,142,141,140,139,138,137,136;57,45,33,32,31,30,42,41;56,68,80,92,104,103,102,101,100,99,98,86,74,62,50,38,26,27,15;1,0,12,24,36,48,60,72,84,96,108,120,132,133,134,135,123,124,125,126,127,128,129,130,118,106,94,82,70,58,46,34,22,21,20,19,18,17,29
12,0,131,8,,15_0B:16_0B:27_0B:87_0B:88_0B:99_0B:100_0B;57,45,33,32,31,30,18,6,7,8,9,10,11,23,35,47,59,71,83,95,107,119,131;54,55,67;39,51,52,53,41,42,43,44,56,68,69,81,93,105,117,129,130,142,143;141,140,128,116,104,92,80,79,78,66,65,64,63,62,50,38,26;102,101,113,112,111,110,98,86,74;40,28,29,17,5,4,3,2,1,0,12,24,36,48,60,72,84,96,108,120,132,133,134,135,136,137,138,139,127;118,106,94,82,70,58,46,34,22,21,20,19;14,13,25,37,49,61,73,85,97,109,121,122,123,124,125,126,114,115,103,91,90,89,77,76,75
12,0,132,8,,13_0B:14_0B:26_0B:31_0B:43_0B:44_0B:74_0B:81_0B:82_0B:86_0B:93_0B:94_0B;76,88,100,112,111,110,109,108,120,132,133,134,135,136,137,138,139,140,141,142,143,131,119,107,95,83,71;42,54,66,78,77,89,101,113,125,124,123,122,121;117,116,115,103,91,79,67,55,56,57,45,33,32,20,19,18,30,29,41,53,65,64;85,73,61,49,37,25,24,12,0,1,2;4,3,15,27,39,38,50,62,63;36,48,60,72,84,96,97,98,99,87,75;10,11,23,35,47,59,58,70,69,68,80,92,104,105,106,118,130,129,128,127,126,114,102,90;51,52,40,28,16,17,5,6,7,8,9,21,22,34,46
12,0,133,8,,40_0B:41_0B:52_0B:53_0B:56_0B:57_0B:69_0B:88_0B:100_0B:103_0B:104_0B:115_0B;23,11,10,9,8,7,6,5,17,29,30,42,54,66,65,64,76;33,34,35,47,59,71,83,95,107,119,131,143,142,141,140,139,138,137,125,124,123,122,110,98,86,74,62,50;20,21,22;79,78,77,89,101,113,112,111,99,87,75,63,51,39,38;121,109,97,85,73,61,49,37,25,13,14,15;43,55,67,68,80,81,93,105,117,116;26,27,28,16,4,3,2,1,0,12,24,36,48,60,72,84,96,108,120,132,133,134,135,136;92,91,90,102,114,126,127,128,129,130,118,106,94,82,70,58,46,45,44,32,31,19,18
12,0,134,7,,38_0B:39_0B:43_0B:44_0B:51_0B:55_0B:91_0B:103_0B;143,142,141,140,139,138,137,125,113,101,89,77,65,53;7,8,9,10,11,23,35,47,59,71,83,95,107,119,131,130,129,128,127,126,114,102,90,78,79,80,92;13,14,15,16,17,29,30,31,32,33,45,57,56;115,116,117,118,106,94,82,70,58,46,34,22,21,20,19,18,6,5,4,3,2,1,0,12,24,36,48,60,61;84,85,97,109,121,122,123,111,99,87,75,63,62,50,49,37,25,26,27,28;72,73,74,86,98,110;96,108,120,132,133,134,135,136,124,112,100,88,76,64,52,40,41,42,54,66,67,68,69,81,93,105,104
12,0,135,8,,14_0B:26_0B:31_0B:42_0B:43_0B:78_0B:79_0B:90_0B;121,109,108,96,84,72,60,61,62,74,86,87,88,100,112,113,114,115,116,117,118,106,94,95,83,71,59,47,35,23,11,10,9,8,7,19,18,30,29,41,53,54;105,104,103,102,101,89,77,76,75,63,51,50,49,48,36,24,12,0,1,2,3,4;13,25,37,38,39,27,15,16,17,5,6;143,142,141,140,139,138,137,136,135,134,122,110,98,97,85,73;120,132,133;107,119,131,130,129,128,127,126,125,124,123,111,99;80,68,69,57,45,33;91,92,93,81,82,70,58,46,34,22,21,20,32,44,56,55,67,66,65,64,52,40,28
12,0,136,7,,26_0B:27_0B:28_0B:38_0B:39_0B:40_0B:50_0B:51_0B:52_0B;110,98,86,74,62,63,64,65,53,41,29,30,31,43,55,67,68,69,70,71,59,47,35,23,11,10;124,125,126,127,128,129,130,118,106;44,56,57,58,46,34,22,21,9,8,7,6,5,4,3,2,1,0,12,24,36,48,60,72,84,96,108,120,132,133,134,135,136,137,138,139,140,141,142,143,131,119,107;91,79,78,66,54,42;45,33,32,20,19,18,17,16,15,14,13,25,37,49,61,73,85,97,109,121,122,123,111,112,100,88;95,83,82,81,80,92,104,103,102,90;99,87,75,76,77,89,101,113,114,115,116,117,105,93,94
12,0,137,8,,13_0B:14_0B:25_0B:45_0B:46_0B:103_0B:104_0B;81,80,79,78,66,54,42,30,18,6,7,8,9,10,11,23;5,17,29,41,53,65,77,89,88,87,99;106,118,130,129,128,127,126,125,124,123,122,121,109,97,85,73,61,62,63,51,39;1,0,12,24,36,37,38,26,27,15;2,3,4,16,28,40,52,64,76,75,74,86,98,110,111,112,113,114,115,116,117,105;20,19,31,43,55,67,68,69,70,82,94,93,92,91,90,102,101,100;34,35,47;22,21,33,32,44,56,57,58,59,71,83,95,107,119,131,143,142,141,140,139,138,137,136,135,134,133,132,120,108,96,84,72,60,48,49,50
12,0,138,7,,16_0B:17_0B:29_0B:69_0B:70_0B:81_0B:82_0B:88_0B:89_0B:100_0B;101,102,90,91,92,93,94,106,118,130;44,43,42,41,40,28,27,15,14,13,25,37,36,48,60,72,84,96,108,120,132,133,134,135,136,137,138,139,140;66,65,64,63,62,74,86,98,110,111,112,113,114,115,103,104,105,117,129,141,142,143,131,119,107,95,83,71,59,47,35,23,11,10,9,8,7;24,12,0,1,2,3,4,5,6,18,19,20,21,22,34,46,58;116,128,127,126,125,124,123,122,121,109,97,85,73,61,49,50,51,52,53,54,55,67;99,87,75,76,77,78,79,80,68,56,57,45,33,32,31,30;26,38,39
12,0,139,7,,73_0B:74_0B:78_0B:85_0B:90_0B:91_0B;99,111,112,113,114,115,116,117,105,93,81,69,68,56,44,32,20,8,7,6,5,4,3,2,1,0,12;132,120,108;100,101,102,103,104,92,80,79,67,55,43,31,19,18,17,16,15,14,13,25,24;57,45,33,21,9,10,11,23,35,47,59,71,83,95,107,119,131,143,142,141,140,139,138,137,136,135,134,133,121,109,97,96,84,72,60,61,62,63,64,52;89,88,87,86,98,110,122,123,124,125,126,127,128,129,130,118,106,94,82,70,58,46,34,22;36,37,38,26,27,28,29,30,42,54,66,65,77,76,75;48,49,50,51,39,40,41,53
12,0,140,9,,19_0B:31_0B:63_0B:64_0B:75_0B:76_0B:81_0B:82_0B:93_0B:109_0B:110_0B:122_0B;132,133,121;22,34,46,58,70,69,68;134,135,136,137,138,139,140,141,142,143,131,119,107,95,83,71,59,47,35,23,11,10,9,21,33,45,57,56;15,16,28,40,52,53,65,77,89,101;49,61,73,85,97,98,99,111,123,124,125,126,127,128,129,130;13,14,2,3,4,5,17,29,41,42,54,66,78,90,91,103,115,116,117,118,106,94;51,39,27,26,25,24,12,0,1;105,104,92,80,79,67,55,43,44,32,20,8,7,6,18,30;102,114,113,112,100,88,87,86,74,62,50,38,37,36,48,60,72,84,96,108,120
12,0,141,7,,38_0B:49_0B:50_0B:54_0B:65_0B:66_0B:99_0B:100_0B:104_0B:111_0B:115_0B:116_0B;90,78,77,76,64,63,62,61,73,85,84,96,108,120,132;136,135,134,133,121,109,97,98,86;72,60,48,36,37,25,26,27,39,51,52,53,41,42,43,44,56,68,80,92,93,105,117,129,128,127,126,114,113,112;24,12,0,1,2,3,4,5,6,7,8,9,10,11,23,35,47,59,71,83,95,107,119,131,143,142,141,140,139,138,137,125,124,123,122,110;55,67,79,91,103,102,101,89,88,87,75,74;40,28,29,30,31,32,33,45,57,69,81,82,94,106,118,130;70,58,46,34,22,21,20,19,18,17,16,15,14,13
12,0,142,8,,14_0B:26_0B:27_0B:31_0B:32_0B:109_0B:110_0B:121_0B;11,23,35,47,59,71,83,95,94,93,92,80,68,56,44,43,42,30,18,17,5,4;135,136,137,138,139,140,141,142,143,131,119,118,117,116,115,114,102,90,78,66,65,64,63,62,50,38,39,40,41,29;130,129,128,127,126,125,113,112,111;88,87,86,85,84,72,60,48,36,24,12,0;6,7,19,20,21,33,45,57,69;124,123,122,134,133,132,120,108,96,97,98,99,100,101,89,77,76,75,74,73,61,49,37,25,13,1,2,3,15,16,28;51,52,53,54,55,67,79,91,103,104,105,106,107;8,9,10,22,34,46,58,70,82,81
12,0,143,6,,64_0B:65_0B:66_0B:76_0B:77_0B:78_0B:88_0B:89_0B:90_0B;69,57,45,33,32,31,30,29,28,27,26,25,37,49,61,73,85,97,109,121;101,102,103,104,105,106,107,95,83,71,59,47,35,23,11,10,9,8,7,6,5,4,3,2,1,0;122,110,98,86,74,62,50,38,39,40,41,42,43,44,56,68,80,81;79,67,55,54,53,52,51,63,75,87,99,111,123,124,125,126,127,128,129,130;91,92,93,94,82,70,58,46,34,22,21,20,19,18,17,16,15,14,13,12;24,36,48,60,72,84,96,108,120,132,133,134,135,136,137,138,139,140,141,142,143,131,119,118,117,116,115,114,113,112,100
12,0,144,8,,37_0B:38_0B:49_0B:54_0B:55_0B:98_0B:109_0B:110_0B:114_0B:115_0B;132,133,134;111,112,124,125,126,127,128,129,117,105,93,92,91,79,78,77,65,53,41,42,43,44,56,57,58,59,47,35,23,11,10,9,8,7,6,5,4,3;97,85,86,74,62,50,51,39,27,26,25,13;130,118,106,94,82,81,80;76,88,89,90,102,103,104,116;66,67,68,69,70,71,83,95,107,119,131,143,142,141,140,139,138,137,136,135,123,122,121,120,108,96,84,72;113,101,100,99,87,75,63,64,52,40,28,29,30,31,32,33,45;46,34,22,21,20,19,18,17,16,15,14,2,1,0,12,24,36,48,60,61,73
12,0,145,5,,53_0B:54_0B:55_0B:65_0B:66_0B:67_0B:77_0B:78_0B:79_0B:98_0B:110_0B;13,14,26,38,50,62,74,86,87,99,111,112,113,114,115,116,117,105,93,81,69,57,45,33,32,31,30;104,103,102,101,100,88,76,75,63,51;64,52,40,39,27,15,3,2,1,0,12,24,36,48,60,72,84,96,108,120,132,133,134,135,136,137,138,139,140,141,142,143,131,119,107,95,83,71,59,47,35,23,11,10,9,8,7,6,5;17,18,19,20,21,22,34,46,58,70,82,94,106,118,130,129,128,127,126,125,124,123,122,121,109,97,85,73,61,49,37,25;89,90,91,92,80,68,56,44,43,42,41,29,28,16,4
12,0,146,7,,13_0B:14_0B:25_0B:67_0B:68_0B:80_0B:111_0B:122_0B:123_0B:129_0B:130_0B;22,21,20,19,18,17,16,15,27,26,38,37,49,61,73,85,97;77,65,66,54,55,56,57,58,59,71,83,95,107,119,131,143,142,141,140,139,138,137,136,135,134,133,132,120,108,96,84,72,60,48,36,24,12,0,1,2,3,4,5,6,7,8,9,10,11,23;69,70,82,94,106,118,117,116,128,127,126,125,124,112,100,99,87,75,63;101,113,114,115,103,104,105;78,79,91,92,93,81;34,33,32,31,30,29,28,40,39,51,50,62,74,86,98,110,109,121;35,47,46,45,44,43,42,41,53,52,64,76,88,89,90,102
12,0,147,7,,17_0B:18_0B:29_0B:37_0B:38_0B:49_0B:86_0B:98_0B:106_0B:118_0B;56,68,67,66,65,77,89,101,113,112;110,111,99,100,88,76,64,63,62,50;3,4,5,6,7,19,20,21,22,34,46,58,70,82,94;87,75,74,73,72,84,96,108,120,132,133,134,135,136,137,138,139,127,115,103,91,92,93,105,117,129,130,131,119,107,95,83,71,59,47,35,23,11,10,9,8;61,60,48,36,24,12,0,1,2,14,15,16,28,40,41,42,30,31,32,33;104,116,128,140,141,142,143;85,97,109,121,122,123,124,125,126,114,102,90,78,79,80,81,69,57,45,44,43,55,54,53,52,51,39,27,26,25,13
12,0,148,8,,27_0B:28_0B:40_0B:78_0B:79_0B:85_0B:90_0B:97_0B;107,119,131,143,142,141,140,139,138,137,136,135,134,133,132,120,108,96,84,72,73,61,49,37,25,13,14,15,16,17,29,41;50,62,74,86,98,110,111,112,113,114,102,103,91,92,80,68,69,57,45,33;56,44,32,20,21,22,34,46,58,70,82,81,93,105,104,116,115,127,126,125,124,123,122,121,109;26,38,39,51,63,75,87,99;117,129,128;101,100,88,76,64,52,53,54,42,30,18,6,5,4,3,2,1,0,12,24,36,48,60;71,83,95,94,106,118,130;89,77,65,66,67,55,43,31,19,7,8,9,10,11,23,35,47,59
12,0,149,7,,51_0B:52_0B:63_0B:81_0B:93_0B:94_0B:101_0B:102_0B:113_0B;71,59,58,46,34,22,21,20,19,18,17,16,15,14,13,25,37,49,61,73,85,97,109,121,122,123,124,125,126,114,115,103;39,40,41,53,65,64;117,116,128,127,139,138,137,136,135,134,133,132,120,108,96,84,72,60,48,36,24,12,0,1,2,3,4,5,6,7,8,9,10,11,23,35,47;79,91,90,89,88,100,112,111,110,98,86,74,62;142,143,131,119,107,95,83,82,70,69,57,45,33,32,31,30,29,28,27,26,38,50;140,141,129,130,118,106,105,104,92,80,68,67,55;56,44,43,42,54,66,78,77,76,75,87,99
12,0,150,6,,28_0B:33_0B:34_0B:39_0B:40_0B:45_0B:46_0B:76_0B:88_0B:104_0B:105_0B;80,68,67,55,43,42,41,53,52,51,50,38,26,27;75,87,99,100,101,113,114,126,127,128,129,130,131,119,107,95,83,71,59,47,35,23,11,10,9,8,7;143,142,141,140,139,138,137,136,135,123,122,121,109,97,85,73,61,49,37,25,13,14;125,124,112,111,110,98,86,74,62,63,64,65,77,89,90,102,103,115,116,117,118,106,94,82,70,58,57,56,44,32,31,30,29,17,16,15;69,81,93,92,91,79,78,66,54;134,133,132,120,108,96,84,72,60,48,36,24,12,0,1,2,3,4,5,6,18,19,20,21,22
