6,1,1,5;26,25,19;14,13,7,1,0;16,22,28,27;8,2,3,4,5;6,12,18,24,30,31,32,33,34,35,29,23,17,11,10,9,15,21,20
6,1,2,6;5,11,10;31,32,33,34,35,29,23,17;22,21,20,14,13,7;16,15,9,3,4;28,27,26,25,24,30;19,18,12,6,0,1,2,8
6,1,3,5;19,25,26;35,34,33,32,31,30,24,18,12,6,0,1,2,3,4,10;28,22,16,15,9,8;7,13,14,20,21,27;29,23,17,11,5
6,1,4,4;21,22,16;5,11,10,9,15,14,20,26,27,28;17,23,29,35,34,33,32,31,30,24,18,12,6,0,1;4,3,2,8,7,13,19,25
6,1,5,5;7,8,9,15,16,22,28;33,32,26,25,19,18,12,6,0,1,2,3,4,5;10,11,17,23,29,35,34;24,30,31;27,21,20,14,13
6,1,6,4;16,10,4;35,29,28,27,26,25,19,13,7;5,11,17,23,22,21,20,14,8,2,1,0,6,12,18,24,30,31,32,33,34;15,9,3
6,1,7,6;26,27,28,29,35;17,23,22,21;1,0,6;4,3,2,8,7,13,12,18,24,30;34,33,32,31,25,19,20,14,15,9;16,10,11,5
6,1,8,5;10,9,8;19,18,12,6,0,1,2,3,4,5,11;7,13,14,15,16,17,23,29,35,34;30,24,25,26,20,21,22;28,27,33,32,31
6,1,9,5;20,26,32,31,30,24;25,19,18,12;1,2,8,9,10,16,17,23,29,35,34,33,27;3,4,5,11;28,22,21,15,14,13,7,6,0
6,1,10,5;9,8,7,1,0;25,26,20,21,15;10,16,22,28,27;14,13,19;2,3,4,5,11,17,23,29,35,34,33,32,31,30,24,18,12,6
6,1,11,5;25,26,27,28,22,16,10,9;8,14,15,21;31,32,33;30,24,18,12,6,0,1,2,3,4,5,11,17,23,29,35,34;20,19,13,7
6,1,12,6;13,14,8,9;0,1,2,3,4,5,11,17,23,22;34,33,27,26,25,19,18,12,6,7;28,29,35;24,30,31,32;10,16,15,21,20
7,2,1,6;3,2,1,0,7,14,21,28,35,42;10,9,8,15;25,32,39,38,37,30,23,16;6,5,4,11,18,17,24,31;13,12,19,26,33,40;22,29,36,43,44,45,46,47,48,41,34,27,20
7,2,2,6;0,7,14;24,23,16,9,10,3;4,5,12,19,26,25,32,31,30,29;17,18,11;41,48,47,46,45,44,43,42,35,28,21,22,15,8,1,2;6,13,20,27,34,33,40,39,38,37,36
7,2,3,5;40,33,26;18,25,32,39;0,7,14,21,28,35,42,43,44,45,46,47,48,41,34;27,20,19,12,11,10,17,24,31,38,37,36,29,22,15,8,1;30,23,16,9,2,3,4,5,6,13
7,2,4,7;40,33,26,19,12,11,10,9;18,25,32,39;36,37,38;28,35,42,43,44,45,46,47,48,41,34,27,20,13,6,5,4,3,2;8,15,16,23;1,0,7,14,21,22;17,24,31,30,29
7,2,5,7;23,30,31,32,25,18;15,16,17,24;43,36,37;42,35,28,29,22;44,45,46,47,48,41,34,27,20,19,12,11,10,9,8,7,14,21;38,39,40,33,26;13,6,5,4,3,2,1,0
7,2,6,5;44,37,30,23;26,33,40;0,1,2,3,4,5,12,19,18,25,32,39;42,43,36,29,22,15,16,17,24,31,38,45,46,47,48,41,34,27,20,13,6;35,28,21,14,7,8,9,10,11
7,2,7,5;4,5,12,19,26,33,40,39,38,37,36,29;8,15,22,23,30,31,32,25,18,11,10,3;7,14,21,28,35,42,43,44,45,46,47,48,41,34,27,20,13,6;9,16,17,24;0,1,2
7,2,8,7;20,13,6,5,4;25,32,33;8,15,22,23;9,16,17,18;26,27,34,41,48,47,46,45,44,43,42,35,28,29,30,31,24;36,37,38,39,40;19,12,11,10,3,2,1,0,7,14,21
7,2,9,7;19,12,11,10,9,8,1;42,35,28,21,22,23,24;31,32,33;37,38,39,40,41,34,27;48,47,46,45,44,43,36,29,30;0,7,14,15,16,17,18,25,26;20,13,6,5,4,3,2
7,2,10,7;46,47,48,41;31,38,45,44,43,42,35,28,21,14,15,8;36,37,30;6,13,20,27,34,33,40;39,32,25,26,19,12,5;29,22,23,16,9,10;7,0,1,2,3,4,11,18,17,24
8,3,1,9;50,58,57,56;51,59,60,61,62,63,55,47,39,31;30,38,46,54,53,52;10,2,3,4,5,6,7,15,23,22,21,29,37,45;8,16,17,18,19,11;33,34,35,36;40,32,24,25,26,27,28,20,12,13,14;44,43,42,41,49,48;0,1,9
8,3,2,8;59,58,57,56,48,40,32,24,16,8,9,10,11,12,13,14,22,23,31,39,38,46,45,44,43;47,55,63,62,61,60;52,53,54;42,34,26,18;0,1,2,3,4,5,6,7,15;35,27,19,20,21,29,30;28,36,37;51,50,49,41,33,25,17
8,3,3,6;14,13,12,20,28,36,35,43,51,52,53,54,46,38,30,31;0,1,2,3,4,5,6;7,15,23,22,21,29,37,45,44;11,10,9,8,16,24,32,40,48,56,57;18,17,25,33,41,49;39,47,55,63,62,61,60,59,58,50,42,34,26,27,19
8,3,4,8;18,19,20,12,4;46,38,30,22,14;48,56,57,58,59;51,50,49;28,27,26,25,17,9,10,11,3;21,13,5,6,7,15,23,31,39,47,55,54,53,45;63,62,61,60,52,44,43,42,41,40,32,24,16,8,0,1,2;29,37,36,35,34,33
8,3,5,6;22,21,20,28,36,44,43,42;7,6,5,4,3,2,1,0,8,16;35,27,19,11,12,13,14,15,23,31,39,38,46,54;30,29,37,45,53,52,51,50;49,41,33,34,26,18,10,9;17,25,24,32,40,48,56,57,58,59,60,61,62,63,55,47
8,3,6,7;54,53,45,37,29,30;39,31,23,22,21;6,5,4,3,2,1,0,8,16,24,32,40,48,56,57,58,59;28,27,35;62,63,55,47,46,38;7,15,14,13,12,20,19,18,26,34,42,43,44,36;11,10,9,17,25,33,41,49,50,51,52,60,61
9,4,1,7;80,79,70,61,52,43;71,62,53,44,35,26,17,8,7,6,5,4,3,2,1,10,19,28,37,38;12,21,22,31,40,49,58,57,56;11,20,29,30,39,48,47,46,55,64,65,66,67,68,69,60,51,42,33,34;15,14,13;59,50,41,32,23,24,25,16;0,9,18,27,36,45,54,63,72,73,74,75,76,77,78
9,4,2,9;30,39,48,57,66,67,68;41,32,23,24,25;73,64,55,46,45,36,27,18,9,0,1,2,3,12,13,14,15,16;70,71,62,53,44;54,63,72;4,5,6,7,8,17,26,35,34,33,42,51,50;11,10,19,28,37;80,79,78,77,76,75,74,65,56,47,38,29,20,21,22,31,40,49,58,59;69,60,61,52,43
9,4,3,9;44,53,62,71,80;61,70,79,78,77,76,75,74,73,72,63,54,45,36,27,18,9,10;46,55,64,65,66,67,68,69,60,51,50;0,1,2,3,4,5,6,7,8,17;24,33,34;23,32,41,42,43,52;35,26,25,16,15,14,13,12,11,20,19,28,37,38,47,56,57;21,22,31,40;29,30,39,48,49,58,59
9,4,4,9;58,67,76,77,78,79,80;44,35,26,17,8,7,6,5,4,13,22,31,30;57,48,49,50,59,68,69;19,18,27,36,45,54,63,72,73,74,75,66;64,55,46,37,28,29,20,11,10,9,0;70,61,60,51,42,33,34,25,16,15,14;43,52,53,62,71;1,2,3,12,21;65,56,47,38,39,40,41,32,23,24
9,4,5,8;47,56,65,74,73,72,63,54,45,36,27,18,9,0,1,2,11;33,24,25,16;34,43,52,61,70,69,68;50,49,48,57,66,75;29,20,21,22,13,14,15;23,32,31,30;64,55,46,37,28,19,10;12,3,4,5,6,7,8,17,26,35,44,53,62,71,80,79,78,77,76,67,58,59,60,51,42,41,40,39,38
10,5,1,11;37,36,35,45,55,65,75,74,73,63,53,43,42,41,51,50,60,70,80,90;1,2,12,22,23,24,34,44,54,64;52,62,61,71,81,91,92,93,94,84;77,67,57,47;83,82,72;11,21,31,32,33;3,4,5,6,16,17,18,19,29,39,49,59,69,79,89,99,98,97,96,95,85;0,10,20,30,40;9,8,7;58,48,38,28,27,26,25,15,14,13;46,56,66,76,86,87,88,78,68
10,5,2,9;31,21,11,12,13,14,15,16,17,18,19;48,58,68,78;88,87,86,85,84,83,82,81,71,61;37,38,39,49,59,69,79,89,99,98,97,96,95,94,93,92,91,90,80,70,60,50,51,52,62,72,73,74,75,76,77;33,34,35,45;32,22,23,24,25,26,36,46,56,55,54,44,43;27,28,29;9,8,7,6,5,4,3,2,1,0,10,20,30,40,41,42;47,57,67,66,65,64,63,53
10,5,3,10;18,28,38,48,58,57,56,55,54,53,52,51;10,11,12,13,23,24;20,21,22,32,33,34,35,25,15,14,4,3,2,1,0;72,73,74,75,76,77,78,79;5,6,16,26,36;99,98,97,96,95,94,93,92,82,81,71,70;91,90,80;19,9,8,7,17,27,37,47,46,45,44,43,42,41,31,30;83,84,85,86,87,88,89;40,50,60,61,62,63,64,65,66,67,68,69,59,49,39,29
11,6,1,11;85,96,107,106,105,104,93,82,83,72;78,67,56,45,34,23,12,13,14,25,26,27;29,40,51,50,49,48,59,58,69,80;118,119,108,97,86;99,110,111,112,113;52,41,30,19,18,17,28,39,38,37,36,47;92,81,70,71,60,61,62,63,64,53,42,31,20;120,109,98,87,76,65,54,43,32,21,10,9,8,7,6,5,16;94,95,84,73,74,75;117,116,115,114,103,102,91,90,79,68,57,46,35,24;15,4,3,2,1,0,11,22,33,44,55,66,77,88,89,100,101
11,6,2,10;63,52,41,40,39,38,37,36,47,58;25,26,27,28,29,30,31,42,53,64,75,86,97,108,107,106,105,104,103,102,91,90,79;12,23,34,45,56,57;78,89,100,101,112,113,114,115,116,117,118,119,120,109,98,87,76,65,54,43,32,21,10,9,8,7,6,5,4,3,2;20,19,18,17,16,15,14,13,24,35,46;62,51,50,49,48;59,60,61,72,73,74,85;96,95,94,93,92,81,80,69,68,67,66,55,44,33,22,11,0,1;84,83,82,71,70;77,88,99,110,111
12,7,1,13;58,46,45,44,43,42,41,40,39,51,50,62,61,60,72,84,96,108,109,121,122,134,135,136;123,124,112,100,99;141,142,143,131,119,107,95,83,82,81,80,68,67;22,34,33,32,31,30,29,28,27,26,38,37;90,89,77,65,53,54,55,56,57,69,70,71,59,47,35,23,11,10,9,21,20,19,18,17,16,15,14,13,25;133,132,120;140,139,138,137,125,113,101,102,103,115,116;128,127,126,114;76,88,87,86;130,118,106,94,93,92,91,79,78,66;104,105,117,129;49,48,36,24,12,0,1,2,3,4,5,6,7,8;52,64,63,75,74,73,85,97,98,110,111
12,7,2,13;112,111,123;24,36,48,49,50,51,63,64,65,66,67,68;9,10,11,23,35,47;16,17,18,19,7,8;22,34,46,58,59,71,83,95,107,119,131,143,142,141,140,139,127,115,114,113,125,124,136,135,134,122,121;15,3,4,5,6;12,0,1,2,14,26,27,28,29,30,31,32,20;126,138,137;133,132,120,108,109,110,98,99,100,101,102,103,104,116,128,129,130;97,96,84,72,60,61,62,74,75,76,77,78,79,80,81;13,25,37,38,39,40,41,42,43,44,45,33,21;106,94,82,70,69,57,56,55,54,53,52;73,85,86,87,88,89,90,91,92,93,105,117,118
7,8,1,6;47,40,33,26,19,12,11;38,31,24,17,10,3,4,5,6,13,20,27,34,41,48;18,25,32,39,46,45,44,43,42,35,28;0,1,2,9,16,23,30,37;7,8,15;14,21,22,29,36
7,8,2,5;48,47,40,33,26,25,24,23,16;31,32,39,46,45,44,43,42,35,28,21,14,7,0,1,2,3;30,37,38;36,29,22,15,8,9,10,17,18,19,12;41,34,27,20,13,6,5,4,11
7,8,3,5;16,15,14,21,28,35;13,20,27,34,33,40,39,38;6,5,12,19,26,25,32,31,30,37,44,45,46,47,48,41;42,43,36,29,22,23,24,17,10,9,8,7,0;18,11,4,3,2,1
7,8,4,4;6,5,12,19,26,33,40,39,38;0,7,8,9,10,17,24,23,22,29,36,43,44,45,46,47,48,41,34,27,20,13;1,2,3,4,11,18,25,32,31,30,37;16,15,14,21,28,35,42
7,8,5,7;44,43,42,35,28,21,14,7,0,1,2,3,4,5,6,13,20,19;40,33,34,27;45,46,47,48,41;16,17,18;39,32,31,30;26,25,24,23;12,11,10,9,8,15,22,29,36,37,38
5,9,1,4;24,19,14,9,4,3,2;5,10,11;8,13,18,23,22,21,20;0,1,6,7,12,17,16,15
6,9,2,6;31,32,33,34,35,29,23,17,11,5,4,3,9,15,21;10,16,22,28;27,26,25,24,30;2,1,7,13,19;20,14,8;0,6,12,18
7,9,3,6;0,7,8,15,22,23,24;1,2,9,16,17,18,25,26,33,40,47,46,45,44,43,42;14,21,28,35,36,37,38,39,32;31,30,29;19,12,11,10;48,41,34,27,20,13,6,5,4,3
8,9,4,6;20,21,22,30,38,46,54,53,52;12,13,14,15,23,31,39,47,55,63,62,61,60,59,58,50,42;51,43,44,45,37,29,28,27,19,11,10,9;7,6,5,4,3,2,1,0,8,16,24,32,40,48,56;36,35,34,26,18;57,49,41,33,25,17
5,9,5,4;10,5,0;24,19,14,9,4,3,2,1,6,11;15,20,21,22,23,18,13,8;7,12,17,16
6,9,6,6;33,34,28;35,29,23,17,16;8,14,20;25,19,13,7,1,2,3,4,5;0,6,12,18,24,30,31,32,26,27;22,21,15,9,10,11
7,9,7,5;7,0,1,2,3,4,5,6,13,20,27,34,41,48,47,46,45,44,43,42;35,28,21,14,15,16,17;37,30,31,32,33,26,19,12,11,10,9,8;36,29,22,23,24,25,18;38,39,40
8,9,8,7;10,11,12,13,14,15,23,31,39,47,55;38,30,22,21,20,28,36;19,27,35;61,60,59,58,57,56,48,40,32,24,16,8,0,1,2,3,4,5,6,7;44,43,42,34,26,18,17,9;46,54,62,63;25,33,41,49,50,51,52,53,45,37,29
7,10,1,7;41,40,39,38;22,15,16,17,18;48,47,46,45,44,43,36,29;23,30,37;42,35,28,21,14,7,0,1,2,3,4,5,6;31,32,33,34,27,20,13,12,11,10,9,8;24,25,26,19
8,10,2,8;57,56,48,40,41,42,34,26,27,19,11,10,9,8,0;55,63,62,61,60,59,58,50,49;32,33,25;44,43,35;20,12,4,3,2,1;24,16,17,18;14,22,30,38,37,45,53,52,51;36,28,29,21,13,5,6,7,15,23,31,39,47,46,54
9,10,3,9;49,48,47,56,65,74,75;30,39,40;80,79,78,77,76;13,12,11,10,19,28,27,36,45,54,63,72;14,23,24,33,42,51,50,59,68,67;58,57,66;73,64,55,46,37,38,29,20,21,22,31,32,41;69,60,61,52,43,34,25,16,15,6,5,4,3,2,1,0,9,18;7,8,17,26,35,44,53,62,71,70
7,10,4,6;8,9,10;39,40,33,26,19;43,42,35,28,21,14,7,0,1,2,3,4,5,6;23,30,37,44;36,29,22,15,16,17,24,31,38,45,46,47,48;32,25,18,11,12,13,20,27,34,41
8,10,5,7;0,8,16,24,32,33;52,51,50,49;27,28,29,37,45,53,54;3,2,10,18,19,20,21,22,30,38,46,47,55,63,62,61,60,59,58,57,56,48,40,41,42,43,44;39,31,23,15,14,13,12,11;1,9,17,25,26,34,35,36;7,6,5,4
9,10,6,7;47,38,29,20,19,10;22,13,14,15,16,25,34,43,52,61,70,69,68;40,39,48,57,56,55,46,37,28,27,18,9,0,1;11,2,3,4,5,6,7,8,17,26,35,44,53,62,71,80,79,78,77,76,75,66,65,64;12,21,30,31,32,41,50,49,58,67;23,24,33,42,51,60,59;36,45,54,63,72,73,74
5,11,1,4;13,18,17;8,7,6,5,10;15,20,21,22,23,24,19,14,9,4,3,2,1,0;16,11,12
5,11,2,4;24,23,18,17,12;5,10,15,20;0,1,2,3,4,9,14,19;13,8,7,6,11,16,21,22
5,11,3,4;17,16,11,6;7,12,13,18,23,22,21,20,15,10,5,0;8,9,14,19,24;1,2,3,4
5,11,4,5;23,22,21,16,11,6;20,15,10,5,0,1,2,3,8;7,12,17;18,19,24;4,9,14,13
5,11,5,4;17,12,11;16,15,10,5,0;6,7,8,13,18,23,22,21,20;1,2,3,4,9,14,19,24
5,11,6,4;15,20,21;18,13,8,3,2,1,0,5,10,11;16,17,22,23,24,19,14,9,4;12,7,6
5,11,7,5;14,19,24,23,22,21;0,5,6,7,12,17,16;1,2,3,4;20,15,10,11;9,8,13,18
5,11,8,4;0,5,6,11,16;23,24,19,14,9;18,13,8,3,4;10,15,20,21,22,17,12,7,2,1
5,11,9,4;0,1,2,3,4,9,14,19,24,23,22;13,12,11,10,15,20,21;5,6,7,8;18,17,16
5,11,10,3;24,23,18,13,8,7,6,11,16,15;19,14,9,4,3,2,1,0,5,10;20,21,22,17,12
8,12,1,9;0,8,16,24,25;54,46,38,30,22,14,13,12,11,19;17,9,1;60,52,51,43,35,27,26;20,21,29,37;41,49,57;62,63,55,47,39,31,23,15,7,6,5,4,3,2,10,18;28,36,44,45,53,61;59,58,50,42,34,33,32,40,48,56
9,12,2,8;69,68,67,58,49,40,31,22,13,12,11,10,9,18,27,36,45,54;15,24,33,42,51,52;79,80,71,62,53,44,35,26,17,8,7,6,5,4,3,2,1,0;14,23,32,41,50,59,60,61,70;16,25,34,43;20,21,30,39,48,57,66,75,76,77,78;63,64,55,46,37,28,19;72,73,74,65,56,47,38,29
10,12,3,10;61,60,50,40,30,20,10,0,1,2,3,4,5,6,7,8,9,19,29,39,49,59,69,79,89,99,98,97;68,78,88,87,86,96,95,94,93,92,91,90,80;67,77,76;54,55,45,46,47,37,27,28,18;85,75,65;14,13,12,22,32,42,52,62,72,73;17,16,15,25,24,23,33,43,53,63,64,74,84,83,82,81,71,70;66,56,57,58,48,38;26,36,35,34,44;51,41,31,21,11
9,12,4,9;69,70,61;48,49,50,41,42,43;59,68,67,66,65,64,55,46,37;39,40,31,32,33,34,25,26,17,8,7,6;14,5,4,3,2,1,0,9,18,19,20,21,30;62,71,80,79,78,77,76,75,74,73,72,63,54,45,36,27,28,29,38,47,56,57,58;60,51,52,53,44,35;23,24,15,16;10,11,12,13,22
8,12,5,7;30,31,23;11,10,9,17,25,33,41,49,50,51,52,53,54;15,7,6,5,4,3,2,1,0,8,16,24,32,40,48,56,57,58,59,60,61,62,63,55,47,39,38,37;20,19,18,26,34,42;14,13,12;46,45,44,36;22,21,29,28,27,35,43
8,13,1,8;25,17,9;37,36,28;44,52,51,50,42;29,21,20,19;54,53,61;27,26,18,10,11,12,13,14,22,30,38,46,45;43,35,34,33,41,49;60,59,58,57,56,48,40,32,24,16,8,0,1,2,3,4,5,6,7,15,23,31,39,47,55,63,62
8,13,2,6;56,48,40,32,24,16;8,9,17,25,33,41,49,57,58,59;29,21,20,19,11,3,4,5,6,7,15,23,31,39,47,55,63;0,1,2,10,18,26,27,35,43,44;60,61,62,54,46,38,30,22,14,13,12;28,36,37,45,53,52,51,50,42,34
8,13,3,5;0,8,16,24,32,33,34,35,36;56,57,58,59,60,61,62,63,55,47,39,31,23,15,7,6,5,13,21,20,19,11,10;14,22,30,38,46,54,53,52,51,50,49;12,4,3,2,1,9,17,25;48,40,41,42,43,44,45,37,29,28,27,26,18
8,13,4,5;14,13,21,29,37,36,35,27,19,11,3,2,1,0,8,16,24,32,40,48,56,57;28,20,12,4,5,6,7,15;17,25,33,41,49,50,58,59,60,61,62,63;23,22,30,38,46,45,44;31,39,47,55,54,53,52,51,43,42,34,26,18,10,9
8,13,5,7;46,47,39,31,23,15,14,13,12,11,10,9,17,25,24,32,40,41,42,43,35,27;54,55,63;56,48,49,50;57,58,59,51,52,44,36,28,29;62,61,60;33,34,26,18,19,20,21,22,30,38,37,45,53;7,6,5,4,3,2,1,0,8,16
8,13,6,4;34,26,18,19,20,21,22,23,15,7,6,5,4,3,2,1,0,8,16,24,32,40,48,56,57,58,59,60,52;42,43,44,45,53,61,62,63,55,47,39,31,30,29,28,27;14,13,12,11,10,9,17,25,33,41,49,50,51;54,46,38,37,36,35
9,14,1,8;44,35,34,33,42;43,52,53,62,71,80,79,78,77,76,75,66,57,48,47,46,55,64;60,59,58,49,40,39,38,37,36,45,54,63;67,68,69,70,61;72,73,74,65,56;31,30,29,28,27,18,9,0,1,2,3,4,5,6,7,16;19,10,11,12,13,14,15,24,25,26,17,8;51,50,41,32,23,22,21,20
10,14,2,10;77,76,75,74,73,63,53,43,33,23,24,14,15,16,17,18,19;57,58,59,49;65,64,54,44,34;29,28,27,37;94,93,92,91,90,80,70,60,50,40,30,20,10,0,1,2,3,4,5,6,7,8,9;26,25,35,45,55,56,66,67,68,69,79,89,99,98,97,96,95,85,84,83,82,72,62,52,51,41,31,21,11;78,88,87,86;13,12,22,32,42;39,38,48,47,46,36;61,71,81
9,14,3,8;38,29,30,31;4,3,2,1,0,9,18,27,36,45,54,63,72,73,74,75,76,77,78,79,80,71,62,53,44,35,26,17;8,7,16,15,24;20,21,22,23,32;6,5,14,13,12,11,10,19,28,37,46,55,64,65,66,57,58,59,60;56,47,48,49,50,51,42,33,34,25;67,68,69,70,61,52,43;41,40,39
10,14,4,12;89,79,78,77,67,57,56,46,36,37,27,17;35,25,15,5,4,3,13,23,33,43,53,54,64,74,75,85,86,87,88;31,21,11,10,0;50,60,70,71,72;90,80,81,82;14,24,34,44,45,55,65,66,76;1,2,12,22,32,42,52;91,92,93;20,30,40,41,51,61,62,63,73,83,84,94,95,96,97,98,99;69,68,58;9,19,29,39,49,59;26,16,6,7,8,18,28,38,48,47
9,14,5,9;74,75,76,77,78,79,80,71,62,53,44,35,26,17,8,7,6,5,4,3,12;36,37,38,39;49,40,31,30,29,28,19,10;45,54,63,72,73;20,11,2,1,0,9,18,27;21,22,23,24,33,42,51,60,59;48,47,46,55,64,65,66,67,68,69,70,61,52,43,34,25,16,15,14,13;50,41,32;58,57,56
6,15,1,5;12,13,7,8;16,22,28,34,33,32,31;6,0,1,2,3,4,5,11,17,23,29,35;10,9,15,14,20,19,18;21,27,26,25,24,30
7,15,2,5;24,25,26,33,40,39,38,37,36;45,44,43,42,35,28,21,14,7,0,1,2,3,4,5,12,19,18,17;32,31,30,23,16;6,13,20,27,34,41,48,47,46;29,22,15,8,9,10,11
8,15,3,6;18,26,27,28,36,44,45,53,54,55;47,46,38,37,29,21,20,19,11,10,9,17,25,33,41,42;12,13,14,22,30;34,35,43,51,52;50,49,48,40,32,24,16,8,0,1,2,3,4,5,6,7,15,23,31,39;56,57,58,59,60,61,62,63
9,15,4,8;41,40,39,38,47,56;19,28,37,46;69,78,79,80,71,62,53,44,35,26,17,16,15,14,13;60,59,58,67,66,65,64,55,54,45,36,27,18,9,0,1,2,3,12,21,22,23,24,25,34;68,77,76,75,74,73,72,63;10,11,20,29,30,31,32,33,42,43,52,61,70;8,7,6,5,4;57,48,49,50,51
8,15,5,8;15,7,6,5,4,3,2,1,9,17,25;55,63,62,61,60,59,58;19,20,12,13,14;0,8,16,24,32,33,34,26,18,10,11;57,49,50,51,52,44;30,38,46,54;27,28,29,21,22,23,31,39,47;53,45,37,36,35,43,42,41,40,48,56
7,15,6,7;9,10,17,18,25,32,39,46,45,44,43,42,35,28;21,14,15,8;24,31,30;16,23,22;38,37,36,29;48,41,34,27,20,13,6,5;47,40,33,26,19,12,11,4,3,2,1,0,7
6,15,7,4;34,35,29,23,22,21,15;16,17,11,5,4,3,2,1,7,13,19;0,6,12,18,24,30,31,32,33,27,28;10,9,8,14,20,26,25
5,16,1,3;17,18,13,8,7,6,5,0;1,2,3,4,9,14,19,24,23,22,21,16;20,15,10,11,12
6,16,2,5;9,10,11,17,23;5,4,3,2,1,0,6,12,18,24,30,31,32,26;20,21,27,33,34,35,29;8,14,15,16,22,28;25,19,13,7
7,16,3,7;30,37,38,39,40;22,23,24,31,32,33;29,36,43;8,15,16,17,18,25,26;42,35,28,21,14,7,0,1,2,3,4,5,6,13,20,27;34,41,48,47,46,45,44;9,10,11,12,19
8,16,4,7;47,55,54,53;33,41,49;38,30,22,14,13,12,11,10,9,17,25,26,27,28,36,44;59,60,61,62,63;52,51,43,35;18,19,20,21,29,37,45,46;39,31,23,15,7,6,5,4,3,2,1,0,8,16,24,32,40,48,56,57,58,50,42,34
9,16,5,8;11,12,13,14,23,24,33,42,51,60;56,47,48,39,30;77,78,79,80,71,62,53,44,35,26,17,8,7;55,46,37,28,19,10,1,0;2,3,4,5,6,15,16,25,34,43,52,61,70,69,68,59,50,41,32,31,22,21,20,29,38;73,74,75,76,67;9,18,27,36,45,54;72,63,64,65,66,57,58,49,40
8,16,6,6;37,36,35,34,33,25,17,18;46,54,53,52,51,50,49,41,40,32,24,16,8,9,10,11,19,20,21,29;48,56,57,58,59,60,61,62,63,55,47,39,31,23,15,7,6,5;42,43,44,45;38,30,22,14,13,12,4,3,2,1,0;26,27,28
7,16,7,6;26,33,40,39,38,45,44;27,34,41,48,47,46;7,0,1,2,3,4,5,6,13,20;37,30,31,24;42,35,28,21,14,15,8,9,10,11,12,19;43,36,29,22,23,16,17,18,25,32
6,16,8,4;10,9,8,7,13,19,25,26,27,33,34,35,29;23,17,16,15,14,20;32,31,30,24,18,12,6,0,1,2,3,4,5,11;21,22,28
5,16,9,4;12,7,6;18,17,16,11,10;15,20,21,22,23,24,19,14,9,4;13,8,3,2,1,0,5
9,17,1,9;64,65,66,57,48,39,30,21,12,3,2,1,0,9,18;10,11,20,29,38,47,46,45,36,27;59,50,41,42,33,24,25,16;26,17,8,7,6,5,4,13,22,31,40,49,58,67,68,69,70,61,62;56,55,54,63,72,73,74,75,76,77,78,79,80,71;60,51,52,43,34;53,44,35;19,28,37;32,23,14,15
8,17,2,7;18,26,34,42,50,58,57,56,48,40,32,24;36,28,29,30,22;7,6,5,4,12,11,10,9,17,25,33,41,49;3,2,1,0,8,16;35,27,19,20,21,13,14,15,23,31,39,47,46,54,53,52;59,60,61,62,63,55;51,43,44,45,37,38
7,17,3,6;39,38,31,24,17,10;26,27,34,41,48;8,15,22,29,36,43;42,35,28,21,14,7,0,1,2,3,4,11,12,19,20;5,6,13;18,25,32,33,40,47,46,45,44,37,30,23,16,9
6,17,4,6;34,28,27,26,25,19;15,14,13;20,21,22,16;3,2,1,0,6,12,18,24,30,31,32,33;35,29,23,17,11;7,8,9,10,4,5
5,17,5,4;14,13,18,17,16,11,6;21,22,23,24,19;20,15,10,5,0,1,2,3,4,9;8,7,12
6,17,6,4;35,29,23,17;16,10,9,8,7,13,19,25,26,27,21;11,5,4,3,2,1,0,6,12,18,24,30,31,32,33,34,28,22;15,14,20
7,17,7,6;7,14,21,28,35,36;23,22,15,8,9,10,11,12,19,26,33,40,41;24,31,30,29;48,47,46,45,44,43,42;0,1,2,3,4,5,6,13,20,27,34;37,38,39,32,25,18,17,16
8,17,8,8;28,36,37,38,39,47,55,63,62,61,53,52,51;60,59,58;49,50,42,34;44,45,46,54;31,30,29,21,20,19,18;23,22,14,13,12,11,10,9,17,25,26,27,35,43;33,32,24,16,8,0,1,2,3,4,5,6,7,15;41,40,48,56,57
9,17,9,9;14,13,12,11,10,19,28,37,46,55,64;67,58,49,50;25,16,15;5,4,3,2,1,0,9,18,27,36,45,54,63,72,73,74,65,56,47,48;76,75,66,57;29,20,21,22,23;38,39,30,31,32,33,24;69,70,61,52,43,34,35,26,17,8,7,6;44,53,62,71,80,79,78,77,68,59,60,51,42,41,40
6,18,1,4;6,7,8,9,10,16,22,28;0,1,2,3,4,5,11,17,23,29,35,34,33,32,31;20,19,18,12;13,14,15,21,27,26,25,24,30
7,18,2,6;22,29,36,37,38,39,40,33,26,19,12;8,1,2,3,4,5,6,13,20,27,34,41,48,47,46,45,44,43,42,35,28;11,18,25,32,31,30;0,7,14,21;15,16,23,24;17,10,9
8,18,3,7;11,10,9,17,25,33,41,49,50,51;7,6,5,13,21,29,28,27,35;61,62,63,55,47,39,31,23;38,30,22,14,15;40,32,24,16,8,0,1,2,3,4,12,20,19,18,26,34,42,43,44,36;37,45,46;48,56,57,58,59,60,52,53,54
7,18,4,6;28,29,36,37,38,39,40,41,34,27,26,25;35,42,43,44,45,46,47,48;24,17,16,15,14,7,0,1,2,3,4,5,6,13,20,19;21,22,23,30,31,32,33;18,11,12;10,9,8
6,18,5,5;31,30,24,18,12,6,0,1,2,3,4;28,22,16,15;10,9,8,14,20,21;5,11,17,23,29,35,34,33,27;7,13,19,25,26,32
7,18,6,6;27,26,19,18,17,16;25,24,23,30,37;38,31,32,33,34;48,41,40,39;20,13,12,11,10,9,8,15,22,29,36;47,46,45,44,43,42,35,28,21,14,7,0,1,2,3,4,5,6
8,18,7,6;42,34,35,36,44,52,60,61,62;0,8,16,24,32,40,48,56,57,58,59;63,55,54,53,45,37,29,21,20,19;46,38,30,22,14,13,12,11,10,18,26,27,28;43,51,50,49;41,33,25,17,9,1,2,3,4,5,6,7,15,23,31,39,47
7,18,8,7;47,46,45,44,43,36,29;16,17,10,3,4;6,13,20,19,26;9,8,15,22,23,24,25,18,11,12,5;27,34,33,32,31,30;48,41,40,39,38,37;42,35,28,21,14,7,0,1,2
6,18,9,5;27,26,25,19,13,7,1,2,3;0,6,12,18,24,30,31,32,33,34,28,22,21,15,9,10,4;8,14,20;16,17,11,5;35,29,23
6,19,1,5;25,19,13,14,15;0,1,2,3,4,5,11,17,23,29,35,34;22,28,27,33;16,10,9,8,7,6,12,18,24,30;31,32,26,20,21
6,19,2,4;28,27,21,15,9,8,7,6;19,25,31;22,16,10;30,24,18,12,13,14,20,26,32,33,34,35,29,23,17,11,5,4,3,2,1,0
6,19,3,4;4,5,11,17,23,29,35,34,33,32,31,30;1,7,13,19,20,21;15,14,8,2;0,6,12,18,24,25,26,27,28,22,16,10,9,3
6,19,4,5;25,26,27,28;32,33,34,35,29,23,22,21,15,14,13,12,6,0,1,2,3,4;10,9,8,7;20,19,18,24,30,31;16,17,11,5
6,19,5,6;7,8,9,3,4;5,11,10,16,15,21,20;6,0,1,2;17,23,22,28;29,35,34,33,32,31,30,24,18,12;14,13,19,25,26,27
6,19,6,4;16,15,9,8,7,13,19,25,26,32,33,34,35,29;10,4,3,2,1,0,6,12,18,24,30,31;14,20,21,27;28,22,23,17,11,5
6,19,7,4;14,15,16,22,28,27;10,9,8,7,13,19,20,21;25,26,32,33,34,35,29,23,17;11,5,4,3,2,1,0,6,12,18,24,30,31
6,19,8,5;35,29,23,22,21,20,14,8,7;5,4,3,9,15,16;34,28,27,26,25,19,13,12,6,0,1,2;33,32,31,30,24,18;10,11,17
6,19,9,5;0,1,2,3,4,5;6,7,8,14;18,24,30,31,32,33,34,35,29,23,17,11;15,21,20,19,13,12;9,10,16,22,28,27,26,25
6,19,10,4;7,13,19,25;24,30,31,32,26,20,14,8,9,10;29,35,34,33,27,21,15,16,17,11,5,4,3,2,1,0,6,12,18;28,22,23
8,20,1,5;50,49,41,33,25,17,9,10,11;14,13,12,4,3,2,1,0,8,16,24,32,40,48,56,57,58,59,51,43,42,34,26,18,19;20,21,22,30,38,46,54;5,6,7,15,23,31,39,47,55,63,62,61,60,52,44,36,35;27,28,29,37,45,53
9,20,2,5;34,25,16,15,14,13,12,11,10,19;64,55,46,37,28,29,30,31,32,41,50,51;20,21,22,23,24,33,42,43,52,61,70,69,68,67;60,59,58,49,40,39,38,47,56,65,74,73,72,63,54,45,36,27;48,57,66,75,76,77,78,79,80,71,62,53,44,35,26,17,8,7,6,5,4,3,2,1,0,9,18
10,20,3,6;29,39,38,37,36,35,34,44,54,64,63,73,83,82,81,71,61,51,41,42,32,22;67,77,87,97,96,95;98,88,78,68,58,57,56,66,76,86,85,84,94,93,92,91,90,80,70,60,50,40,30,20,10,0,1,2,3,4,5,6,7,8,9,19;18,17,16,15,14,13,12,11,21,31;99,89,79,69,59,49,48,47,46,45,55,65,75,74;72,62,52,53,43,33,23,24,25,26,27,28
12,21,1,14;33,21,9,8,7,6,5,4,3,2,1,0,12,24,36,48,60,61,62,63,75,87,86,85,97,109,121,122,123,124,125,126,127,115,103,91;116,128,140,139,138,137,136,135,134,133,132,120,108,96,84,72,73,74;90,102,114;99,100,88,76,64,65,66,67,68,80,81,82;42,41,40,39,38,26,14,15,16,17,18,19,20,32,44,45,46,58;37,25,13;93,94,106,118,130;143,142,141,129,117,105,104,92;34,22,10;11,23,35,47,59,71,83,95,107,119,131;70,69,57,56,55,43,31;27,28,29,30;49,50,51,52,53,54;98,110,111,112,113,101,89,77,78,79
11,21,2,12;7,8,9,10,21,32,43,54,53;0,1,2,3,4,5;11,12,13,14,25,36,47,58,69,80;76,87,98;65,64,63,74,85,96,107,118,119,120;111,110,99,88,77,66,55,44,33,22,23,24,35,46,57,68,79,90,91,92,93,82,71,60,61,50,39,40,29,30;100,89,78,67,56,45,34;101,102,103,104,105,94,83,72,73,62,51,52,41,42,31,20,19,18,17,6;84,95,106,117,116,115,114,113,112;16,15,26,37;109,108,97,86,75;28,27,38,49,48,59,70,81
10,21,3,10;51,41,40,30,20,10,0,1,2,3,4,5,6,7,8,9,19,29;57,56,55,65,75,74,73,72,62,52,42,32,31;36,35,45;53,43,33,23,22,21;15,16,17,18,28;25,26,27,37,38,39,49,59,69,79,89,99,98,97,87,77;88,78,68,58,48,47,46;67,66,76,86,85,84,83,82,81,71,61,60,50;70,80,90,91,92,93,94,95,96;11,12,13,14,24,34,44,54,64,63
9,21,4,9;8,7,6,5,4,3;2,1,0,9,18,19,20,21,22,23,24,25;74,75,76,77,78;79,80,71,62;31,30,29,28,27,36,45,54,63;10,11,12,13,14,15,16,17,26,35,34,43,42,51,60,69,68,67,66,65,56,47,48;57,58,59,50,41,32,33;49,40,39,38,37,46,55,64,73,72;70,61,52,53,44
7,22,1,7;48,47,40;31,30,23,22,15,8,1,2,3,4,5,12,19;16,9,10,11,18;26,25,24,17;33,32,39,38,37,36,29;6,13,20,27,34,41;0,7,14,21,28,35,42,43,44,45,46
8,22,2,8;27,35,43,42;32,40,48,56,57,58,59,60,61;39,31,23,15,7,6,5,4,3,2,1,0,8,16,24,25;12,13,14,22,30,38;63,55,47,46,45,44,36,28,20,19,11,10;9,17,18,26,34,33,41;21,29,37;62,54,53,52,51,50,49
7,22,3,8;28,21,22;40,39,38,37,36;35,42,43,44,45,46,47,48,41,34,27,20,19,18,17,16,15;23,24,25,26;2,1,0;14,7,8,9,10,3,4,5;29,30,31,32,33;11,12,13,6
8,22,4,7;28,29,37,45,53;51,59,58,57,56,48,40,32,24;36,35,27,19,20,21,22;5,4,3,2,1,0,8,16,17,18,26,34,42,43,44,52,60,61,62,63,55,47,39;25,33,41,49,50;14,13,12,11,10,9;54,46,38,30,31,23,15,7,6
7,22,5,4;41,34,27,20,13,12,11,10,9,8,15,22,29,36,37;24,25,32,39,46,47,48;23,16,17,18,19,26,33,40;6,5,4,3,2,1,0,7,14,21,28,35,42,43,44,45,38,31,30
8,22,6,6;46,54,53,52,51,59,58,57,56,48,40,32,24,16,8,0,1,2,3,4;49,50,42,43,35,27;20,19,18,26,34;41,33,25,17,9,10,11,12;14,22,30,38,37,45,44;36,28,29,21,13,5,6,7,15,23,31,39,47,55,63,62,61,60
7,22,7,6;35,28,21,22,23,16;25,18,11,10,9,8,15,14;17,24,31,30,29,36,43,42;6,13,20,27,34,41,48,47,46,45,44;32,33,26,19,12,5,4,3,2,1,0,7;37,38,39,40
8,23,1,6;35,43,51,59,60,61;3,2,1,0,8,16,24,32,40,48,56,57,58,50,42,34,26,27,28,29,37,45,53,54,62,63;46,38,30,22;36,44,52;55,47,39,31,23,15,7,6,5,4,12,11,10,9,17,25,33,41,49;18,19,20,21,13,14
9,23,2,8;67,58,49;40,39,48,57,66,65,64,55,46,37,28,19,20,21,22;34,43,42,41,50,59,68,69,70,61;60,51,52,53;44,35,26,17,8,7,6,5,4,3,2,1,0;16,25,24,33,32,31,30,29,38,47,56;62,71,80,79,78,77,76,75,74,73,72,63,54,45,36,27,18,9,10,11,12,13;23,14,15
8,23,3,8;28,20,12,13,5,6,7,15,23,31,30,38;16,8,0,1;14,22,21,29;2,10,9,17,25,24,32,40,48,56,57,58,59,60,61,62,63,55;54,46,47,39;37,36,35,27,19,11,3,4;18,26,34,33,41,49,50,51,52;42,43,44,45,53
9,23,4,8;70,61,52,43,42,41,32,23,24,25,26,17,8,7,6,5,4,3,2,1,0,9,18,27,36,45,54,63,72,73,74,75;21,20,19;48,49,50,51,60;16,15,14;67,76,77;33,34,35,44,53,62,71,80,79,78,69,68,59,58;56,47,38,39,40;10,11,12,13,22,31,30,29,28,37,46,55,64,65,66,57
8,23,5,8;28,20,19,18,10,9;55,54,53;17,25,26,27;63,62,61,60,59,51,43,35,36;38,30,22,14,6,5,4,3,2,1,0,8,16,24,32,40,48,56,57,58,50,42,34;49,41,33;11,12,13,21,29,37;7,15,23,31,39,47,46,45,44,52
5,24,1,4;18,17,16,11,6;2,1,0,5,10,15,20,21,22,23,24,19;4,3,8;9,14,13,12,7
6,24,2,4;25,26,27,28,22,16,10;21,15,9,8,7;32,33,34,35,29,23,17,11,5,4,3,2,1,0,6,12,13,14,20;31,30,24,18,19
7,24,3,5;40,39,38,37,36,29,22,15,8,9,2,3,4,5,6,13,20,27,34;41,48,47,46,45,44,43,42,35,28,21,14,7,0,1;18,25,32,31,30,23,16;24,17,10,11,12;33,26,19
5,24,4,4;24,19,14,9,8;4,3,2,7,12,17;13,18,23,22,21,20,15,10,5,0,1;16,11,6
6,24,5,4;35,34,33,32,31,30,24,18,12,6,0,1,2,3,4,5;27,26,25,19,13,14,15,16;20,21,22,28;7,8,9,10,11,17,23,29
7,24,6,8;46,47,48,41,34,33;43,42,35,28,21,14,7,0;12,11,10,9,16,23;38,45,44;40,39,32,31,30,37,36;27,26,25;24,17,18,19,20;29,22,15,8,1,2,3,4,5,6,13
5,24,7,5;1,2,7,8,13;3,4,9,14,19,24,23,22;12,11,6;18,17,16,21,20;15,10,5,0
6,24,8,5;34,28,22,21,20;35,29,23,17,16,15,14,13,19,25,26,27,33;0,1,2,3,4,5;11,10,9,8,7;6,12,18,24,30,31,32
7,24,9,7;39,32,25;12,11,10,9,16,23,30,29;48,41,34,27,20;26,19,18,17,24,31,38,37,36;15,8,1,2,3,4,5,6,13;28,35,42,43,44,45,46,47,40,33;22,21,14,7,0
5,24,10,4;20,21,22,23,24,19,14,9,4,3,2,1,0,5,10;13,12,11;6,7,8;18,17,16,15
6,24,11,6;35,29,28,22,21,20,14,8,9;23,17,16,15;4,3,2,1,0,6,12,18,24,30,31;7,13,19,25,26,32;27,33,34;5,11,10
7,24,12,5;4,3,2,1,0,7,14,21,28,35,36,37,38;42,43,44,45,46,39,40;16,17,18,19;47,48,41,34,33,32,31,30,29,22,15,8,9,10,11,12,5;6,13,20,27,26,25,24,23
7,25,1,6;39,40,33,26,19;18,11,12;25,24,17,10,3,4,5,6,13,20,27,34,41,48,47,46,45,44,43,42,35,28,29,30;36,37,38,31,32;8,15,22;23,16,9,2,1,0,7,14,21
7,25,2,6;23,24,25,26,27,20,13,6,5,4,3,2,1,0;42,35,36,37,38,31,32,33,40;12,19,18,17,16,15,22,29,30;11,10,9,8,7,14,21,28;47,48,41,34;43,44,45,46,39
7,25,3,6;27,20,13,6,5,4,11,18,17,16;41,48,47,46,45,38,31;12,19,26,33,34;40,39,32,25,24,23,30,37,44,43,42,35,28;15,8,9,10,3;36,29,22,21,14,7,0,1,2
7,25,4,6;37,38,39,40,33,26,19,20;32,31,30,29,36;15,16,17,10,11,12;18,25,24,23,22,21,28,35,42,43,44,45,46,47,48,41,34,27;14,7,0,1;13,6,5,4,3,2,9,8
7,25,5,6;19,12,11,10,17,16,23,30,37;27,34,41,40,39,38;20,13,6,5,4,3,2,9,8,15,22,29,36;1,0,7,14,21,28,35,42,43,44,45,46,47,48;31,24,25,18;32,33,26
7,25,6,7;45,46,47,48,41,34,27,20,13;8,15,22,29,36,35,42;17,10,9,2,1,0,7,14,21,28;6,5,12,19;18,11,4,3;32,31,30;43,44,37,38,39,40,33,26,25,24,23,16
8,26,1,8;44,43,42,50;0,1,2,3,4,5,6,7,15,23,31,39,47,55,63,62,61,60;52,51,59,58,57,49;27,28,36;8,9,10,11,12,13,14,22,30,38,46,54;41,33,34,35;53,45,37,29,21,20,19,18,26,25;56,48,40,32,24,16,17
8,26,2,6;29,30,22,14,6,5,4,12,11,19;10,18,17,25,33,34,42,43,44,45,46,47,55,63,62,61,60,59,58,57,56,48;7,15,23,31,39,38,37,36,35;3,2,1,0;9,8,16,24,32,40,41,49,50,51,52,53,54;13,21,20,28,27,26
8,26,3,7;44,36,28,20,19,18,26,25,24,32,40;57,58,50,42;56,48,49,41,33,34,35,27;52,53,45,37,29,21,13;14,22,30,38,46,54;16,8,0,1,2,3,4,5,6,7,15,23,31,39,47,55,63,62,61,60,59,51,43;12,11,10,9,17
8,26,4,8;26,18,10,11,12,13;52,60,59,58,57,56,48,40,32,24,16,8,0;7,15,23,31,39,47,55,63;5,6,14,22,21,29,28,36;62,61,53;30,38,37;54,46,45,44,43,51,50,49,41,33,25,17,9,1,2,3,4;42,34,35,27,19,20
8,26,5,7;15,23,31,39,47,55,63,62,61,60,59,58,57,56,48,40,32,24,16;0,8,9,17,18,26;3,4,5,13,21,29,37,45,53,52,51,50,49;41,42,43,44,36,28,20,12;25,33,34,35,27,19,11;54,46,38,30,22,14,6,7;10,2,1
5,27,1,5;5,10,11,12,13,18;4,3,2;15,16,17;19,24,23,22,21,20;0,1,6,7,8,9,14
5,27,2,5;4,3,2,1,6;15,20,21,22,23;0,5,10,11,16;9,8,7,12,17,18;24,19,14,13
6,27,3,6;18,24,30,31,32;10,9,8,7;19,25,26,27,33,34;16,15,14,20;35,29,23,17,11,5,4,3,2,1,0,6,12,13;28,22,21
6,27,4,6;8,7,13,19,25;17,16,10;28,29,23;9,15,14,20;33,34,35;11,5,4,3,2,1,0,6,12,18,24,30,31,32,26,27,21,22
7,27,5,6;35,36,37,38,39,40,33,26,19,12,5,4,3,2,1,0;16,15,22;17,24,23,30,29;7,8,9,10,11,18,25,32,31;14,21,28;42,43,44,45,46,47,48,41,34,27,20,13,6
7,27,6,7;35,42,43,44,45,46,39,40,33;32,31,30,23,22;10,9,8,15,14;7,0,1,2,3,4,5,6,13,20,27,34,41,48,47;16,17,24,25,26,19;12,11,18;38,37,36,29,28,21
8,27,7,8;38,39,47,55,63;14,22,21,20,19,27,35;42,43,44,36,28,29,30;61,60,59,58,57,56,48,40,32,24,25,17,9;53,52,51,50,49,41;16,8,0,1,2,3,4;33,34,26,18,10,11,12,13,5,6,7,15,23,31;62,54,46,45,37
8,27,8,7;59,58,50,42;25,17,9,10,11,12;21,20,19,18,26;43,51,52,60,61,62,63,55,47,39,31,23,15,7,6;44,45,37,29,28,27;56,57,49,41,33,34,35,36;53,54,46,38,30,22,14,13,5,4,3,2,1,0,8,16,24,32,40,48
9,27,9,9;13,14,15,16,25,34,43,42,51,60,69;70,61,52;55,64,73,74,75,76,77,78,79,80,71,62,53,44,35,26;72,63,54,45,36,27,18,9,0,1,2,3,12,21,30,31,40,49;58,57,48,39,38,29,20,11,10;33,32,41,50,59,68;22,23,24;17,8,7,6,5,4;67,66,65,56,47,46,37,28,19
9,27,10,9;39,40,41,50,51,60,69,68,67;80,71,62,53,44,35,26,17,8,7,6,5,4,3,12,21,30;48,49,58,59;2,1,0,9,18,27;57,56,47;23,24,33,42;10,19,28;36,45,54,63,72,73,74,75,76,77,78,79,70,61,52,43,34,25,16,15,14,13,22,31,32;11,20,29,38,37,46,55,64,65,66
5,28,1,4;6,7,8,3;11,12,13,14,9,4;24,19,18,17,16;23,22,21,20,15,10,5,0,1,2
5,28,2,5;16,17,18;3,2,1,0,5;4,9,8;13,12,7;6,11,10,15,20,21,22,23,24,19,14
6,28,3,5;7,8,14,20;30,24,18,19,13;16,22,28,27,26,25;21,15,9,10;12,6,0,1,2,3,4,5,11,17,23,29,35,34,33,32,31
6,28,4,6;35,29,23,17,11,5,4,3;16,10,9,8,14;15,21,27,26,25;7,13,19,20;34,28,22;2,1,0,6,12,18,24,30,31,32,33
7,28,5,6;44,37,38,31,32,25,26;45,46,47,48,41,34,27,20,19,18,17,16,15,22,21,28,35,42,43;14,7,8,9,10,11,12,13;6,5,4,3,2,1,0;33,40,39;36,29,30,23,24
7,28,6,7;9,8,15,22,21,28;27,34,41,48,47,46,45,44,43;32,31,24,23,16;30,37,38,39,40,33,26,25,18,17,10;20,19,12,11;29,36,35,42;14,7,0,1,2,3,4,5,6,13
8,28,7,8;10,11,12,13,14;62,54,53,52,51,50,49,41,33;42,34,26,25,24,32,40,48,56,57,58,59,60,61;44,36,28,29,30,22;21,20,19,27,35,43;37,38,39,31,23,15,7,6,5,4,3,2,1,9,17,18;63,55,47,46,45;0,8,16
8,28,8,6;54,53,52,51,43,35,27;44,45,46;55,63,62,61,60,59,58,57,56,48,40,32,24,16,17,9,10,11,12,13,14,22;8,0,1,2,3,4,5,6,7,15,23,31,30,29,21,20,19,18,26,25,33,41,49;28,36,37,38,39,47;50,42,34
9,28,9,9;6,15,14,13,12,21,30,29,28;40,39,38,37,36,27,18,19,20,11,2,1;66,65,74,73,72,63,54,45,46,47,48,49,50,41,32,33;16,25,24,23,22,31;7,8,17,26,35,34,43,42,51,60,59,58,57,56,55,64;0,9,10;67,68,69,70,61,52;44,53,62,71,80,79,78,77,76,75;3,4,5
9,28,10,8;39,38,37,28,19,10,1,0;65,56,47,48,49,58;54,63,72,73,74,75,76,77,68,59,50,41,40,31,22,21;30,29,20,11,2,3,4,5,6,7,8;32,33,42,51,60,69,78,79,80,71,62,53,44,35,26,17,16,15,14,13,12;70,61,52,43,34,25,24,23;57,66,67;64,55,46,45,36,27,18,9
8,29,1,8;9,17,18,19,27;42,43,44,45,37,29,21,13,5,4,3,2,1,0,8,16;51,59,60,61,62,63,55,47,39,31;52,53,54,46,38,30,22,14,6;26,25,33,41,49;7,15,23;50,58,57,56,48,40,32,24;10,11,12,20,28,36,35,34
7,29,2,6;33,32,25,18,17;34,27,26,19,12,11,10,9,16,23,22,21,14,7,0;30,37,36;15,8,1,2,3,4,5,6,13,20;29,28,35,42,43,44,45,46,47,48;24,31,38,39,40,41
7,29,3,5;40,39,38,37,30,23,16;42,35,28,21,14,7,0,1;46,45,44,43,36,29,22,15,8,9,2,3,4,5,6,13,20,27,26;19,18,25,32,33,34,41,48,47;12,11,10,17,24,31
6,29,4,4;10,9,8,7,13,19,25,24;21,27,33;35,29,23,17,11,5,4,3,2,1,0,6,12,18;30,31,32,26,20,14,15,16,22,28,34
6,29,5,5;5,11,17,16,15;35,29,23,22,21,20,14;4,10,9,8,7;3,2,1,0,6,12,18,24,30,31,32,33,34;13,19,25,26,27,28
6,29,6,4;0,6,12,18,24,30;20,19,25;33,34,35,29,23,17,11,5,4,3,2,1,7,13,14,15,21;31,32,26,27,28,22,16,10,9,8
5,29,7,5;18,13,8,3,4;9,14,19,24,23,22;20,15,10,11,6;5,0,1,2;7,12,17,16,21
5,29,8,4;13,8,3,4;2,1,0,5,10,15,20,21,22,23,24;9,14,19,18,17,12,7;6,11,16
5,29,9,5;4,9,14,19,24,23,22;16,11,6;3,8,13;0,1,2,7,12,17,18;21,20,15,10,5
5,29,10,5;24,19,14,9,8,7;4,3,2;1,6,11,16,17,22;0,5,10,15,20,21;23,18,13,12
10,30,1,11;52,42,43,33,23,13,14;61,71,81,82,83,84,85,75,76,66,56,57;11,12,22;58,68,67,77;24,25,26,27;78,88,87,86,96,95,94,93,92,91,90,80,70,60,50;72,73,74,64,65,55,45,46,47,48;6,7,8,9,19,29;32,31,21;51,41,40,30,20,10,0,1,2,3,4,5,15,16,17,18,28;97,98,99,89,79,69,59,49,39,38,37,36,35,34,44,54,53,63,62
11,30,2,8;0,11,22,23,24,13,14,3,4,5,6,7,8,9,10,21,32,43,54,65,76,87,98,109,120,119,118,117,116,115,114,113,112,111,110,99,88,89,90,91;12,1,2;15,26,37,48,47,46,45,56,67;62,51,40,41;57,58,59,60,49,38,27,16,17,18,19,20,31,42,53,64,75,86,85,96,95,94,93,92,103,102,101,100;97,108,107,106,105,104;30,29,28,39,50,61,72,71,70,69,68;25,36,35,34,33,44,55,66,77,78,79,80,81,82,83,84,73,74,63,52
9,30,3,8;67,58,49,50,51,52,43,34,35;12,11,10;68,59,60;19,20,21,22,13;16,15,14,23,32,31,30,29,38,47,56,65,74,73,72;79,80,71,62,53,44;63,64,55,46,37,28;61,70,69,78,77,76,75,66,57,48,39,40,41,42,33,24,25,26,17,8,7,6,5,4,3,2,1,0,9,18,27,36,45,54
6,31,1,4;19,13,7,1,2,3,4,5;20,14,8,9,10,11;22,28,27,26,25,24,18,12,6,0;30,31,32,33,34,35,29,23,17,16,15,21
5,31,2,4;20,21,16,17,18;4,3,2,1,0;15,10,11,12,13;22,23,24,19,14,9,8,7,6,5
6,31,3,5;15,21,27;2,3,4,5,11,17,23,29,35;20,19,13,7;1,0,6,12,18,24,25,26;14,8,9,10,16,22,28,34,33,32,31,30
6,31,4,3;0,1,7,13,19,20,21,15,9,10,11,17,23,29,35,34,33,32,31,30;14,8,2,3,4,5;16,22,28,27,26,25,24,18,12,6
5,31,5,4;24,23,22,21,20,15,10,5,0,1,2,3,4;12,13,8;17,16,11,6,7;9,14,19,18
9,32,1,8;21,20,19,28,37,46;48,39,40,41,42,51,60,59,68,77,78,79,80,71,62,53,44,35,26,25,16;24,15,14,13,12,11,10;5,4,3,2,1,0,9,18,27,36,45,54,55,56,47,38,29,30,31;64,65,66,57,58,49,50;22,23,32,33,34,43,52,61,70,69;17,8,7,6;67,76,75,74,73,72,63
10,32,2,11;4,3,13,12,22,32;17,27,37,36,35,25;0,10,20,30,40,50,51,61,71,81,82;76,77,67,57,47,46,45,44,34;86,85,75,65,64,63,62,72;18,28,38,48,58,68,78,88;66,56,55,54,53,52,42,41,31,21,11,1,2;87,97,98,99,89,79,69,59,49,39,29,19,9,8,7,6,16,26;5,15,14,24,23,33,43;60,70,80,90,91,92,93,83,73,74;84,94,95,96
11,32,3,9;76,87,98,109,120,119,118,117,116,115,114,103,92,81,70;100,89,78,67,56,45,34,23,12,13,14,15,16,17,18,19,20,31;61,72,83,94,95,96,85,74,63;84,73,62;24,25,26,27,28,29,30,41,52,53;50,49,48,47;101,90,79,68,57,46,35,36,37,38,39,40,51;42,43,32,21,10,9,8,7,6,5,4,3,2,1,0,11,22,33,44,55,66,77,88,99,110,111;54,65,64,75,86,97,108,107,106,105,104,93,82,71,60,59,58,69,80,91,102,113,112
7,33,1,6;42,35,28,21,14,7,8;31,32,25,18,11;3,10,17,24,23,30,37,38,39;4,5,12,19,26,33,40,41,48;47,46,45,44,43,36,29,22,15,16,9,2,1,0;6,13,20,27,34
8,33,2,8;51,59,60,61,62,63,55,47,39;50,49,41,33,34,35,36,28,29;16,17,9,10,11,3,4,5,6,7,15,23,31,30,38,46,54,53,52;37,45,44,43,42;21,20,19,18;8,0,1,2;12,13,14,22;27,26,25,24,32,40,48,56,57,58
9,33,3,7;31,30,29,38,47,56,65,64,73;7,8,17,26,35,44,53,52,61,70,69,68,67,58,49,50,41,32,23,22,21,20;76,77,78,79,80,71,62;16,25,34,43,42,51,60,59;72,63,54,45,36,27,18,9,0,1,2,3,4,5,6;55,46,37,28,19,10,11,12,13,14,15,24,33;40,39,48,57,66,75,74
9,33,4,8;8,7,16;10,19,28,37,46,55,56,57,58,59,60;42,43,52,61,70,69,68,67,66,65,64,63,54,45,36,27,18,9,0,1,2,3,4,5,6,15;24,23,22,31,40;25,26,17;41,32,33,34,35,44,53,62,71,80,79,78,77,76,75,74,73,72;21,30,39,48,49,50,51;47,38,29,20,11,12,13,14
8,33,5,8;20,21,22;2,1,0,8,16,24,32,40,41,42,43,35,27;7,6,5,4,3,11,19;55,47,39,31,23,15,14,13,12;56,57,58,59,60,61,53,45,37;9,17,25,33,34;48,49,50,51,52,44,36,28,29,30,38,46,54,62,63;10,18,26
7,33,6,6;11,18,17,16,23,30,37,36;47,40,33,26,19,12;48,41,34,27,20,13,6,5,4,3,2,1,0,7,14,21,28,29;24,25,32,39,46;22,15,8,9,10;31,38,45,44,43,42,35
7,34,1,5;34,33,26,19,12,11,10,9,8,15,22;44,45,46,47,48;37,38,31,24;43,36,29,30,23,16,17,18,25,32,39,40,41;27,20,13,6,5,4,3,2,1,0,7,14,21,28,35,42
8,34,2,5;26,34,42,43,44,45,46,38,30,22,14,6;63,62,61,60,59,58,57,56,48,40,32,24,16,17,18,19;1,2,3,4,5,13,21,29,37,36,35,27;25,33,41,49,50,51,52,53,54,55,47,39,31,23,15,7;0,8,9,10,11,12,20,28
10,34,3,9;84,85,86,87,77,67,57;58,68,78,88,98,97,96,95,94,93,83;37,36,35,45,55,65,64,63,62,61,71,81;30,20,10,0,1,2,3,4,5,6,7,8,9,19,29,39,49,59,69,79,89,99;24,25,26,27;80,90,91,92,82,72,73,74,75,76,66,56,46,47,48,38,28,18,17,16,15,14,13,12,11,21,31,32,42,43,44;22,23,33,34;41,40,50,60,70;54,53,52,51
11,34,4,10;35,46,47,58,69,80,91,102,113,114,115;23,12,13,14,15,16,17,18,29,30,41,52,63;74,73,62,51,40,39,28,27,26,25,24;120,119,118,117,116,105,104,93,82,71,60,59,48,37,36;94,95,106,107,108,109,98,87,76,65,54,43,32,21,10,9;38,49,50,61,72,83,84,85,96,97;67,78,89,100;34,45,56,57,68,79,90;70,81,92,103;101,112,111,110,99,88,77,66,55,44,33,22,11,0,1,2,3,4,5,6,7,8,19,20,31,42,53,64,75,86
12,35,1,12;28,29,30;11,10,9,21,33,45,44,43,42,41,40,39,27,26;35,47,46,58,70,69,68,67,66;34,22,23;31,19,18,17,16,15,14;117,105,104,103,102,101,100,88,76,64,52,53,54,55,56,57;127,126,125,124,123,122,121,109,97,85,73;32,20,8,7,6,5,4,3,2,1,0,12,24,36,48,60,72,84,96,108,120,132,133,134,135,136,137,138,139,140,141,142,143;59,71,83,82,81,80,79,78;99,87,75,63,51,50,38,37,25,13;49,61,62,74,86,98,110,111,112,113,114,115,116,128,129,130,131,119,107,95;65,77,89,90,91,92,93,94,106,118
10,35,2,5;11,21,31,32,33,23,24,25,26,27,37,47,57,67,77,76,75,74;83,84,85,86,87,88,78,68,58,48,38,28,18,17,16,15,14;22,12,2,1,0,10,20,30,40,41,42,43,44,34,35,36,46,56,66,65,64,63,62,61,71,81,91;73,72,82,92,93,94,95,96,97,98,99,89,79,69,59,49,39,29,19,9,8,7,6,5,4,3,13;45,55,54,53,52,51,50,60,70,80,90
8,35,3,4;0,8,16,24,25,26,27;10,11,12,13,21,29,37,45,44,43,42,41,40,48;49,50,51,52,53,54,46,38,30,22,14;56,57,58,59,60,61,62,63,55,47,39,31,23,15,7,6,5,4,3,2,1,9,17,18,19,20,28,36,35,34,33,32
7,36,1,7;29,30,31,32;46,45,44,43,42;28,35,36,37,38,39,40;25,24,23,22,21,14,7,0,1,2,3;34,41,48,47;33,26,27,20,13,6,5,4,11,10,9,8;12,19,18,17,16,15
6,36,2,5;16,10,9,8,7;20,26,27,28;24,30,31,32,33,34;35,29,23,17,11,5,4,3,2,1,0,6,12,18,19,25;22,21,15,14,13
5,36,3,4;16,11,12;4,9,14,19,24,23;0,1,2,3,8,13,18,17,22;21,20,15,10,5,6,7
8,36,4,6;62,63,55,47,39,31,23,15,7,6,5,4,12,20,19,18,17,25,33,32,40,48,56;24,16,8,9,10;22,30,38,37,36,35,43;53,61,60,59,58,57,49,41,42,34,26,27,28,29,21,13,14;50,51,52,44,45,46,54;11,3,2,1,0
7,36,5,6;4,11,18,25,32;7,8,9,10,17,24;31,30,23,16,15;0,1,2,3;6,13,20,27,34,41,48,47,46,45,44,43,42,35,28,21,14;5,12,19,26,33,40,39,38,37,36,29,22
6,36,6,7;24,25,26,20,14;9,15,21,27,28,34;1,0,6,12;16,17,11,5;22,23,29,35;30,31,32,33;18,19,13,7,8,2,3,4,10
9,36,7,8;62,71,70,69,68,59,50,41,32,23;72,63,54,45,36,27,18,9,0,1,2,3,4,5,6,7,8,17,26,35,34,43;12,11,10,19,28,37,46,55,64,73,74,75,76,77,78,79,80;44,53,52;67,66,65,56,47,38,29,20,21,22,13,14,15;31,40,49,58;16,25,24,33,42,51,60,61;30,39,48,57
5,37,1,4;18,13,8,3;1,6,11;0,5,10,15,20,21,22,23,24,19,14,9,4;2,7,12,17,16
7,37,2,5;12,11,10,9,8,15,22,29,30,31,32;4,3,2,1,0,7,14,21,28,35,36,37,38,39,40,33;34,41,48,47,46,45,44,43,42;5,6,13,20,27,26,25,24,23;16,17,18,19
9,37,3,9;10,19,20,21,22,23,24,33,34,35,44,53;40,49,50,59,68;27,28,29,38,47,56;58,67,76,75,74,73,72,63,54,45,36,37;77,78,79,80,71,62;51,60,69,70;17,8,7,6,5,4,3,2,1,0,9,18;46,55,64,65,66,57,48,39,30,31,32,41,42,43,52,61;11,12,13,14,15,16,25,26
11,37,4,12;51,40,29,18,17,16,15,14,13,2,1;103,114,113,112,111,110;69,80,81,82,83,94,95,96,97,98;38,37,36,35,34;60,61,62,63,52,41,30;0,11,12,23,24,25,26,27,28,39,50,49,48,47,46,45,56,67;3,4,5,6,7,8,9,10,21,32,43,54,65,76,87,86,85,84,73,72,71,70,59,58,57,68,79,78,89;99,100,101,102;74,75,64,53,42,31,20,19;22,33,44,55,66,77,88;120,109,108,107,106,105,104,93,92,91,90;115,116,117,118,119
6,38,1,6;9,10,16,22,28;25,19,13,7,1;27,33,34,35,29,23,17,11,5,4,3;15,21,20,26,32,31,30,24,18;14,8,2;0,6,12
8,38,2,7;50,58,57,56,48,40;33,25,17,18,19,20,21,22,30,38;51,59,60,61,62,54,46,45,37,29,28,27,26,34;9,10,11,12,13,14;35,43,42,41,49;63,55,47,39,31,23,15,7,6,5,4,3,2,1,0,8,16,24,32;53,52,44,36
10,38,3,9;57,67,77,76,75,74,73,72;23,13,12,11;35,36,46,47,48,58,68,78,88,87,86,85,84,83,82,81;63,62,52,42,41,31,21,22;37,38,39,49,59,69,79,89,99,98,97,96,95,94,93,92,91,90,80,70,60,50,40;71,61,51;30,20,10,0,1,2,3,4,5,6,7,8,9,19,29,28,27,26,25;56,55,45,44,34,24,14,15,16,17,18;66,65,64,54,53,43,33,32
8,38,4,8;18,19,20;38,46,54,53,52,51,50,49,41;7,15,23;37,36,35,27,26;32,40,48,56,57,58,59,60,61,62,63,55,47,39,31,30;25,24,16,8,0,1,2,3,4,5,6,14,22;28,29,21,13,12,11,10,9,17;45,44,43,42,34,33
6,39,1,4;8,2,1,0,6,12,18,24,30,31,32,33,34,35;17,11,5,4,3,9,15,14,20;23,29,28,27,26,25,19,13,7;10,16,22,21
7,39,2,6;45,46,47,48,41,34,27,20,13,6,5,4,3;44,43,42,35,28,21,14,7,0,1,2;16,17,10,11,12,19,26,33,40;37,38,31,24,23,22,15,8,9;30,29,36;39,32,25,18
6,39,3,4;10,9,8,7;11,17,16,22,28,27,26,25;5,4,3,2,1,0,6,12,13,14,15,21;20,19,18,24,30,31,32,33,34,35,29,23
7,39,4,7;35,36,29,22,15,8;12,19,26,33,40,41,48;37,30,23,16,9;47,46,39,32,25;45,38,31,24,17,18,11,4,5,6,13,20,27,34;28,21,14,7,0,1,2,3,10;44,43,42
6,39,5,6;34,33,32,31,30,24,18,19,20,14,15;28,29,35;12,6,0,1;3,9,10,16;13,7,8,2;4,5,11,17,23,22,21,27,26,25
7,39,6,5;42,43,44,45,46,47,48,41,34,27,20,13;12,19,26,33,40,39,38,37,36,35,28,21,14;3,10,17;0,1,2,9,16,23,24;6,5,4,11,18,25,32,31,30,29,22,15,8,7
6,39,7,4;32,33,34,35,29,23,22,16,15,14,20;10,9,8,7,13,19,25,26;17,11,5,4,3,2,1,0,6,12,18,24,30,31;21,27,28
7,39,8,6;5,12,19,18,17,16,23,30,37;36,29,22,15,8,9,10,11,4;26,33,34,41,48,47,46,45,44,43,42,35,28,21,14,7,0,1,2,3;40,39,32;6,13,20,27;25,24,31,38
6,39,9,5;19,13,7,1;21,20,26,25,24,18,12,6,0;9,10,11,17,23,29,35,34;2,8,14,15,16,22,28,27,33,32,31,30;3,4,5
7,39,10,6;12,11,10,17,16;36,29,30,31,32,33,40;24,25,18,19,20,13,6,5,4,3,2,1,0,7,14,21,28,35;9,8,15,22,23;45,46,47,48,41,34,27,26;42,43,44,37,38,39
7,40,1,5;42,43,36;35,28,29,30,37,44,45,46,47,48,41,34,27,26,19,12,11,10,9;2,3,4,5,6,13,20;8,15,16,17,18,25,32,33;40,39,38,31,24,23,22,21,14,7,0,1
8,40,2,7;40,48,56,57,58,59,60,61,62,63,55,47,39,31,23,15,7,6,5,4,3,2,1,0,8,16;49,50,42;43,35,34,33,41;28,27,26;36,37,29,21,20,19,18,17,25,24,32;51,52,53,54;9,10,11,12,13,14,22,30,38,46,45,44
7,40,3,5;31,38,45,46,47,48,41,34,27,20;5,4,3,2,1,0;40,33,26,19,18,17,16,15,22,29,36,35;42,43,44,37,30,23,24,25,32,39;6,13,12,11,10,9,8,7,14,21,28
8,40,4,6;55,47,46,45,44,43,42,34;63,62,54;53,61,60,59,58,57,56,48,40,32,24,16,8,0,1,2,3,4,5,6,14,22,30,29,28,20,19;17,9,10,11,12,13,21;52,51,50,49,41,33,25;7,15,23,31,39,38,37,36,35,27,26,18
7,40,5,7;0,1,8,15;7,14,21,22,23,30,31,38,45,44,43,42,35;6,13,20,27,34,41;5,12,19,26,33,40,47,48;28,29,36,37;46,39,32,25,18,11,10;24,17,16,9,2,3,4
8,40,6,8;24,16,8,9,10,11,12,13,14;23,15,7,6,5,4,3,2,1,0;47,39,38,37,36,35,34,42,41,40,32;62,61,53,52,51,50,49,48,56;26,27,28,29,30,31;60,59,58,57;63,55,54,46,45,44,43;33,25,17,18,19,20,21,22
7,40,7,7;11,10,9;7,14,21,22,23,24,25;37,38,39,40,41,34,27;18,17,16,15,8,1,0;20,13,6,5,4,3,2;42,35,28,29,30,31,32,33,26,19,12;36,43,44,45,46,47,48
8,41,1,9;54,46,38,30,22,14;56,48,40,32,24,16,8,0,1,2,3,4;49,50,51,43,44,45,37,29,21;13,5,6,7,15,23,31,39,47,55,63,62,61,53;41,33,25,26,27,28;12,11,10;57,58,59,60,52;20,19,18,17,9;42,34,35,36
8,41,2,8;8,0,1;49,41,33,34,35,27,19,11,12,13,14,22;30,29,37,45,53,61,60,59,58,50,42,43;57,56,48,40,32,24,16,17,9;31,39,47,55,63,62;21,20,28,36,44,52,51;38,46,54;25,26,18,10,2,3,4,5,6,7,15,23
9,41,3,8;70,69,68,67,66,65,64,63,54,45,36,37,38,47,48;1,10,19,20,21,22,31,32,33,42,51;49,58,57,56,55,46;44,43,34,25,16,15,6,5,4,3,2,11;7,8,17,26,35;24,23,14,13,12;53,62,71,80,79,78,77,76,75,74,73,72;0,9,18,27,28,29,30,39,40,41,50,59,60,61,52
9,41,4,8;24,33,42,51,60;44,53,62,71,80,79,78;43,52,61,70,69,68,67,66,65,64,55,46,37;56,57,58,59,50,41,32,23;49,40,31,22;10,11,12,13,14,15,16,25;77,76,75,74,73,72,63,54,45,36,27,28,29,38;47,48,39,30,21,20,19,18,9,0,1,2,3,4,5,6,7,8,17,26,35,34
10,41,5,12;8,9,19,29,39,38,37,36,35,45;55,54,53,52,51;0,10,20,30,31;74,75,76,77,67,57;33,23,13,12;42,41,40,50,60,70,80,90,91,92;83,84,85,86,87,88,78,68,58;27,26,16;73,72,82;93,94,95,96,97,98,99,89,79,69,59,49,48,47,46,56,66,65,64,63,62,61,71,81;43,44,34,24,14,4,3,2,1,11,21,22,32;28,18,17,7,6,5,15,25
10,41,6,11;81,82,83,84,74,64,54,44,45,46,36,37,27,17,7,8,9,19,29,39,49,59,69,79,89,99,98;88,78,77;23,33,43,53,63,73,72,71,70,80,90,91,92,93,94;10,20,30,40;18,28,38,48,58,68,67,66,76,86,87,97;25,15,5,4;12,22,32,42,52,62,61,60,50;47,57,56,55,65,75,85,95,96;0,1,2,3,13,14,24,34,35;11,21,31,41,51;26,16,6
9,42,1,9;30,29,38,47,56,57,58;2,1,0;26,35,44,53;15,6,7,8;41,42,51;52,43,34,33,32,31,40;17,16,25,24,23;39,48,49,50,59,60,61,62,71,80,79,78,77,76,75,74,73,72,63,54,45,36,27,18,9,10,11,12,3,4,5;70,69,68,67,66,65,64,55,46,37,28,19,20,21,22,13,14
10,42,2,9;24,25,26,27,37,47,57,56;88,87,86,85,84,83,73,63,64;81,71,61,51;12,13,23,33,34,35;76,77,78,68,58,48,38,28,18,17,16,15,14;44,43,42,32,22,21,11;36,46,45,55,54,53,52,62,72,82,92,93,94,95,96,97,98,99,89,79,69,59,49,39,29,19,9,8,7,6,5,4,3,2,1,0,10,20,30;31,41,40,50,60,70,80,90,91;74,75,65,66,67
9,42,3,6;65,64,63,54,45,36,27,18,9,0,1,2,3,4,5,6,7,8,17,26,35,44,53,62,71;47,48,57,66,75,74,73,72;39,38,29,20,21,22,23,32;30,31,40,41,50,59,68,69,70,61,52,43,34,25,16;56,55,46,37,28,19,10,11,12,13,14,15,24,33,42,51,60;80,79,78,77,76,67,58,49
10,42,4,9;61,51,41,31,21,11,10,0;6,5,4,3,13,23,33,43,53;29,28,27,37,36,46,56,66;1,2,12,22,32,42,52,62,63,64,54,44,34,24,14,15,16,17,7,8;38,48,47,57,67,77,76,75,74,73,72;65,55,45,35,25,26;9,19,18;80,90,91,92,93,94,95,96,97,98,99,89,79,69,59,49,39;58,68,78,88,87,86,85,84,83,82,81,71,70,60,50,40,30,20
9,42,5,6;56,47,38,29,20,21,22,23,24,33,42,43,52,61,70;32,31,30,39,48,57;62,53,44,35,26,17,8,7,6,5,4,3,2,1,0,9,18,27,36,45,54,63,72,73;40,49,58,59,68,77,76,75,74;67,66,65,64,55,46,37,28,19,10,11,12,13,14,15,16,25,34;71,80,79,78,69,60,51,50,41
10,42,6,11;4,5,6,7,8,9,19;81,82,83,84,74,64,54;80,90,91,92,93,94,95,96,97,98,99,89,79,78,68,58,48,38;55,65,75,85;35,36,37,47,57,67,77;2,12,22,32,42,52,62,61,60,50,40,30,20,10,0;25,26,27;3,13,23,33;88,87,86,76,66,56,46,45,44,43,53,63,73,72,71,70;69,59,49,39,29,28,18,17,16,15,14,24,34;1,11,21,31,41,51
6,43,1,6;9,8,7;25,26,20;34,35,29,23,17,11,5,4;28,22,16,10;3,2,1,0,6,12,18,24,30,31,32,33;19,13,14,15,21,27
6,43,2,4;5,4,3;9,10,11,17,23,29,35,34,33,32,31,30,24,18,12;0,1,2,8,14,20,21;15,16,22,28,27,26,25,19,13,7,6
6,43,3,6;18,12,13,7,8,9,3;21,27,26,25;4,10,16,15,14,20,19;22,28,34,33,32,31,30,24;5,11,17,23,29,35;6,0,1,2
6,43,4,4;20,21,27;33,34,35,29,23,17,11,5,4,3,2,1,0;10,9,8,7,6,12,18,24,30,31,32,26;28,22,16,15,14,13,19,25
6,43,5,5;13,14,15,21,27;30,24,18,19,20;28,22,16,10,9,8,7,6,12;0,1,2,3,4,5,11,17,23,29,35,34,33,32;26,25,31
6,43,6,4;26,25,19,13,7;15,9,3,4,5;10,11,17,23,29,28,27;16,22,21,20,14,8,2,1,0,6,12,18,24,30,31,32,33,34,35
6,43,7,5;24,30,31,32,33,34,28;27,26,25;10,9,8,7;35,29,23,22,21,20,19,18,12,6;0,1,2,3,4,5,11,17,16,15,14,13
6,43,8,5;16,15,14,20,19;35,29,23;6,0,1,2,3,4,5,11,17;30,31,32,33,34,28,22;21,27,26,25,24,18,12,13,7,8,9,10
6,43,9,5;11,5,4,3,2,1,0,6,12,18;10,9,8,7;28,22,21,20,26,25,24;19,13,14,15,16,17,23,29,35,34,33,27;30,31,32
6,43,10,5;21,22,23,29,35,34,33,32,31;28,27,26,20;30,24,18,12,6,7;0,1,2,3,4,5,11,17,16,15,14,13,19,25;10,9,8
6,43,11,5;10,16,15,14,13;3,2,1,0;31,32,33,34,35,29,23,17,11,5,4;9,8,7,6,12,18,19,20,21,22,28;30,24,25,26,27
6,43,12,5;8,9,10,16;27,26,20,14,15;21,22,28;2,3,4,5,11,17,23,29,35,34,33,32,31,25,19,13,7;30,24,18,12,6,0,1
7,44,1,6;18,17,24;28,21,14,7,0,1,2,3,4,5,6,13,20,27;25,26,19,12,11,10,9,8,15,22,29,36;16,23,30,31,32;34,33,40,39,38,37;41,48,47,46,45,44,43,42,35
7,44,2,6;42,43,36,29,22,23,24;16,17,18;15,14,7,0,1,2,3,4,5,6,13,20,27,34,41,48,47,46,45;25,32,31,30,37,44;35,28,21;8,9,10,11,12,19,26,33,40,39,38
7,44,3,7;47,48,41,34,27,20,13,6,5;18,25,32;10,9,8;26,33,40,39,46,45,44,43,42,35;30,23,22;19,12,11,4,3,2,1,0,7,14;21,28,29,36,37,38,31,24,17,16,15
7,44,4,6;11,18,25,32,33,40,41;28,35,42,43,44,45,46,47,48;39,38,37,30,23,16;31,24,17,10,9,8,15;36,29,22,21,14,7,0,1,2,3,4,5,12,19,26;6,13,20,27,34
7,44,5,6;48,41,40,39,38,31,24,25,26,19,20;2,9,8,15,22,29,36,43,44,45,46,47;42,35,28,21,14,7,0,1;37,30,23,16,17,18,11,12;13,6,5,4,3,10;27,34,33,32
7,44,6,8;17,16,15;24,23,22,29,36;37,30,31;38,39,40;18,11,4,3,2,1,0;5,12,19,26;27,20,13,6;10,9,8,7,14,21,28,35,42,43,44,45,46,47,48,41,34,33,32,25
7,44,7,5;21,14,7,0,1,2,3,4,5,6,13,20,27,26,25,18,17,16,23,30,37,44;40,39,38;36,29,22,15,8,9,10,11,12,19;24,31,32,33,34,41,48,47,46,45;43,42,35,28
7,44,8,7;13,6,5,4,3,2,9,8,15,22,29,30,31,32,33,26,19;41,34,27,20;18,25,24,23;1,0,7,14,21,28,35,42,43,44,45,46;36,37,38,39;40,47,48;16,17,10,11,12
7,44,9,6;40,33,26,19,18,11;35,42,43,44,45,46,47,48,41,34,27,20,13,12;6,5,4,3,2,9,8,15,22,21;1,0,7,14;10,17,24,25,32,39,38,37,36,29,28;16,23,30,31
7,44,10,6;39,32,31,24;8,9,16,23,30,37,38;10,11,12,19,20,27,34,41,48,47;15,22,29,36,43,44,45,46;42,35,28,21,14,7,0,1,2,3,4,5,6,13;40,33,26,25,18,17
8,45,1,9;58,57,56;41,40,32,24,16,8,0,1,2,3,4,5,6,14,22,30,38,37,36;13,21,29;7,15,23,31,39;46,54,53,52,51;33,25,17,9,10,11,12;48,49,50,42,34,26,18,19,20;28,27,35,43,44,45;47,55,63,62,61,60,59
8,45,2,7;27,28,29,21,13,12;41,49,50,51,52,53,54,55;63,62,61,60,59,58,57,56,48,40,32,33;5,4,3,2,1,0,8,16,24;20,19,18;35,36,37,38,30,22,14;11,10,9,17,25,26,34,42,43,44,45,46,47,39,31,23,15,7,6
8,45,3,7;14,22,30,38;9,10,11,19,20,28,36;27,35,43,44;5,6,7,15,23,31,39,47,55,63,62,61,53,52,51,50,42,34,26,18,17;49,41,33,25;57,56,48,40,32,24,16,8,0,1,2,3,4,12,13,21,29,37,45,46,54;60,59,58
8,45,4,7;6,14,22,30,38,46,54,55;44,43,35,27,19,11,3,4,5,13,21,29;9,17,16,24,32,40,48,56,57,58,59;8,0,1,2,10,18,26,25,33,41,49;63,62,61,53,45,37,36,28,20,12;7,15,23,31,39,47;34,42,50,51,52,60
8,45,5,7;34,35,36,44,52,53,54,46,38;13,14,22,30,29,37,45;51,59,60,61,62,63,55,47,39,31,23,15,7,6,5,4,3,2,1,0;49,48,40,32,24,16,17,18,19,11,12;10,9,8;41,33,25,26,27,28,20,21;56,57,58,50,42,43
8,45,6,8;28,20,12,4,3,2,1,0,8;37,29,21,13,5,6,7,15,23,31,39,47,55,63,62,61,60,59,58,50,42,43;36,44,52,51;46,38,30,22,14;57,56,48,40,32,24,16,17,18,26,34;9,10,11,19,27,35;49,41,33,25;54,53,45
9,46,1,8;60,61,52,43,42,41,40,49,58,57,56,55,64;31,32,33,34,25;30,39,48,47,46,45,54,63,72,73;16,15,14,13,12,11,10,19,28,29;24,23,22,21,20;74,75,76,77,78,79,80,71,62,53,44,35,26,17,8,7,6,5,4,3,2,1,0,9,18,27,36,37,38;65,66,67,68,69,70;51,50,59
9,46,2,9;70,61,52,43,34;59,50,41,32,31;39,38,47,56,65,74,73,72,63,54,45,36,27,18,9,10;19,28,37,46,55,64;29,30,21,22,23,24;17,8,7;14,13,12,11,20;48,57,66,75,76,77,78,79,80,71,62,53,44,35,26,25,16,15,6,5,4,3,2,1,0;33,42,51,60,69,68,67,58,49,40
9,46,3,8;64,65,56,47,48,39,30,21,22,23;80,71,70,69,68,67,66;52,43,34,25,16,7,6,5,4,3,2,1,10,19,28,27,36,45,54,63,72,73,74,75,76,77,78,79;0,9,18;41,42,51;20,11,12,13,14,15,24,33,32,31,40,49,58,57;55,46,37,38,29;50,59,60,61,62,53,44,35,26,17,8
9,46,4,6;79,78,77,76,75,74,73,72,63,54,45,36,27,18,9,0,1,2,3,4,5,6,7,8,17,26,35,44,53,62;39,48,49,50,51;80,71,70,69,68,67,66,65,64,55,46,37,28,19,10,11,12,13,14,15,16,25,34,33,32,31,30;24,23,22,21,20;42,41,40;29,38,47,56,57,58,59,60,61,52,43
9,46,5,9;64,55,46;12,21,30,31,40;8,7,6,5,4,3,2,1,0,9,18,27;22,13,14,15,16,17,26,35,44,53,62,71,80,79,78,77,76,75,74,73,72,63,54,45;41,50,49,58,57;36,37,28,19;38,29,20,11,10;23,24,25,34,43,52,61,70,69;32,33,42,51,60,59,68,67,66,65,56,47,48,39
10,47,1,10;17,16,15,14,13,12,22,32,33,34;27,26,25,24,23;83,73,74,75,65,66,67,68,78,88,87;45,46,47,48,49,39,29,19,9,8,7,6,5,4,3,2,1,0,10,20,30,40,50,51,52,62,72;71,81,82;64,63,53,43,42,41,31,21,11;59,69,79,89,99,98,97,96,95,94,93,92,91,90,80,70,60,61;18,28,38,37,36,35;84,85,86,76,77;58,57,56,55,54,44
10,47,2,11;78,77,76,75;92,91,81,71,61,51,41,31,32,22,23,13,14,15,5,6,7;10,0,1,2,3,4;58,57,56,46,45,44,54,64;79,89,99,98,97,96,95,94,93,83,82,72,62,52,42,43,33,34,35,36,37,47,48;84,85,86,87,88;90,80,70,60,50,40,30,20,21,11,12;24,25,26,16,17,18;27,28,38;8,9,19,29,39,49,59,69,68,67,66,65,55;53,63,73,74
10,47,3,9;76,66,56,46;26,25,24,34,44,54,64,63,73,72,71;23,13,14,15,16,17,27,37,47,57,67,77;1,0,10,20,30,40,41,42;11,21,31,32,33,43;36,35,45,55,65,75,85,86,87,88,78,68,58,48,38,28,18;22,12,2,3,4,5,6,7,8,9,19,29,39,49,59,69,79,89,99,98,97,96,95,94,93,92,91,90,80,70,60,50,51;53,52,62,61;81,82,83,84,74
10,47,4,11;58,59,69,79,89,99;27,37,47,48,49,39,29,19,9,8,7,6,5,4,3,2;75,76,66,56,46,36;1,0,10,20,30,40,41,51,61,71,72,73,63,53,54,55,45,35,25,26;65,64,74,84,83,82,81;11,21,31,32,33;38,28,18,17,16,15,14,13;50,60,70,80,90,91,92,93,94,95,85,86,87,77;57,67,68,78,88,98,97,96;12,22,23,24,34;44,43,42,52,62
11,48,1,9;72,61,50,39,28,17;31,30,41,52,63,74,85,96,95,106;56,55,66,77,88,99,110,111,112,113,114,115,116,105,94,83,84,73,62,51,40,29,18,19,20;13,24,35,46,57,68,79,90,91,92,81,70,59,48,37,26,27,16;117,118,119,120,109,98,87,76,65,54,43,32,21,10,9,8,7,6,5,4,3,2,1,0,11,22,33;107,108,97,86,75,64,53,42;12,23,34,45,44;38,49,60,71,82,93,104,103,102,101,100,89,78,67;15,14,25,36,47,58,69,80
11,48,2,8;110,99,88,77,66,55,44,33,22,11,0,1,2,3,4,5,6,7,8,9,10,21,32;28,39,50,61,72,83,84,85,74,63,52,41,42,43,54,65,76,87,98,109,120;96,107,106,105,104,103,92,81,70,59,48,37,36,25,24;111,100,89,78,67,56,45,34,23,12,13,14,15,26;95,94,93,82,71,60,49,38,27,16,17,18,19,20,31;30,29,40,51,62,73;57,68,79,90,101,112,113,114,115,116,117,118,119,108,97,86,75,64,53;35,46,47,58,69,80,91,102
11,48,3,11;24,23,34,45,56,67,78,79,90,91,92;81,70,59,58,47,36,25,14,13,12;64,53,42,31,30,29,40,51,62,73,84,95,96;93,104,115,116,117,118,119,120,109,98,87,76,65,54,43,32,21,20,19,18,17;48,37,26,15,4,3,2,1,0,11,22,33,44,55,66;77,88,99,110,111,112,113,114;35,46,57,68,69,80;10,9,8,7,6,5,16,27,38,49,60,71,82;89,100,101,102,103;41,52,63,74,85;75,86,97,108,107,106,105,94,83,72,61,50,39,28
12,49,1,11;70,58,46,45,44,56,68,80,79,91,103,104;75,87,99,111,123,135;52,40,28,27,26;95,107,119,131,143,142,141,140,139,138,137,136,124,112,100,88,76,64,63,62,74,86,98,110,122,134,133,132,120,108,96,84,72,60,48,36,24,12,0,1;2,3,4,5,6,7,8,9,10,11,23,35,34,33,32,31,43,55,67,66,78,90,102,114,115,116;19,20,21,22;121,109,97,85,73,61,49,50;18,30,42,54;57,69,81,82,94,106,118,130;83,71,59,47;51,39,38,37,25,13,14,15,16,17,29,41,53,65,77,89,101,113,125,126,127,128,129,117,105,93,92
12,49,2,11;126,127,128,116,117;142,143,131,119,107,95,83,71,59,47,35,23,11,10,9,8,7,6,5,4,3,2,1,0,12,24,36,48,60,72,73,85,97,109,121;136,135,134,133,132,120,108,96,84;42,54,55,67,68;66,65,53,41;129,130,118,106,105,104,103,102,101,100,112,124,123,122;115,114,113,125,137,138,139,140,141;90,91,92,93,94,82,70,58,46,34,22,21,20,19,18,17,16,15,14,13,25,37,49,61,62,74,86,98;88,89,77,78,79,80,81,69,57,45,33,32,31,30,29,28,27,26,38,50,51,63;43,44,56;110,111,99,87,75,76,64,52,40,39
12,49,3,13;14,15,16;142,130,129,128,127,115,103,91,79,78,77,65,53,41,40,28,27,26,25,13,1,2,3,4,5,6,7,8,9,10,11,23,35,47;29,30,42,54,66,67,68,69,70,82,94,95;113,125,124,123,122,121;126,114,102,90,89,88,76,64,52;50,62,74,86,98,99;0,12,24,36,48,60,72,84,96,108,120,132,133,134,135,136,137,138,139,140,141;143,131,119,118,117,116,104,92;107,106,105,93,81,80;87,75,63,51,39,38,37,49,61,73,85,97,109,110,111,112,100,101;43,55,56,57,58,59,71,83;33,32,31;17,18,19,20,21,22,34,46,45,44
5,50,1,5;11,16,17,18;10,15,20,21,22,23,24,19,14,13,8;6,7,12;1,0,5;9,4,3,2
8,50,2,6;49,50,51,52,53,54;38,39,31,23,15,7,6,5,4;21,20,19,27,35,43,42,41;18,26,34,33,32,40,48,56,57,58,59,60,61,62,63,55,47,46,45,37;44,36,28,29,30,22,14,13,12,11,10,9,17;3,2,1,0,8,16,24,25
8,50,3,5;54,46,38,30,22,14,13,12,11,10,9;40,48,56,57,58,59,51,43,35,36;28,27,26,34,42,50,49;32,24,16,8,0,1,2,3,4,5,6,7,15,23,31,39,47,55,63,62,61,60,52,44;41,33,25,17,18,19,20,21,29,37,45,53
7,50,4,5;16,17,18,25,26,27;47,48,41,34,33,32,31,38;20,13,6,5,4,3,2,1,0,7,14,21;19,12,11,10,9,8,15,22,29,28,35,42,43,44,45,46,39,40;24,23,30,37,36
5,50,5,3;15,10,11,12;20,21,16,17,18,13,8,7,6,5,0;22,23,24,19,14,9,4,3,2,1
7,51,1,6;18,25,32,39;1,2,9,16,17,24,31,38,45;23,30,37,44,43,42,35,28,21,14,7,0;10,3,4,5,6,13,20,27,34,41,48,47,46;8,15,22,29,36;40,33,26,19,12,11
7,51,2,8;14,21,28,29,36;33,40,39,38;0,1,2,3,4,5,12;35,42,43,44,37,30,23,22,15;31,24,17,16;32,25,26,27,20,13,6;7,8,9,10,11,18,19;34,41,48,47,46,45
7,51,3,4;23,22,21,14,7,0;12,19,26,33,40,39,38,37,36,43;32,25,18,11,10,9;42,35,28,29,30,31,24,17,16,15,8,1,2,3,4,5,6,13,20,27,34,41,48,47,46,45,44
7,51,4,4;15,8,9,10,11,12,19,26,33,40;18,25,32,39,38,37,36;42,35,28,29,30,31,24;43,44,45,46,47,48,41,34,27,20,13,6,5,4,3,2,1,0,7,14,21,22,23,16,17
7,51,5,6;30,31,32,39,46;38,37,36,29,22,23;9,10,11,12;0,7,14,21,28,35,42,43,44,45;13,6,5,4,3,2,1,8,15,16,17,24,25,26,33,40;47,48,41,34,27,20,19,18
7,51,6,6;24,23,22,21;6,5,4,3,2,1,0,7,14,15,16,17,18,19;8,9,10,11,12,13;25,32,39,38,37,36;20,27,34,41,48;26,33,40,47,46,45,44,43,42,35,28,29,30,31
5,52,1,4;23,24,19,14,9,4,3,2,7,12,17;8,13,18;16,11,6,1;0,5,10,15,20,21,22
5,52,2,4;0,5,10,15,20,21,22,23,24,19,14;18,17,16,11,6,1;13,8,9,4;12,7,2,3
6,52,3,5;29,23,17;11,5,4,3,2,1,0,6,12,18,24,30,31,32,33,34,35;10,9,8,7,13;28,22,16,15,14,20,19;25,26,27,21
6,52,4,6;9,15,14,20,19;29,28,22,16,10,4,3,2;25,26,27,21;8,7,13;1,0,6,12,18,24,30,31,32,33,34,35;23,17,11,5
7,52,5,6;6,5,4,11,18,17,16,9,8;48,47,40,33,26,19,12,13;41,34,27,20;15,22,29,36,37,38,31;10,3,2,1,0,7,14,21,28,35,42,43,44,45,46,39;32,25,24,23,30
7,52,6,6;20,19,18,17,16;33,32,31,30,29,36;13,12,11,10,9,8,15,22;23,24,25,26,27,34,41,48,47,46,45;40,39,38,37,44,43,42,35,28;21,14,7,0,1,2,3,4,5,6
8,52,7,8;27,19,11;42,43,35,36,28,20,21;38,46,54,53,52;51,59,60,61,62,63,55,47,39,31,23,15,7,6,5;1,2,10,18,26,34;50,58,57,56,48,40,32,24,16;0,8,9,17,25,33,41,49;44,45,37,29,30,22,14,13,12,4,3
8,52,8,8;44,52,53,54,55,47,39,38,30,29;46,45,37,36;32,24,16,8,0,1,2,3,4,5,6,7,15;21,20,28;26,34,42,50,49;17,18,19,27,35,43,51;31,23,22,14,13,12,11,10,9;63,62,61,60,59,58,57,56,48,40,41,33,25
7,53,1,6;48,47,46;29,22,15,8;38,45,44,43,42,35,28,21,14,7,0,1,2,3,4,5,6,13;18,25,26,33,40,41;39,32,31,24,17,10,11,12,19,20,27,34;36,37,30,23,16,9
7,53,2,6;24,17,10,9;1,2,3,4;28,35,42,43;5,12,11,18,25,32,31,30,23,16,15,8,7,0;19,26,33,40,39,38;6,13,20,27,34,41,48,47,46,45,44,37,36,29,22,21,14
8,53,3,8;37,29,28,20,12,4,3,2;62,61,60,59,58,57,56,48,40,32,24;63,55,54,46,45,44,36,35;1,9,10,18;11,19,27,26,34,42,43;0,8,16,17,25,33,41,49,50,51,52,53;14,22,30,38,39,47;21,13,5,6,7,15,23,31
8,53,4,7;48,56,57,58,59,60,61,62,63;6,7,15,23,31,39,47,55,54,53,52,51;17,9,10,11,12,20,21,29,37,36,35,34,26;24,16,8,0,1,2,3,4,5,13,14,22,30,38,46,45,44,43,42,50;18,19,27,28;32,33,25;49,41,40
9,53,5,8;8,7,6,5,4,3,2,1,0,9,18,27,28;25,34,43;73,72,63,54;19,10,11,12,13,14,23,32,33,42,51,52,61,70;30,39,48,49,58,59,60,69;76,75,74,65,64,55,46,45;24,15,16,17,26,35,44,53,62,71,80,79,78,77,68,67,66,57,56,47;36,37,38,29,20,21,22,31,40,41,50
8,54,1,4;45,44,43,42,34,26,18,10,11,12,13,14;28,29,30,31,39,47,55,63,62;61,60,59,58,57,56,48,40,32,24,16,8,0,1,2,3,4,5,6,7,15,23,22,21,20,19,27,35,36,37,38,46,54;53,52,51,50,49,41,33,25,17,9
8,54,2,6;8,16,24,32,40,48,56,57;21,20,28,36,35,34,26,18,10,2,3,4,5,6,7,15,23,31,39,47,55,63,62,61,60,59,58,50,49;33,25,17,9,1,0;41,42,43,44,45,37,29;51,52,53,54,46,38,30;22,14,13,12,11,19,27
8,54,3,4;14,13,12,11,10,9,17,25,33,41,49,50,51,52,53,45,37;15,7,6,5,4,3,2,1,0,8,16,24,32,40,48,56,57,58,59,60,61,62,54,46,38;63,55,47,39,31,30,29,28,27,35;36,44,43,42,34,26,18,19,20,21,22,23
9,55,1,8;61,70,69,68;55,46,47,48,49,40,41,42;60,51,52,43,34,33,24,15,16;27,28,29,20,21,22;35,44,53,62,71,80,79,78,77,76,75,74,73,72,63,54,45,36,37,38,39,30,31,32,23,14,13,12,11,10,19,18;50,59,58,67,66;25,26,17,8,7,6,5,4,3,2,1,0,9;57,56,65,64
9,55,2,8;80,71,70,69,68,67,66,65,64,73;79,78,77,76,75,74;21,12,3,2,1,0,9,18;45,46,47,48,49,40,41,42,33,24;72,63,54,55,56,57,58,59,60,61,62,53,44,35,26,17,8,7,6,5,4,13,22;11,10,19;20,29,28;27,36,37,38,39,30,31,32,23,14,15,16,25,34,43,52,51,50
10,55,3,11;34,35,36,26,16,6,7,8,9,19,29,39,49,48,58,68,78,88,87;66,56,57,47,37,38,28;27,17,18;86,76,77,67;0,10,20,30,40,50,60,70,71,72,62,52,42,32,22,12;15,25,24;46,45,55,65;61,51,41,31,21,11,1,2,3;5,4,14,13,23,33,43,44,54,64,74,84,94,93,92,91,90,80;81,82,83,73,63,53;59,69,79,89,99,98,97,96,95,85,75
10,55,4,11;54,55,45,35,36,26,27,28,18;16,17,7,8,9,19,29,39,49,59,69,79,89,99,98,97,96,95,94,84,83,82,81;4,3,2,1,0,10,20,21,31;77,76,66,65,64;38,37,47,46,56;6,5,15,25,24,34,44,43,53;11,12,22,32,42,52,62,63;93,92,91,90,80,70,60,50,40,30;14,13,23,33;48,58,57;41,51,61,71,72,73,74,75,85,86,87,88,78,68,67
10,56,1,8;47,37,38,28,18;24,23,13,12,11,21,31,41,51,61,71,81,82,83,84,85,86,87,88;15,25,35,34,44,43,53;22,32,33;27,17,7,8,9,19,29,39,49,59,69,68,67;54,55,45,46,36,26,16,6,5;42,52,62,63,64,65,66,56,57,58,48;14,4,3,2,1,0,10,20,30,40,50,60,70,80,90,91,92,93,94,95,96,97,98,99,89,79,78,77,76,75,74,73,72
9,56,2,9;66,75,74,73,72,63,54,45;49,50,41,32;44,35,26,17,8,7,6,5,4;40,31,22,13,12,3,2,1,0,9,18,27,36,37,46,55,64,65;15,16,25;69,68,59,58,57,56,47,38,29,28,19,10,11;48,39,30,21,20;80,71,62,53,52,43,34,33,24,23,14;67,76,77,78,79,70,61,60,51,42
8,56,3,7;38,30,22,14,13,12;19,20,21,29,37,36,35;34,42,43,44,45;28,27,26,18,10,9;17,25,33,41,49,50,51,52,53,54,46;63,55,47,39,31,23,15,7,6,5,4,3,11;2,1,0,8,16,24,32,40,48,56,57,58,59,60,61,62
7,56,4,6;26,33,32;5,4,3,2,9,8,15,22,29,36;48,47,46,45,44,43,42,35,28,21,14,7,0,1;31,24,25,18,19;20,13,6;12,11,10,17,16,23,30,37,38,39,40,41,34,27
6,56,5,4;22,21,20;5,11,17,23,29,28,27,26,25,19,13,7,8;9,3,2,1,0,6,12,18,24,30,31,32,33,34,35;14,15,16,10,4
5,56,6,5;6,11,16;9,4,3,2,1,0,5,10,15,20;19,14,13,8;21,22,23,24;7,12,17,18
5,57,1,4;17,22,23,24;18,13,12,11,16;4,3,2,1,0,5,10,15,20,21;19,14,9,8,7,6
6,57,2,4;10,16,22,28,27,26,25,19,13;23,29,35,34,33,32,31,30,24,18,12,6,0,1,2;17,11,5,4,3,9,15,21;20,14,8,7
7,57,3,6;36,37,38,39;15,22,23,24,25,18;29,30,31,32,33,40;34,41,48,47,46,45,44,43,42,35,28,21,14,7,8,9,16,17;26,27,20,13,6,5,4;19,12,11,10,3,2,1,0
8,57,4,9;57,49,41,42,34,35,36,37,29,30,22,14,15,7;6,5,4,3,2,1,0;8,9,10,18,26,27,28,20,21,13;19,11,12;54,53,52,51,50,58;16,17,25,33;47,55,63,62,61,60,59;43,44,45,46,38,39,31,23;56,48,40,32,24
9,57,5,8;37,28,19,10,11,12,13,14,15,16,25,34;41,32,31,30,29;20,21,22,23,24,33,42,43,52,61;76,77,78,79,80;38,39,40,49,58,57,56,65;72,63,54,45,36,27,18,9,0,1,2,3,4,5,6,7,8,17,26,35,44,53,62,71,70,69,60;51,50,59,68,67,66,75,74,73,64,55;46,47,48
8,57,6,9;25,33,32,40,48,56,57,58,59;0,8,16,24;54,53,52,60;14,13,12,11,10,18,26,34,42,41;49,50,51,43,35,27,19,20,21,22,23;15,7,6,5,4,3,2,1,9,17;61,62,63,55;37,38,39;47,46,45,44,36,28,29,30,31
7,57,7,6;6,5,12,19,26;37,30,23,16;13,20,27,34,33,32,25,18,11,4,3,2,1,0,7,14,21,28;41,40,39,38,31,24,17,10,9;8,15,22,29,36;35,42,43,44,45,46,47,48
6,57,8,4;20,14,13;19,25,26,27,28,22,16,10,4,3,2;21,15,9,8,7;1,0,6,12,18,24,30,31,32,33,34,35,29,23,17,11,5
5,57,9,4;12,7,8;19,24,23,22,21,20,15,10;5,0,1,2,3,4,9,14,13;18,17,16,11,6
5,58,1,5;19,24,23,22,21,20;3,4,9,14;12,11,6;10,5,0,1;2,7,8,13,18,17,16,15
7,58,2,5;23,24,17,10,11,12,19;20,27,34,41,48,47,46,45,44,43,42,35,28,21;26,33,40,39,38,37,36,29,22,15,14,7,0,1,2,3,4,5,6,13;30,31,32,25,18;8,9,16
9,58,3,9;56,57,58,59,50;41,40,49,48,47,46,55,64;4,13,12,11,10,19,18;65,74,73,72,63,54,45,36,37,38,39,30,31,32,33,24,15,16,17,26,35,44,53,62,71,80;52,61,70;66,67,68,69,60,51,42,43,34,25;79,78,77,76,75;3,2,1,0,9;27,28,29,20,21,22,23,14,5,6,7,8
11,58,4,12;13,24,25,26,27,28,29,30,31,32,43,54,65;108,97,86,85;56,67,78,77,88,99,110,111,112,113,114,115,116,117,118,107,96,95,84,83,72,61,62;104,103,102,101;119,120,109,98,87,76,75,74,73;80,79,68,57,46,45;37,48,59,60,71,82,93,94,105,106;9,8,7,6,5,4,3,2,1,0,11,22,33,44,55,66;10,21,20,19,18,17,16,15,14;12,23,34,35,36,47,58,69,70,81,92,91,90,89,100;38,39,40,41,42,53,64,63;49,50,51,52
6,59,1,5;13,7,1;24,30,31,32,33,34,35,29,23,22,16,10;25,19,18,12,6,0;17,11,5,4,3,2,8,14,20,26;28,27,21,15,9
8,59,2,7;6,5,13,21,29,37,38,46,54;7,15,14,22,30;60,52,51,50,49,41,33,25;43,42,34,26,18;36,44,45,53,61,62,63,55,47,39,31,23;8,0,1,2,3,4,12,20,28;59,58,57,56,48,40,32,24,16,17,9,10,11,19,27,35
10,59,3,11;23,33,43,53,63,64,65,75,85;18,17,16,26,36,35;74,73,72,62,52,42,32,22,12,13;68,78,88;25,15,14;28,27,37;69,79,89,99,98,97,96,95,94,93,92,91,90,80,70,60,50,40,30,20,10,0,1,2,3,4,5,6,7,8,9,19,29;86,76,66,56,55,54,44,34,24;45,46,47,48,38;87,77,67,57,58,59,49,39;84,83,82,81,71,61,51,41,31,21,11
8,59,4,7;45,37,29,21,20,12,11,3;52,53,54,46,38,30,22,14,13;33,32,24,16,8;35,34,42,41,40,48,56,57;0,1,2,10,18,19,27,28,36,44,43,51,50,49;58,59,60,61,62,63,55,47,39,31,23,15,7,6,5,4;26,25,17,9
6,59,5,5;35,34,33,32,31,30,24,18,19,20,21,15,9,8,7;5,11,17,23,29,28,27,26,25;22,16,10;4,3,2,1;0,6,12,13,14
5,60,1,4;22,23,18,13,8;20,15,10,5,0,1,2,3,4,9,14,19,24;7,6,11;21,16,17,12
6,60,2,5;19,20,21,22;11,5,4,3,2,1,0;10,9,15,14,13;35,34,33,32,31,30,24,18,12,6,7,8;16,17,23,29,28,27,26,25
7,60,3,6;8,9,10,11,12;3,4,5,6,13,20,19,18,17,16,23,30,31,32,33;40,39,38,37,36,29,22,15;14,7,0,1,2;24,25,26,27,34;41,48,47,46,45,44,43,42,35,28,21
5,60,4,4;8,13,18,23,22,21,20,15,10,5,0;17,12,7;2,3,4,9,14,19,24;16,11,6,1
6,60,5,4;28,22,16,10,9,8,7;12,6,0,1,2,3,4,5,11,17,23,29,35,34,33,32,31,30;25,26,27,21,15,14,13;24,18,19,20
7,60,6,7;0,1,2,9,10,17,24,23,22,21,14;16,15,8,7;42,43,36;45,44,37,30,29,28,35;3,4,11,12,19,26,33,40;18,25,32,31,38;39,46,47,48,41,34,27,20,13,6,5
5,60,7,4;13,18,17,22,21,20;6,7,8;16,11,12;23,24,19,14,9,4,3,2,1,0,5,10,15
6,60,8,4;24,18,12,6,0,1,2,3,4,5,11,17,23,29,35;20,26,32,33,34,28,22;27,21,15,14;30,31,25,19,13,7,8,9,10,16
7,60,9,7;38,37,36,29,28,21,14,15,16,17,24,25,26,33,34,41;6,13,12;35,42,43,44,45,46,47,48;5,4,11,10,9,8,7;3,2,1,0;22,23,30,31,32,39,40;27,20,19,18
5,60,10,3;8,13,18,17,16,15,10,5,0,1;20,21,22,23,24,19,14,9,4,3,2,7;6,11,12
6,60,11,4;11,5,4,3,2,1,0,6,12,18,24,30,31,32;25,19,13,7,8,9,10,16,17,23,29,35;34,28,22,21;15,14,20,26,27,33
7,60,12,5;48,47,46,45,44,43,36,29,22,15,8,9,10,11,12,19;31,32,33,34,27;20,13,6,5,4,3,2,1,0,7,14,21,28,35,42;18,17,16,23,30,37,38,39,40,41;24,25,26
8,61,1,7;9,10,18,19,20,21;56,57,49,50,51,52,53,54,46,38,39,31,23,15,7,6,5,4,12,11;3,2,1,0,8,16,17,25,26,27,28,36,44;58,59,60,61,62,63,55,47;13,14,22,30,29,37,45;43,42,41,40,48;35,34,33,32,24
8,61,2,7;55,47,39,31;10,9,17,25,33,41,49,50,51,52,60,61;14,13,21,29,37,38,46;18,26,34,42;36,28,20,12;2,1,0,8,16,24,32,40,48,56,57,58,59;63,62,54,53,45,44,43,35,27,19,11,3,4,5,6,7,15,23,22,30
7,61,3,6;42,35,28,21,22,23,24,25,18;40,33,32,31,30,29,36,43,44,45;0,1,8,9,10,11,12,19,26,27,34,41,48;47,46,39,38,37;2,3,4,5,6,13,20;17,16,15,14,7
7,61,4,7;46,45,44,43,42,35,28,21,14,7,0,1,2,3,4,5,6,13;16,17,18,25,26;8,9,10,11,12,19,20,27;32,31,24,23;47,48,41,34,33;40,39,38,37,30;36,29,22,15
9,62,1,5;16,25,34,43,52,61,60,59,58,67;0,9,10,11,12,13,22,31,30,29,28,37,46,55,54,63,72,73,74,75,76,77,68,69,70;45,36,27,18,19,20,21;66,57,48,49,50,51,42,33,24,15,6,7,8,17,26,35,44,53,62,71,80,79,78;1,2,3,4,5,14,23,32,41,40,39,38,47,56,65,64
9,62,2,6;20,29,38,37,46,55,64,65,74,75,76,77,78,79,80,71,62,53,44,35,26,17,8,7,6;24,23,22,13,4,3,2,1,0,9,18,27,36,45,54,63,72,73;66,67,68,59,50,41;48,39,30,21,12,11,10,19,28;5,14,15,16,25,34,43,52,61,70;47,56,57,58,49,40,31,32,33,42,51,60,69
9,62,3,6;59,60,51,42,43,34,25,16;56,57,58,49,40,31,22,13,12,11,10;52,61,70,69,68,67,66,65,64,55,46;47,38,29,28,27,18,9,0,1,2,3,4,5,14,23,32,41,50;48,39,30,21,20,19;33,24,15,6,7,8,17,26,35,44,53,62,71,80,79,78,77,76,75,74,73,72,63,54,45,36,37
8,63,1,5;10,9,17,25,26,34,42,41,40,48,56,57,58,59;29,37,45,53,54,55,47,39,31,23,15,7,6,5,4;18,19,27,35,43,51,50,49;33,32,24,16,8,0,1,2,3,11,12,13,14,22,30,38,46;63,62,61,60,52,44,36,28,20,21
8,63,2,5;22,21,20,19,27,35,36,37,45,53,61,60,59,58,57,56;44,43,42,41,33,25,17,9,1,2,3,4,5,6,7,15,23,31,39,47,55,63;0,8,16,24,32,40,48,49,50,51,52;14,13,12,11,10,18,26,34;28,29,30,38,46,54,62
10,63,3,6;83,82,81,71,61,51,41,31,21,22,23,24,25,26;64,65,75,85,95,96,97,98,99,89,79,69,59,49,39,29;18,28,38,48,58,68,78,88,87,86,76,66,56,55,54;11,12,13,14,15,16,17,27,37,36,35,34,33,32,42,52,62,72,73;74,84,94,93,92,91,90,80,70,60,50,40,30,20,10,0,1,2,3,4,5,6,7,8,9,19;77,67,57,47,46,45,44,43,53,63
6,64,1,6;7,13,19,25,31;34,35,29,23,17,11,5;15,21,27,33;32,26,20,14,8,9;10,16,22,28;4,3,2,1,0,6,12,18,24,30
7,64,2,6;20,13,6,5,4,3,2,1,0,7,14,21,28,35,42,43,44,45,46,47,48,41;8,9,10,11,12;19,18,17,24,31,38,37,36,29,22,15;34,33,40,39;30,23,16;27,26,25,32
8,64,3,6;41,49,50,51,43,35,27,19,18,17;42,34,26,25,24,16,8,0,1,2,3,4,5,6,7,15,23,31;48,56,57,58,59,60,61,62,63,55,47,39,38,30,22,14,13,12,11,10,9;33,32,40;21,29,37,45;46,54,53,52,44,36,28,20
6,64,4,5;27,26,25,19,13,7;4,3,9,15,21,22;20,14,8,2,1,0,6,12,18,24,30,31,32,33,34,28;35,29,23,17;5,11,10,16
7,64,5,5;18,17,16,23,30,37,44,45,46,47,48,41,34,27,26;42,43,36,29,22,15,8,9,10,11,12;19,20,13,6,5,4,3,2,1,0,7,14,21,28,35;40,33,32,25;24,31,38,39
8,64,6,8;39,31,23,15,7,6;45,37,38,30,22,14;12,20,19,18,26,25,33,41,49,57,58,59,51,43;53,54,46;56,48,40,32,24,16,8,0,1,2;4,3,11,10,9,17;27,35,34,42,50;47,55,63,62,61,60,52,44,36,28,29,21,13,5
6,64,7,4;28,27,26,25,19,13,7,1,2;20,14,8;21,15,9,3,4,5,11,17;10,16,22,23,29,35,34,33,32,31,30,24,18,12,6,0
7,64,8,6;24,25,32;19,26,33,40,39,38,31,30;1,2,3,4,5,6,13,20,27,34,41,48,47,46,45,44,37,36,29;43,42,35,28,21,14,7,0;15,8,9,10;12,11,18,17,16,23,22
8,64,9,6;53,54,46,38,37,36;11,10,9,17,25,33,41,49,57,58,59;62,63,55,47,39,31,23,15,7,6;45,44,43,35,27,28,29,21;5,13,14,22,30;61,60,52,51,50,42,34,26,18,19,20,12,4,3,2,1,0,8,16,24,32,40,48,56
6,65,1,5;35,29,23;10,9,15,21,27,26;5,11,17,16,22,28,34,33,32,31,30,24,18,12,13,7;6,0,1;4,3,2,8,14,20,19,25
6,65,2,6;15,9,8,7,6,0;35,34,33;21,20,14,13,12,18,24,30,31,32;29,28,27,26,25,19;23,22,16,10;1,2,3,4,5,11,17
6,65,3,5;4,3,9,15,16,22,28;32,31,30,24,18,12,6,0,1,2,8,14,20,21;5,11,10;17,23,29,35,34,33;27,26,25,19,13,7
6,65,4,5;16,22,21,20,14;5,4,3,2,8,7,13,19,25,26,27,28;34,35,29,23,17;1,0,6,12,18,24,30,31,32,33;11,10,9,15
7,65,5,6;43,36,29,22,15;7,8,9,10,11,12,19,26,27,34,41,48,47;42,35,28,21,14;40,33,32,25,18,17,16,23,30,37,44,45,46;0,1,2,3,4,5,6,13,20;39,38,31,24
7,65,6,7;42,35,28,21,22,23,16,17,18,25,32,33,34,27,20;15,14,7,0,1;40,39,38,37;6,13,12,19,26;8,9,2,3;24,31,30,29,36,43,44,45,46,47,48,41;10,11,4,5
7,65,7,6;16,23,22,29;18,11,12,13;7,0,1,2,3,4,5,6;41,48,47,46,45,44,43,42,35,28,21,14,15,8,9,10,17,24,25,26;30,31,32,33,34,27,20,19;36,37,38,39,40
7,65,8,7;41,34,27;0,1,2,3,4,11,12;23,30,31,32,33,40,47,48;10,9,8,7,14,21,28,35,42,43,44,45,46;36,37,38,39;5,6,13,20,19,18,17,16,15,22,29;24,25,26
8,66,1,6;7,6,5,4,3,2,1,0,8,16,24,32,40,48,56;58,57,49,41,42,43,44,52,53,54,46,38,30,29,28,27,19;31,23,22,21,20;39,47,55,63,62,61,60,59,51,50;18,26,34,35,36,37,45;15,14,13,12,11,10,9,17,25,33
8,66,2,9;37,38,30,22,14,6,5,4,3,2,1,0,8,16,24,32,40;62,61,60,59,58,57,56,48;41,33,25;20,19,27;9,10,11,12,13,21,29,28,36,44,43,42,50,49;53,52,51;45,46,54,55,63;47,39,31,23,15,7;35,34,26,18,17
8,66,3,6;53,45,37,29;34,42,43,51,59,58;50,49,41,33,25,17,9,10,11,12,13,21,22,30,38,46,54;7,15,23,31,39,47,55,63,62,61,60,52,44,36,35,27,26;28,20,19,18;57,56,48,40,32,24,16,8,0,1,2,3,4,5,6,14
8,66,4,9;33,25,17,9,10,11,12,13,14,22,23;43,35,27,19,18;31,30,29,21,20;37,38,46,54;32,24,16,8,0,1,2,3,4,5,6,7,15;45,53,61,62,63,55,47,39;41,40,48,56,57,58,59,60;49,50,51,52,44,36,28;26,34,42
8,66,5,8;3,4,5,6,14,22,21,20,19,18,17,9;57,49,41,42,43;45,37,29,28,27,26,25,24,16,8,0,1;2,10,11,12,13;53,54,46,38,30,31,23,15,7;50,51,52,44,36,35,34,33,32,40,48,56;62,63,55,47,39;58,59,60,61
8,66,6,7;31,39,47,55,54,53,45,44;49,50,51,43,35,27,28,20,12,4,5;7,15,23,22,30,38,46;6,14,13,21,29,37,36;10,9,17,25,33,32;24,16,8,0,1,2,3,11,19,18,26,34,42,41,40,48,56,57,58,59;63,62,61,60,52
9,67,1,9;9,0,1,2,3,4,5,6,7,8,17,26,25,34;69,68,67,58;16,15,14,23,22,21,20,29;43,42,41,40,49,48,57,66,65,64,55,46,37,28,19,10,11,12,13;60,61,62,71,80;74,73,72,63,54,45,36,27,18;24,33,32,31,30,39,38,47,56;70,79,78,77,76,75;59,50,51,52,53,44,35
10,67,2,11;32,42,52,62;76,75,74,73,72;44,43,53,63;12,13,14,24,25,26,36,46;2,3,4,5,6,7,8,9,19,29,39,49,59,69,79,89,99,98,97,96,95,94,93,92,91;15,16,17,27,37,47,57,56,55,45,35,34,33,23,22,21,11,1,0;61,60,50,40;18,28,38,48,58,68,78,88;90,80,70,71;54,64,65,66,67,77,87,86,85,84,83,82,81;51,41,31,30,20,10
11,67,3,10;10,21,32,43,54,65,76,87,86,85,74,63,52,41,30,19,18;92,103,114,115,116,117,106,107,108;12,23,22,33,44,55,66,77,88,99,110,111,112,113;25,36,47,46,45;6,17,28,29,40,51,62,73,84,95,96,97,98,109,120,119,118;26,37,48,49,60,71,70,69,68,79,90;7,8,9,20,31,42,53,64,75;11,0,1,2,3,4,5;59,58,57,56,67,78,89,100,101,102,91,80,81,82,93;34,35,24,13,14,15,16,27,38,39,50,61,72,83,94,105,104
9,68,1,8;18,19,20,29,38,47,56,65,66,67,58,49,40,31,22;35,44,53,62,61,60,51,42,33,24,15,16;0,1,2,3,4,5,6,7,8,17;72,63,54,45,36;27,28,37,46,55,64,73,74,75,76,77,78,79;21,30,39,48,57;80,71,70,69,68,59,50,41,32,23,14,13,12,11,10,9;26,25,34,43,52
9,68,2,4;52,61,70,69,68,67,66,65,64,55,46,37,28,19,10,11,12,13,14,15,16;40,31,22,23,24,25,26,17,8,7,6,5,4,3,2,1,0,9,18,27,36,45,54,63,72,73,74,75,76,77,78,79,80,71,62,53;35,34,33,32,41,50,49,48,39,30;44,43,42,51,60,59,58,57,56,47,38,29,20,21
11,69,1,6;91,92,93,94,83,72,61,50,49;36,47,58,59,60,71,82,81,80,79,90;73,84,95,106,117,116,115,114,113,112,111,110,99,88,77;105,104,103,102,101,100,89,78,67,66,55,44,33,22,11,0,1,2,3,4,5,6,7,8,9,10,21,32,43,54,65,76,87,98,109,120,119,118,107,96,85,74,63,62,51,40,39,38,37,48;42,31,20,19,18,17,16,15,14,13,12,23,34,45,56,57,68,69,70;108,97,86,75,64,53,52,41,30,29,28,27,26,25,24,35,46
11,69,2,6;61,72,83,94,93,92,91,90,89,100,99,110;101,102,103,104,105,106,95,96,85,74,63,52,41,30,29,28,27,16,15,14,13,12,23,34,45,56,57,58,47,36;50,49,60,71,82,81,80,79,78,77,88;111,112,113,114,115,116,117,118,107,108,97,86,75,64,53,42,31,20,19,18,17;84,73,62,51,40,39,38,37,26,25,24,35,46;48,59,70,69,68,67,66,55,44,33,22,11,0,1,2,3,4,5,6,7,8,9,10,21,32,43,54,65,76,87,98,109,120,119
6,70,1,6;7,8,14,20,26,32,31;29,35,34,33;28,27,21,15,9;10,16,22,23;18,12,6,0,1,2,3,4,5,11,17;30,24,25,19,13
6,70,2,3;13,14,15,21,27,26,25,24,30;20,19,18,12,6,0,1,2,3,4,5,11,17,23,29,35;31,32,33,34,28,22,16,10,9,8,7
6,70,3,6;28,29,23,17,11;19,20,21,22;25,26,27,33,34,35;2,1,0;13,14,15,16,10,4,5;3,9,8,7,6,12,18,24,30,31,32
6,70,4,5;0,1,2,3;4,5,11,17,23;29,28,27,26,25,19;35,34,33,32,31,30,24,18,12,6,7,8,9,15;10,16,22,21,20,14,13
6,70,5,3;34,33,32,31,30,24,18,12,6,7,8,9;5,11,17,23,22,21,20;0,1,2,3,4,10,16,15,14,13,19,25,26,27,28,29,35
7,70,6,6;17,16,15;30,31,32,33,34;8,9,10,11;29,36,37,38,39,40,41;26,27,20,13,6,5,4,3,2,1,0,7,14;12,19,18,25,24,23,22,21,28,35,42,43,44,45,46,47,48
7,70,7,6;46,47,40,33,26,19;6,5,4,3,2,1,0,7,14,15,16;31,30,37;8,9,10,17;21,28,35,42,43,44,45,38,39,32,25,18,11,12,13,20,27,34,41,48;36,29,22,23,24
7,70,8,3;0,7,14,21,22,23,24;1,2,9,10,11,12,19,26,33,40,39,38,37,36;3,4,5,6,13,20,27,34,41,48,47,46,45,44,43,42,35,28,29,30,31,32,25,18,17,16,15,8
7,70,9,4;44,37,36,29,22,15,8,9,10,11,12;23,30,31,38,45,46,47,48;16,17,18,19,26,33;24,25,32,39,40,41,34,27,20,13,6,5,4,3,2,1,0,7,14,21,28,35,42,43
7,70,10,5;30,23,16,9,10,11;5,6,13,20,27,26,25;37,36,29,22,15,8;12,19,18,17,24,31,38,39,40;32,33,34,41,48,47,46,45,44,43,42,35,28,21,14,7,0,1,2,3,4
6,71,1,6;7,8,9,10;1,2,3,4,5,11;21,20,26,25;17,16,15,14,13,19;0,6,12,18,24,30,31,32,33,27,28,22;34,35,29,23
8,71,2,7;18,17,16,8,0,1,2,3,4,5,6,7,15,23,31,39,47,55,63,62;14,13,12,11,10,9;54,46,38,30,22,21,20,19;53,45,44,36,35,34,33,41,49,57;61,60,52,51;56,48,40,32,24,25,26,27,28,29,37;43,42,50,58,59
6,71,3,5;31,32,26,20,14,8;30,24,25,19,13,7;0,1,2,3,9,15,21,27,33,34,35,29,23,17,11;18,12,6;28,22,16,10,4,5
8,71,4,6;45,44,36,35;14,13,12,4,3,2,1,0;46,38,30,31,23,15,7,6,5;37,29,28,27,26,34,42,43;22,21,20,19,11,10,9,8,16,24,32,40,48,56,57,58,59,60,61,62,63;18,17,25,33,41,49,50,51,52,53,54,55,47,39
6,71,5,6;30,24,18,12,6,0;31,25,19,13,7;10,16,22,28,27,26;1,2,8,14,20;3,4,5,11,17,23,29,35,34,33,32;9,15,21
8,71,6,8;54,62,61,60,59,58,57,56,48,40,32,24,25;6,5,4,3,2,10,9;53,45,37;39,31,23,22,21;33,41,49,50,51,52;1,0,8,16,17,18,26,34,42,43,44,36;11,19,27,35;7,15,14,13,12,20,28,29,30,38,46,47,55,63
7,72,1,4;8,15,22,29,36,37,38,39,40;13,12,11,18,25,24,23,16,9,2,1,0,7,14,21,28,35,42,43,44,45,46,47,48,41,34,27;20,19,26,33,32,31,30;6,5,4,3,10,17
7,72,2,4;32,33,34,27,20,13;30,23,16,17,18,11,4,3,2,1,0,7,14,21,28,35,42,43,44,45,46,47;6,5,12,19,26,25,24,31;48,41,40,39,38,37,36,29,22,15,8,9,10
7,72,3,4;45,46,47,48,41,34,27,20,13,6,5,4,3,2,1,0,7,14,15,16;17,18,25,32,31,30,29,36;40,39,38,37,44,43,42,35,28,21,22,23,24;33,26,19,12,11,10,9,8
7,72,4,4;23,22,21,28,35,42,43,44,45,46,47,48,41,34,27,20,13;6,5,4,3,2,1,0,7,14,15,16,17,24,31,30,29,36;8,9,10,11,18,25,32;37,38,39,40,33,26,19,12
8,73,1,4;26,25,33,41,49,57,58,59,60,61,62,63;56,48,40,32,24,16,17,18,19,27,28;43,44,45,46,38,30,22,14,13,5,4,3,2,1,0;8,9,10,11,12,20,21,29,37,36,35,34,42,50,51,52,53,54,55,47,39,31,23,15,7,6
8,73,2,5;24,16,8,0,1,2,3,4,5,6,7,15,23,31,39,47,55,63,62,61,53,45;36,44,52,60,59,58,57,56,48,40;37,29,28,27,35,43,51,50;32,33,25,17,9,10,11,12,13,14,22,30,38,46,54;49,41,42,34,26,18,19,20,21
8,73,3,4;28,27,26,25,33,41,49,50,51;43,44,45,53,61,62,63,55,47,39,31,23,15,7,6,5,4,3,2,1,0;42,34,35,36,37,29,21,20,19,18,17,16,24,32,40,48,56,57,58,59,60,52;54,46,38,30,22,14,13,12,11,10,9,8
9,74,1,5;63,64,65,56,47,38,29,20,21;72,73,74,75,66,57,48,39,30,31,22;50,59,68,69,70,61,52,43,44,35,26,17,8,7,6,5,4,3,2,1,0,9,18,27,36,45;60,51,42,33,34,25,16,15,14,13,12,11,10,19,28,37,46,55,54;24,23,32,41,40,49,58,67,76,77,78,79,80,71,62,53
9,74,2,5;29,38,47,56,65,66,67,68,69,70,71,62,53,44,35,26,17;48,57,58,59,60,61,52,43,34,25,16;8,7,6,15,24,33,42,51,50,49;20,21,30,39,40,41,32,23,14,5,4,3,2,1,0,9,18,27,36,45,54,63,72,73,74,75,76,77,78,79,80;31,22,13,12,11,10,19,28,37,46,55,64
9,74,3,5;0,9,18,27,36,37,38,29,20,11,12,13,14,15,24,33,42,51,60,61;65,66,67,58,49,40,31;64,55,56,57,48,39,30,21,22,23,32,41,50,59,68,69,70;47,46,45,54,63,72,73,74,75,76,77,78,79,80,71,62,53,44,35,26,17,8;52,43,34,25,16,7,6,5,4,3,2,1,10,19,28
10,75,1,6;43,33,34,35,36,46,56,66,67;77,76,75,65,55,45,44;73,74,64,54,53,52,42,32,22,23,24,25,26,27,37,47,57,58,59,49,39,29,19,9,8,7,6,5,4,3,2,1,0,10,20,30,40,50;63,62,72,71,70,80,90,91,92,93,94,95,96,97,98,99,89,79,69;68,78,88,87,86,85,84,83,82,81;60,61,51,41,31,21,11,12,13,14,15,16,17,18,28,38,48
10,75,2,6;0,10,20,30,40,50,60,61,62,63,64,65,66,67;57,56,55,45,44,43,42,32,22,12,2,3,4,5,6,7,8,9,19,29,39;54,53,52,51,41,31,21,11,1;28,18,17,16,15,14,13,23,33,34,35,36,46,47,48,58,68,78,77,76,75,74,73,72,71,70,80,90,91,92,93,94,95,96,97,98,99;24,25,26,27,37,38;49,59,69,79,89,88,87,86,85,84,83,82,81
7,76,1,4;24,25,26,33,40,47;0,7,14,21,28,35,42,43,44,45,46,39,32,31,30,23,16,9,10,11,12,13;38,37,36,29,22,15,8,1,2,3,4,5,6;17,18,19,20,27,34,41,48
8,76,2,4;36,37,38,39,31,23,15,7,6,5,4,3,2,1,0,8,16,24,32,40,48,56,57,58,59,60,61,62;42,34,26,18,19,20,21,29,30;22,14,13,12,11,10,9,17,25,33,41,49,50,51,52,53,54;63,55,47,46,45,44,43,35,27,28
9,76,3,5;74,65,56,47,38,29,20,21,22,23,24,33,42,51,52,61;41,32,31,30,39,48,57,66,75,76;80,79,78,77,68,67,58,49,40;73,64,55,46,37,28,19,10,11,12,13,14,15,16,25,34,43;72,63,54,45,36,27,18,9,0,1,2,3,4,5,6,7,8,17,26,35,44,53,62,71,70,69,60,59,50
10,76,4,6;85,84,83,82,81,71,61,51,41,31,21,11,12,13,14,15,16,17,18;45,46,47,57,58,68,78,88;54,44,34,35,36,37,38,48,49,59,69,79,89;65,64,63,53,43,33,23,24,25,26,27,28;99,98,97,87,77,67,66,56,55;39,29,19,9,8,7,6,5,4,3,2,1,0,10,20,30,40,50,60,70,80,90,91,92,93,94,95,96,86,76,75,74,73,72,62,52,42,32,22
12,77,1,10;0,1,2,3,4,5,6,7,8,20,32,31,30,29,41,40,52,51;132,133,134,135,123,111,99,87,75,76,77,78,66,67;127,128,129,130,118,106,94,82,70,58,46,34,22;137,136,124,112,100,88,89,90,91,79;110,122,121,120,108,96,84,72,60,48,36,24,12,13,14,15;85,73,61,49,50,38,39;125,113,101,102,103,104,92,80,68;42,43,44,45,33,21,9;37,25,26,27,28,16,17,18,19;10,11,23,35,47,59,71,83,95,107,119,131,143,142,141,140,139,138,126,114,115,116,117,105,93,81,69,57,56,55,54,53,65,64,63,62,74,86,98,97,109
12,77,2,8;93,105,104,103,102,114,126;92,80,81,82,94,106,118,117,116,115,127;56,57,45,33,32,31,30,29,28,27,26,38,50,62,74,86,98,110,109,108,96,84,72,60,48,36,24,12,0,1,2,3,4,5,6,7,8,9,10,11,23,35,47,59,71,83,95,107,119,131,130,129,128;120,132,133,134,135,136,124,112,100,88;42,41,40,39,51,63,75,87,99,111,123,122,121;77,76,64,52,53,54,55,43,44;91,79,67,68,69,70,58,46,34,22,21,20,19,18,17,16,15,14,13,25,37,49,61,73,85,97;143,142,141,140,139,138,137,125,113,101,89,90,78,66,65
5,78,1,4;20,21,22;18,17,12,11;23,24,19,14,9,4,3,2,1,0;16,15,10,5,6,7,8,13
10,78,2,11;63,53,54;24,23,33,43,44,45,55;56,46,36,35,34;95,94,93,92,91,90,80,70,60,50,40,30,20,10,11;14,13,12,22;6,7,8,9,19,29,39,49,59,69;18,17,16;32,42,52,62,72,73,74,64,65,66,67,68,58,48,38,28,27,26,25,15,5,4,3,2,1,0;88,87,86;57,47,37;21,31,41,51,61,71,81,82,83,84,85,75,76,77,78,79,89,99,98,97,96
6,78,3,6;21,22,28;34,35,29,23,17,16,10,9,8,7;11,5,4,3,2,1,0,6,12,13;20,14,15;32,31,30,24,18,19;33,27,26,25
9,78,4,8;71,80,79,78,77,76,75;63,72,73,74;39,40,41,50,59,68,67,66,57,56,47,46,37;38,29,20,21,22,23,24;58,49,48;69,70,61,52,43,34,25,16,15,14,13,12,11,10,19,28,27,36,45,54,55,64,65;60,51,42,33,32,31,30;62,53,44,35,26,17,8,7,6,5,4,3,2,1,0,9,18
7,78,5,7;21,14,7,0,1,2,3;30,23,16,17,10;48,41,34,27,20,13,6,5,4,11,18,25,24;28,35,42,43,44,45,46;22,15,8,9;47,40,39,38,37,36,29;12,19,26,33,32,31
8,78,6,8;7,15,23,31;58,57,56,48,40;17,9,10,11,12,13;18,19,20,21;46,45,37,29,28;55,47,39,38,30,22,14,6,5,4,3,2,1,0,8,16,24,32,33,41,49,50,51,59,60,61;63,62,54,53,52,44,36,35,27,26,25;34,42,43
5,79,1,4;6,7,12,13;14,19,24,23,22,21,20,15,10,5,0,1,2,3;4,9,8;18,17,16,11
6,79,2,5;17,16,15,14,13,19,25,26,27,28;1,2,3,4,5;23,29,35,34,33,32,31,30,24,18,12;11,10,9,8,7,6,0;20,21,22
5,79,3,4;8,13,18,23;22,17,12,7;24,19,14,9,4,3,2,1,0,5,10,15,20;21,16,11,6
6,79,4,5;30,24,18,12,6,0;26,27,28,22;20,21,15,16,10,11;5,4,3,2,1,7;9,8,14,13,19,25,31,32,33,34,35,29,23,17
5,79,5,5;20,21,22,23,24,19,14;4,3,2,7;9,8,13,12,11,6;1,0,5,10;18,17,16,15
6,79,6,5;0,6,12,18,24,30,31,32,33,34,35;25,26,27,28,29;1,7,13,19,20,21,22,23,17,11,5,4;9,3,2;10,16,15,14,8
5,79,7,4;13,12,7;18,19,14,9,4;21,20,15,10,5,0,1,2,3,8;6,11,16,17,22,23,24
6,79,8,5;11,5,4,3,2,8,7,13,19,25;14,15,9,10;33,34,28,22,21,20;35,29,23,17,16;1,0,6,12,18,24,30,31,32,26,27
5,79,9,4;21,22,23,24,19,14,9,4,3,2;20,15,16;1,6,7,8,13,18;0,5,10,11,12,17
6,79,10,6;35,29,23,22,21;9,8,7,13,19,25;10,16,15;14,20,26,27;6,0,1,2,3,4,5,11,17;28,34,33,32,31,30,24,18,12
5,79,11,5;10,11,12;24,23,22,17,16;21,20,15;5,0,1,2,3,4,9,14;6,7,8,13,18,19
6,79,12,4;0,1,2,3,4,5,11,17,23,22,21,15,14,13,12;35,34,33,32,31,25;16,10,9,8,7,6;29,28,27,26,20,19,18,24,30
8,80,1,7;28,36,44;53,54,46,38,30,22,14,13,12,11,19,18;52,51,43,35,27;61,60,59,58,57,49,41,33;20,21,29,37,45;62,63,55,47,39,31,23,15,7,6,5,4,3,2,1,0,8,16,24,32,40,48,56;10,9,17,25,26,34,42,50
7,80,2,6;30,37,38;39,40,33,26,19,12,11,4,3;0,7,14,21,22,29,36,43,44,45,46,47,48,41,34,27,20,13,6,5;2,1,8,15,16,23,24,31;42,35,28;32,25,18,17,10,9
8,80,3,8;28,36,44,43,42,34,33;20,21,29,37,45,46;8,16,24,32,40,41,49,50,51,52,53,54,62,63;35,27,26;25,17,9,1,0;38,30,22,14,13,12,11;55,47,39,31,23,15,7,6,5,4,3,2,10,18,19;48,56,57,58,59,60,61
7,80,4,6;12,19,26,33,40;34,27,20,13,6,5,4,3,2,1,0,7,14,21,28,29,30,23,16,17;25,18,11,10,9,8,15,22;35,42,43,44,45,46,39,32;47,48,41;36,37,38,31,24
8,80,5,7;28,27,26;50,42,34,35,36,37;17,18,19,20,21,29;0,8,16,24,32,40,48,56,57,58,59,51,43;10,11,12,13,14,22,30,38,46,54,53;45,44,52,60,61,62,63,55,47,39,31,23,15,7,6,5,4,3,2,1,9;25,33,41,49
7,80,6,6;22,23,24,17;42,43,44,37,38,39,40,33,26;7,8,9,10,11,12;45,46,47,48,41,34,27,20,13,6,5,4,3,2,1,0;16,15,14,21,28;19,18,25,32,31,30,29,36,35
6,81,1,5;26,20,14,8,9,10,16,22,28;25,19,13,7;15,21,27;2,3,4,5,11,17;23,29,35,34,33,32,31,30,24,18,12,6,0,1
7,81,2,8;16,15,22,29,36,43,44,45;42,35,28,21,14,7,8;9,2,1,0;37,38,39,46;47,40,33,32,31,30,23;17,18,19,20,13,6,5,4,3;12,11,10;48,41,34,27,26,25,24
6,81,3,5;25,19,20,14;26,32,33,34,35,29,23,17,11,5;27,28,22,16,10,4,3,2,1,0,6;13,7,8,9,15,21;31,30,24,18,12
7,81,4,5;24,17,10,9,8,15,22,29,36,37,38,39,40,41;16,23,30,31,32;6,13,20,27,34;48,47,46,45,44,43,42,35,28,21,14,7,0,1,2,3,4,11,18,25;5,12,19,26,33
6,81,5,5;35,34,33,32,31,30,24;1,0,6,12,18,19,25,26,27,21,15;7,13,14,20;28,29,23,17,11,5,4,3,2,8;22,16,10,9
8,81,6,8;44,45,37,29,21,20;50,49,41,40;28,36,35;24,16,8;11,19,27,26,34,42,43,51;32,33,25,17,18,10,2,3,4,5,6,7,15,23,31,39,47,55,63,62,61,60,59,58,57,56,48;12,13,14,22,30,38,46,54,53,52;0,1,9
6,81,7,5;33,34,35,29,23,17,11,5,4,3,2,1,0,6;30,24,25,19,20,21,27,28;18,12,13,7,8,9,10;22,16,15,14;31,32,26
9,82,1,9;8,17,26,35,44,53,62,71,80,79,78,77,76,75,74,65,56,47,48,49,50,41,42;33,32,31,40,39,38,37,46,55,64,73;14,13,12;66,67,68,69,70,61;0,1,2,3,4,5,6,15,24;10,9,18;23,22,21,30,29;11,20,19,28,27,36,45,54,63,72;57,58,59,60,51,52,43,34,25,16,7
9,82,2,9;66,75,74,73,72,63;27,28,29,30,31,32,41,42,51,60;45,36,37,38,39,40,49,50,59,68,77,76;56,65,64;78,69,70,61,52,43,34,25,16,15,14,13,12;18,9,0;67,58,57,48,47,46,55,54;19,10,1;33,24,23,22,21,20,11,2,3,4,5,6,7,8,17,26,35,44,53,62,71,80,79
9,82,3,7;68,69,70,61,52,43,34,25,16,17;60,51,42,41,40,49,48;46,55,64,65,66,67,76,77,78,79,80,71,62,53,44,35,26;33,24,15,14,13,12,11,10,19,28,37,36,45,54,63,72,73,74,75;8,7,6,5,4,3,2,1,0,9,18,27;23,22,21,20,29,38,47,56,57,58,59,50;39,30,31,32
9,82,4,7;74,73,72,63,54,45,36,27,18,9,0,1,2,11,20,29,38,47,56,57;48,49,50;15,14,13,22,31,40,41,42,51,60,59,58;8,17,26,35,44,53,62,71,80,79,78,77,76,75;33,34,43,52,61,70,69,68,67;39,30,21,12,3,4,5,6,7,16,25,24,23,32;66,65,64,55,46,37,28,19,10
10,83,1,8;58,68,67,66,65,64,54,44,45,46;30,40,50,60,70,80,90,91,92,93,94,95,96,97,98,99,89;37,36,35,34,24,14,4,3,2,1,0,10,20,21,31,41,51,61,71,81;16,6,5;88,87,86,85,84,83,82,72,62,52,42,32,22,12,11;18,28,38,48,47,57,56,55;53,63,73,74,75,76,77,78,79,69,59,49,39,29,19,9,8,7,17,27,26,25,15;13,23,33,43
10,83,2,5;58,68,78,88,87,86,85,84,83,82,81,71,61,51,41,31,30;40,50,60,70,80,90,91,92,93,94,95,96,97,98,99,89,79,69,59,49,48,47,57,67,77,76,75,74,73,72,62,52,42,32,22;20,10,0,1,2,3,4,5,6,7,8,9,19,29,28,27,26,25,35,45,55,54;21,11,12,13,23,33,43,53,63,64,65,66,56,46,36,37,38,39;44,34,24,14,15,16,17,18
10,83,3,10;93,83,73,72,71,81;77,78,88;9,8,7,6,5,4,3,2,1,0,10,20,30,40,41,42,43,44,45,46;14,13,12,11,21,31,32,33,34,35,36,37,47,57,56,55,54,53,52,51,50;22,23,24;70,60,61,62,63,64,65,66,67,68,58,48,38,28,27,26,25;74,75,76;82,92,91,90,80;15,16,17,18,19,29,39,49,59,69,79,89,99,98,97,96,95,94;87,86,85,84
5,84,1,4;11,12,13,14;19,24,23,22,21,20,15,10,5,0,1,2,3,4;9,8,7,6;16,17,18
5,84,2,4;19,24,23,22,21,20;6,7,8;5,0,1,2,3,4,9,14,13,12,11;18,17,16,15,10
6,84,3,7;27,28,29,23,17,11;8,9,15;5,4,3,2,1,0,6,12,18,19,25;7,13,14,20,26,32;21,22,16,10;31,30,24;35,34,33
6,84,4,6;9,3,4;5,11,10;31,30,24,18,12,6,0,1,2,8,14,15,21,22,28;25,19,13,7;16,17,23,29,35,34,33,32;27,26,20
7,84,5,6;0,7,14,21,28;30,31,32;10,11,12,19,26,33,40,39,38,37,36,29;9,16,17,18;23,24,25;22,15,8,1,2,3,4,5,6,13,20,27,34,41,48,47,46,45,44,43,42,35
7,84,6,7;18,11,4,3,2,1,0,7,14,21,28,35,42,43,44,45,46,47,40;39,32,33,34,41,48;23,30,37;38,31,24,25,26,27,20,13,6;36,29,22,15,16,17;10,9,8;19,12,5
8,84,7,8;29,28,27;46,45,53;14,13,12,11,10,9,17,25,33,41,42,43,51,59,58,57,56;63,62,61,60;54,55,47,39,38;22,21,20,19,18,26,34,35;52,44,36,37;50,49,48,40,32,24,16,8,0,1,2,3,4,5,6,7,15,23,31,30
8,84,8,6;48,40,41,33,34,26,27,28,36;60,61,62,63,55,47,39,31,23,15,7,6,5,4,3,2,1,0,8,16,24,32;49,50,42,43,35;53,54,46,38,30,22,14,13;25,17,18,19,20,21,29,37,45,44,52,51,59,58,57,56;12,11,10,9
9,84,9,7;23,24,25,16;43,44,53,62,61,70,69,68,67,66,57,48,39,30,21,12;65,56,47,38,29,20,11,10;19,28,37,46,55,64;32,33,34,35,26,17,8,7,6,5,4,3,2,1,0,9,18,27,36,45,54,63,72,73,74,75,76,77,78,79,80,71;52,51,60,59,58,49,40,31,22,13,14,15;50,41,42
9,84,10,9;35,34,33,32,31;48,39,30;12,11,10,19,28,37,46,55,64,65,66,67,68;13,22,23,24,25;21,20,29,38,47,56,57,58,49,40;16,15,14;26,17,8,7,6,5;60,59,50,41,42,43,44,53,62,71,80,79,78,77,76,75,74,73,72,63,54,45,36,27,18,9,0,1,2,3,4;69,70,61,52,51
