10+B:I,0,1,7,,2_0B:3_0B:4_0B:11_0B:12_0B:14_0B:21_0B:24_0B:25_0B:31_0B:35_0B:36_0B:38_0B:41_0B:46_0B:48_0B:51_0B:55_0B:56_0B:58_0B:61_0B:68_0B:71_0B:74_0B:75_0B:76_0B:77_0B:78_0B:81_0B:82_0B:83_0B:84_0B;73,72,62,52,42,32,22,23,13;45,44,54;96,97,98,99;1,0,10,20,30,40,50,60,70,80,90,91,92,93,94,95,85,86,87,88,89,79,69,59,49;18,28,27,37,47,57,67,66,65,64,63,53,43,33,34;26,16,17;39,29,19,9,8,7,6,5,15
10+B:I,0,2,8,,0_0B:1_0B:2_0B:3_0B:10_0B:13_0B:22_0B:23_0B:31_0B:32_0B:40_0B:41_0B;12,11,21,20,30;74,73,72,71,70,80,90,91,92,93,94,95,96,97,98,99,89,79,69,59,49,48;18,28,27,26,36,46;60,50,51,52,53,54,44;88,78,68,58,57,47,37,38,39,29,19,9,8,7,6,5,4,14,24;81,82,83,84,85,86,87,77,67,66,56,55,45;61,62,63,64,65,75,76;42,43,33,34,35,25,15,16,17
10+B:I,0,3,10,,72_0B:73_0B:79_0B:83_0B:84_0B:85_0B:86_0B:87_0B:88_0B:89_0B;82,92,93,94,95,96,97,98,99;52,62,61,71,81,91;11,12,13,23,24,25,35,45,46,56,57;9,8,7,6,5;69,68,58,48,38,28,27,26,16,15,14,4,3,2,1,0,10,20,21,22,32;40,30,31;36,37,47;90,80,70,60,50,51,41,42,43,53,63,64,74,75,76;59,49,39,29,19,18,17;33,34,44,54,55,65,66,67,77,78
10+B:I,0,4,7,,45_0B:46_0B:56_0B:64_0B:65_0B:66_0B:72_0B:73_0B:74_0B:82_0B:86_0B:87_0B:92_0B:93_0B:94_0B:95_0B:96_0B;30,20,10,0,1,2,3;4,14,13,12,11,21,31,41,40;97,98,99,89,79,69,59,49,39,29,19,9,8,7,6,16,26,27;17,18,28,38,48,58,68,78,88;81,71,61,62,63,53,43,33;55,54,44,34,35,36,37,47,57,67,77,76,75,85,84,83;5,15,25,24,23,22,32,42,52,51,50,60,70,80,90,91
10+B:I,0,5,8,,16_0B:17_0B:27_0B:28_0B:38_0B:48_0B:57_0B:58_0B:67_0B:75_0B:76_0B:77_0B:85_0B:95_0B;24,34,44,54,55;68,78,88,87,86,96;35,45,46;94,93,92,91,90,80,70,60,50,40,30,20,10,0,1,2,12,22,32,42,52,62,72,73;47,37,36,26,25,15,14,13,23,33,43,53,63,64,65,66,56;74,84,83,82,81,71,61,51,41,31,21,11;9,19,29,39,49,59,69,79,89,99,98,97;3,4,5,6,7,8,18
10+B:I,0,6,7,,46_0B:56_0B:66_0B:76_0B:86_0B:90_0B:91_0B:92_0B:93_0B:94_0B:95_0B:96_0B;45,35,36,37,47,57,67,77,87,97,98,99,89,79,69,59,49,39,29,19,9,8,7,6,5,4,3,2,1,0;88,78,68,58,48,38,28,18,17,16,15,14,13,23;21,31,41,51,61,71,72,82,83,84,85,75,65,55;74,64,54,53;27,26,25,24,34;42,52,62,63,73;44,43,33,32,22,12,11,10,20,30,40,50,60,70,80,81
10+B:I,0,7,7,,53_0B:54_0B:55_0B:56_0B:57_0B:67_0B:77_0B:87_0B:88_0B:98_0B;80,90,91,92,93,94,95;8,9,19,29,28,27,26,25,24,23,22,21,31,41,51,61;69,59,49,39,38,37,36,35,34,33,32,42,52,62,63,64,65,66,76;7,6,5,4,3,2,1,0;18,17,16,15,14,13,12,11,10,20,30,40,50,60,70,71,72,73,74,75;43,44,45,46,47,48,58,68,78,79,89,99;81,82,83,84,85,86,96,97
10+B:I,0,8,7,,24_0B:25_0B:26_0B:34_0B:36_0B:46_0B:56_0B:66_0B:70_0B:71_0B:76_0B:81_0B:82_0B:83_0B:84_0B:85_0B:86_0B;80,90,91,92,93,94,95,96,97;89,79,69,59,49,39,29,19,9,8,7,6,5,4,3,2,1,0,10,20,30,40,50,60;99,98,88,78,68,58,48,38,28,18;64,54,44,43,33,23,13;21,31,41,51,61,62,72;87,77,67,57,47,37,27,17,16,15,14;35,45,55,65,75,74,73,63,53,52,42,32,22,12,11
10+B:I,0,9,10,,54_0B:55_0B:64_0B:74_0B:84_0B:89_0B:94_0B:95_0B:96_0B:97_0B:98_0B:99_0B;71,70,60,50,40,30,20,10,0,1;76,66,56,57,58;15,16,17,18,28,38,48;80,81,82,72,62,61,51,41,31,21,11;35,34,24;36,46,45,44,43,33,23,13,14,4,5,6,7,8,9,19,29,39,49,59,69,79,78,88;68,67,77,87,86,85,75,65;3,2,12,22,32,42,52,53;63,73,83,93,92,91,90;25,26,27,37,47
10+B:I,0,10,8,,2_0B:3_0B:4_0B:5_0B:6_0B:7_0B:8_0B:9_0B:12_0B:19_0B:22_0B:24_0B:25_0B:26_0B:27_0B:28_0B:29_0B:32_0B:42_0B:52_0B:62_0B:72_0B;98,99,89,79;91,90,80,70,60,50,40,30,20,10;35,34,44,43,53;83,73,74,75,65,66,56,57;18,17,16,15,14,13,23,33;0,1,11,21,31,41,51,61,71,81,82,92,93,94,95,96,97,87,88,78;84,85,86,76,77,67,68,58,48,47,46,45,55,54,64,63;69,59,49,39,38,37,36
10+B:I,0,11,8,,4_0B:5_0B:6_0B:7_0B:8_0B:9_0B:14_0B:19_0B:24_0B:29_0B:34_0B:39_0B:44_0B:45_0B;58,57,67,77,76,75,85,84,94,93,92,91,90,80,70,60,50,40,30,20,10,0,1,2,3,13,23;11,21,31,41,42,52;18,28,38,48,49,59,69,79,89,99,98,97,96,95;26,36,35;51,61,71,81,82,83,73,74;86,87,88,78,68;12,22,32,33,43,53,54,55,56,46,47,37,27,17,16,15,25;66,65,64,63,62,72
10+B:I,0,12,9,,1_0B:2_0B:3_0B:4_0B:5_0B:6_0B:7_0B:8_0B:9_0B:11_0B:19_0B:21_0B:29_0B:31_0B:39_0B:41_0B:49_0B:51_0B:52_0B:53_0B:54_0B:59_0B:68_0B:69_0B;79,89,88,87,86,96;50,40,30,20,10,0;80,90,91,92,93,94,84,74,73,72,71;99,98,97;95,85,75,76,66,56,46,36,35,34;78,77,67,57,47,37,27,26,25,24,23,33,43,44,45,55,65,64,63,62;42,32,22,12,13,14,15,16,17,18,28,38,48,58;61,60,70;81,82,83
10+B:I,0,13,7,,10_0B:11_0B:12_0B:20_0B:22_0B:30_0B:32_0B:40_0B:42_0B:43_0B:44_0B:50_0B:58_0B:60_0B:68_0B:70_0B:78_0B:80_0B:85_0B:86_0B:87_0B:88_0B:90_0B:91_0B:92_0B:93_0B:94_0B:95_0B;57,67,77,76,75,74,84,83,82,81;24,25,26,16,6,5;96,97,98,99,89,79,69,59,49,39,29;13,23,33,34;21,31,41,51,61,71,72,73,63,64,65,66,56,46,47,48,38,28,18,19,9;15,14,4,3,2,1,0;8,7,17,27,37,36,35,45,55,54,53,52,62
10+B:I,0,14,8,,8_0B:18_0B:24_0B:25_0B:26_0B:27_0B:28_0B:34_0B:44_0B:54_0B;17,16,15,14,13,23,22,32,42,52,62,63;86,87,88,78,68,69,59,49,39,29,19,9;47,46,56,66;93,94,95,96,97,98,99,89,79;65,64,74,73,72;53,43,33;12,11,21,31,41,51,61,71,81,82,83,84,85,75,76,77,67,57,58,48,38,37,36,35,45,55;7,6,5,4,3,2,1,0,10,20,30,40,50,60,70,80,90,91,92
10+B:I,0,15,7,,4_0B:5_0B:6_0B:7_0B:8_0B:9_0B:14_0B:19_0B:24_0B:25_0B:26_0B:27_0B:29_0B:39_0B:46_0B:47_0B:48_0B:49_0B:56_0B;12,22,32,42,43,53,54,55,65,66,67;35,36,37,38,28,18,17,16,15;68,78,77,76,75,74,64,63,62,52,51,41,31,21,11;57,58,59,69,79,89,99,98,97,96,95,94,93,83,73,72,71,61;88,87,86,85,84;81,82,92;91,90,80,70,60,50,40,30,20,10,0,1,2,3,13,23,33,34,44,45
10+B:I,0,16,7,,56_0B:57_0B:58_0B:59_0B:61_0B:66_0B:69_0B:71_0B:72_0B:73_0B:74_0B:76_0B:77_0B:79_0B:84_0B:89_0B:94_0B:95_0B:96_0B:97_0B:98_0B:99_0B;27,26,25,24,34,44;67,68,78,88,87,86,85,75,65,55;50,60,70,80,81,82,83;54,53,43,42,32,31,21,11,12,13,14,15,16,17,18,28,38,37,36,35,45;90,91,92,93;22,23,33;46,47,48,49,39,29,19,9,8,7,6,5,4,3,2,1,0,10,20,30,40,41,51,52,62,63,64
10+B:I,0,17,10,,13_0B:14_0B:24_0B:25_0B:26_0B:27_0B:37_0B:38_0B:39_0B:49_0B:59_0B:69_0B:79_0B:84_0B:89_0B:94_0B:95_0B:96_0B:97_0B:98_0B:99_0B;45,55,54;30,20,10,0,1;57,56,66,65;52,62,72,73,83,93,92,91,90,80,70,60,50,40,41,31,21,11,12,2,3,4,5,6,7,8,9,19,29;44,43,42,32,22,23;33,34,35,36,46,47,48,58;82,81,71,61,51;15,16,17,18,28;53,63,64,74,75,85,86,87,88,78;68,67,77,76
10+B:I,0,18,8,,14_0B:15_0B:16_0B:17_0B:18_0B:23_0B:24_0B:28_0B:29_0B:33_0B:39_0B:43_0B:49_0B:53_0B:59_0B:63_0B:69_0B:71_0B:73_0B:74_0B:78_0B:79_0B:81_0B:84_0B:86_0B:87_0B:88_0B:91_0B:92_0B:93_0B:94_0B;13,12,11;64,54,44,34,35,25,26,27,37,47,57,56,66;90,80,70,60,61,51,41;36,46,45,55,65;19,9,8,7,6,5,4,3,2,1;50,40,30,31;0,10,20,21,22,32,42,52,62,72,82,83;38,48,58,68,67,77,76,75,85,95,96,97,98,99,89
10+B:I,0,19,9,,0_0B:1_0B:2_0B:3_0B:4_0B:10_0B:14_0B:15_0B:20_0B:25_0B:30_0B:35_0B:40_0B:45_0B:46_0B:50_0B:51_0B:56_0B:66_0B;65,75,76,77,78,88;67,68,58,48,38,28,18,17,16,26,36;61,60,70;53,63,73,83,82,81;44,43,33,32,22;87,86,85,84,74,64,54,55;34,24,23,13,12,11,21,31,41,42,52,62,72,71;80,90,91,92,93,94,95,96,97,98,99,89,79,69,59,49,39,29,19,9,8,7,6,5;57,47,37,27
10+B:I,0,20,8,,0_0B:1_0B:11_0B:21_0B:31_0B:41_0B:42_0B:52_0B:53_0B:54_0B:55_0B:65_0B;23,24,25,26,27,37,47,57,67,77,78;81,71,72,73,74,75,76,66,56,46,45,44,43;90,80,70,60,61,62,63,64;10,20,30,40,50,51;59,49,39,29,19,9,8,7,6,5,4,3,2;33,34,35,36;91,92,82,83,84,85,86,87,88,89,79,69,68,58,48,38,28,18,17,16,15,14,13,12,22,32;93,94,95,96,97,98,99
10+B:I,0,21,9,,11_0B:12_0B:21_0B:31_0B:32_0B:33_0B:34_0B:35_0B:45_0B:46_0B:56_0B:66_0B:67_0B:68_0B:69_0B:79_0B:89_0B;97,96,95,94,93,83,82,81,71;99,98,88,78,77,76,75,65,64,63,53,52,51;36,26,27;22,23,13,14;24,25,15,16,17,18,28,38,48,58,59;50,60,70,80,90,91,92;87,86,85,84,74,73,72,62,61;57,47,37;55,54,44,43,42,41,40,30,20,10,0,1,2,3,4,5,6,7,8,9,19,29,39,49
10+B:I,0,22,9,,24_0B:25_0B:26_0B:36_0B:37_0B:39_0B:47_0B:48_0B:49_0B;61,71,81,82,83,84,85,86,87,88,78,68,58,57;38,28,27,17,16,15,14,13;41,51,52,53,63,64;1,11,21,31,32,42,43,44,54,55,65;67,77,76,75,74,73,72,62;0,10,20;59,69,79,89,99,98,97,96,95,94,93,92,91,90,80,70,60,50,40,30;29,19,9;66,56,46,45,35,34,33,23,22,12,2,3,4,5,6,7,8,18
10+B:I,0,23,7,,7_0B:8_0B:9_0B:17_0B:19_0B:26_0B:27_0B:29_0B:39_0B:46_0B:47_0B:48_0B:49_0B:56_0B:66_0B:67_0B:68_0B:69_0B;45,55,65,75,76,77,78,79,89,99,98,97,96,95,94,93,83,73,63,53,43,33,32,31;42,41,51,61,71,81;59,58,57;88,87,86,85,84,74,64,54,44,34,24,23,22,21;18,28,38,37,36,35,25,15,14,4,3,2,1,0,10,20,30,40,50,60,70,80,90,91,92,82,72,62,52;16,6,5;11,12,13
10+B:I,0,24,9,,22_0B:23_0B:24_0B:25_0B:30_0B:31_0B:32_0B:35_0B:40_0B:44_0B:45_0B:50_0B:60_0B:61_0B:62_0B:72_0B:73_0B;97,87,88,78,68,58,48;70,71,81,82,83;95,96,86,76,66,56,46,36,26,27,28;54,55,65,75,85,84,94,93,92,91,90,80;20,21,11,12,13,14,15,16,17,18;74,64,63,53,52,51,41;34,33,43,42;98,99,89,79,69,59,49;10,0,1,2,3,4,5,6,7,8,9,19,29,39,38,37,47,57,67,77
10+B:I,0,25,7,,10_0B:11_0B:12_0B:22_0B:30_0B:32_0B:40_0B:42_0B:50_0B:52_0B:60_0B:62_0B:70_0B:72_0B:73_0B:74_0B:75_0B:76_0B:77_0B:78_0B:80_0B:88_0B:90_0B:91_0B:92_0B:93_0B:94_0B:95_0B:96_0B:97_0B:98_0B;99,89,79;87,86,85,84,83,82,81,71,61,51,41,31,21,20;26,27,28,38;18,17,16,15,25,35,36,37,47;0,1,2,3,13,23,33,43,53,54,55;63,64,65,66,67,68,69,59,49,39,29,19,9;48,58,57,56,46,45,44,34,24,14,4,5,6,7,8
10+B:I,0,26,9,,8_0B:18_0B:28_0B:38_0B:48_0B:58_0B:68_0B:77_0B:78_0B;13,12,22,32,31,41,51,52,53,54,44,34,24,25;10,0,1,2,3,4,5,6,7,17,27,37,47,46,56;11,21,20,30,40,50,60,70,80,81;71,61,62,63,73,83,93,94,95,96,97,98,99;86,85,84,74,64,65,55,45,35,36,26,16,15,14;87,88,89,79,69,59,49,39,29,19,9;90,91,92,82,72;23,33,43,42;57,67,66,76,75
10+B:I,0,27,9,,4_0B:14_0B:24_0B:25_0B:26_0B:27_0B:37_0B:47_0B:57_0B:64_0B:65_0B:66_0B:67_0B;77,87,88,89,79,69,59,49,39,29,19,9,8,7,6;35,36,46,56,55,54;75,74,84,83,82,81,71,61,51,41,31,21,11,12;22,32,42,43,53,63;93,92,91,90,80,70,60,50,40,30,20,10,0,1,2,3,13,23,33,34,44,45;73,72,62,52;5,15,16,17,18,28,38,48,58,68,78;99,98,97,96,95,94;76,86,85
10+B:I,0,28,10,,36_0B:41_0B:42_0B:43_0B:44_0B:45_0B:46_0B:51_0B:57_0B:58_0B:59_0B:61_0B:66_0B:67_0B:69_0B:71_0B:79_0B:81_0B:89_0B:91_0B:92_0B:93_0B:94_0B:95_0B:96_0B:97_0B:98_0B:99_0B;12,22,23,24,14,4,5;64,54,53;74,73,63,62,52;90,80,70,60,50,40,30,20,10,0,1,2,3,13;11,21,31,32,33,34,35;27,26,25,15;68,78,77,76,75,65,55,56;16,17,18,28,38,37;72,82,83,84,85,86,87,88;47,48,49,39,29,19,9,8,7,6
10+B:I,0,29,8,,16_0B:17_0B:27_0B:30_0B:31_0B:32_0B:33_0B:34_0B:35_0B:36_0B:37_0B:40_0B:50_0B:52_0B:53_0B:54_0B:55_0B:60_0B:61_0B:62_0B:65_0B;21,20,10,0,1,2,3,4,14,15;9,19,29,39,49,59,69,79,89,99,98,97,96,95,94,93,92,91,90,80,70;13,23,24,25,26;5,6,7,8,18,28,38,48,47,57,67,77,76,75,74,84,83,82,81,71;66,56,46,45,44,43,42,41,51;11,12,22;58,68,78,88,87,86,85;72,73,63,64
10+B:I,0,30,8,,0_0B:10_0B:12_0B:13_0B:14_0B:15_0B:16_0B:17_0B:18_0B:20_0B:22_0B:28_0B:30_0B:32_0B:36_0B:37_0B:38_0B:40_0B:42_0B:45_0B:46_0B:50_0B:52_0B:55_0B:60_0B:63_0B:64_0B:65_0B:70_0B:71_0B:72_0B:73_0B;58,68,67,77,87,88;35,34,44,54;89,99,98,97,96,95,94,93,92,91,90,80;78,79,69,59;3,4,5,6,7,8,9,19,29,39,49,48,47,57,56,66,76,75,74;81,82,83,84,85,86;2,1,11,21,31,41,51,61,62;53,43,33,23,24,25,26,27
11+B:I,0,31,10,,2_0B:3_0B:4_0B:13_0B:15_0B:16_0B:24_0B:35_0B:46_0B:47_0B;101,102,103,104,105,106,107,108,97;110,99,88,77,66,55,44,33,22,11;14,25,36;60,59,58,57;38,39,50,61,72,71,70,69,68,79,90,91,92,93,94,95,96,85,86,75,64,65,54,43,32,21,10,9,8,7,6,5;40,51,62;74,73,84,83,82,81,80;76,87,98,109,120,119,118,117,116,115,114,113,112,111,100,89,78,67,56,45,34,23,12,1,0;53,42,31,20,19,18,17;49,48,37,26,27,28,29,30,41,52,63
11+B:I,0,32,10,,67_0B:68_0B:79_0B:80_0B:81_0B:92_0B:103_0B:114_0B:115_0B:116_0B:117_0B:118_0B:119_0B:120_0B;20,19,18,17,16,15,14,13,12,23,34,35,36;54,43,32,21,10,9,8,7,6,5,4,3,2,1,0,11,22,33,44,45,46,47;94,83,72,61,60,59;90,91,102;109,108,97,86,75,74,63,62,51,50,49,48,37,26,25,24;95,84,73;85,96,107,106,105,104,93,82,71,70,69,58,57,56,55,66,77,78,89,100,101,112,113;38,27,28,29,30,31,42;98,87,76,65,64,53,52,41,40,39;111,110,99,88
11+B:I,0,33,11,,0_0B:1_0B:2_0B:11_0B:13_0B:22_0B:24_0B:25_0B:33_0B:36_0B:37_0B:44_0B:45_0B:56_0B:57_0B:68_0B:69_0B:80_0B:91_0B;61,60,71,82,93,104,105,106,107,118,119,120,109,98,87,76,65,54,43,32,21,10,9,8;12,23,34,35,46,47,48,49,50,51,62,73,72,83,94,95,96;3,14,15,26,27,38,39,40,41,52,63,64;16,17,28,29,30;111,112,113,114,115,116,117;110,99,100;55,66,67,78,79,90,101,102,103,92,81,70,59,58;75,86,97,108;84,85,74;53,42,31,20,19,18,7,6,5,4;89,88,77
11+B:I,0,34,8,,12_0B:13_0B:14_0B:15_0B:16_0B:17_0B:18_0B:23_0B:29_0B:30_0B:34_0B:36_0B:41_0B:45_0B:47_0B:48_0B:52_0B:56_0B:59_0B:63_0B:67_0B:68_0B:69_0B:70_0B:74_0B:84_0B:85_0B:88_0B:95_0B:99_0B:105_0B:106_0B:110_0B:111_0B:112_0B:113_0B:114_0B:115_0B:116_0B;58,57,46,35,24,25,26,37,38,49;27,28,39,40,51,62,73,72,83,94;97,86,75,64,53,42,31,20,19;66,55,44,33,22,11,0,1,2,3,4,5,6,7,8,9,10,21,32,43,54,65,76,87,98,109,120,119,118,117;50,61,60,71,82,93,104,103,102,101;77,78,79,80,81;108,107,96;100,89,90,91,92
11+B:I,0,35,7,,0_0B:1_0B:2_0B:3_0B:11_0B:14_0B:22_0B:23_0B:25_0B:34_0B:36_0B:37_0B:48_0B:56_0B:57_0B:58_0B:59_0B:67_0B:78_0B:89_0B:100_0B;101,90,79,68,69,70,71,60,49,38,27,26,15,4,5,6,7,8,9,10,21,32,43,54,65,76,87,98,109,120;33,44,45;81,80,91,102,103,104,105,94,95,84,73;92,93,82,83,72,61,50,39,28,29,30,41,52;47,46,35,24,13,12;40,51,62,63,74,85,96,107,106,117,116,115,114,113,112,111,110,99,88,77,66,55;118,119,108,97,86,75,64,53,42,31,20,19,18,17,16
11+B:I,0,36,7,,4_0B:5_0B:16_0B:17_0B:18_0B:29_0B:40_0B:51_0B:62_0B:73_0B:84_0B:95_0B;24,25,36,37,48;35,46,57,68,69,80,81,82,83,94,105,106,107,108,97,86,75,64,53,42,31;20,19,30,41,52,63,74,85,96;6,7,8,9,10,21,32,43,54,65,76,87,98,109,120,119,118,117,116,115,114,103,102,101,100,89,78,67,56,45,34,23,12,13;47,58,59,60,49,38,27,26,15,14,3,2,1,0,11,22,33,44,55,66,77,88,99,110,111,112,113;70,71,72,61,50,39,28;104,93,92,91,90,79
11+B:I,0,37,7,,12_0B:13_0B:14_0B:15_0B:16_0B:17_0B:23_0B:28_0B:33_0B:34_0B:39_0B:44_0B:47_0B:48_0B:49_0B:50_0B:55_0B:57_0B:58_0B:66_0B:68_0B:77_0B:88_0B:99_0B:110_0B:111_0B;27,38,37,36;84,83,72,61,60,59,70,69,80,79,90;112,113,114,115,116,117,118,119,120,109,98,87,76,65;91,92,81;71,82,93,94,95,96,85,74,63,52,41,42,31,20,19,18,7,6,5,4,3,2,1,0,11,22;26,25,24,35,46,45,56,67,78,89,100,101,102,103,104,105,106,107,108,97,86,75,64,53,54,43,32,21,10,9,8;30,29,40,51,62,73
11+B:I,0,38,10,,27_0B:28_0B:29_0B:30_0B:38_0B:41_0B:48_0B:49_0B:52_0B:59_0B:63_0B:68_0B:69_0B:70_0B:74_0B:85_0B:86_0B:97_0B:106_0B:108_0B:117_0B:118_0B:119_0B;89,90,91,92,93,104;14,13,12,23,22;58,57,56,67,78,77,88,99,110,111,112,113;84,95,96,107;100,101,102,103,114,115,116,105,94,83,72,73,62,51;79,80,81,82,71,60,61,50,39,40;66,55,44;75,64,53,42,31,20,19,18,17,16,15,26,37,36,47,46,45,34,33;35,24,25;11,0,1,2,3,4,5,6,7,8,9,10,21,32,43,54,65,76,87,98,109,120
11+B:I,0,39,11,,7_0B:8_0B:9_0B:18_0B:20_0B:31_0B:42_0B:53_0B:60_0B:61_0B:62_0B:64_0B:71_0B:73_0B:74_0B:75_0B:79_0B:82_0B:90_0B:91_0B:92_0B:93_0B;41,52,63;19,30,29,40,51,50,49,38,27,16,15,14,13;56,55,66,77,88,99,110,111,112,113,114,115;84,85,86,87,76,65,54,43,32,21,10;117,116,105,104,103,102,101,100,89,78,67,68,69,58,47,36,35,24;34,23,12;72,83,94,95,96,97,108;98,109,120,119,118,107,106;39,28,17,6,5,4,3,2;25,26,37,48,59,70,81,80;1,0,11,22,33,44,45,46,57
11+B:I,0,40,9,,8_0B:9_0B:20_0B:31_0B:37_0B:38_0B:39_0B:40_0B:41_0B:42_0B:47_0B:48_0B;89,100,101;88,99,110,111,112,113,114,115,116,117,118,119,120,109,98,87,76,75;65,64,63,62,73,84,83;19,30,29,28,27,26,25,36;102,91,90,79,78,77,66,55,44,33,22,11,0,1,2,3,4,5,6,7;82,93,94,95,96;10,21,32,43,54,53,52,51,50,61,72,71,70;18,17,16,15,14,13,12,23,34,45,56,67,68,69,80,81,92,103,104,105,106,107,108,97,86,85,74;49,60,59,58,57,46,35,24
11+B:I,0,41,8,,7_0B:8_0B:9_0B:10_0B:21_0B:26_0B:32_0B:37_0B:38_0B:39_0B:40_0B:43_0B:51_0B:54_0B:62_0B:64_0B:65_0B:73_0B:75_0B:84_0B:86_0B:95_0B:97_0B:106_0B:107_0B:108_0B;93,92,91;90,79,80,81,82,71,60,59,58,57,56,45,34,23,12,13,14,15,16,27,28,29,30,41;70,69,68,67;24,35,46;104,103,102;25,36,47,48,49,50,61,72,83,94,105,116,115,114,113,112,111,110,99,88,77,66,55,44,33,22,11,0,1,2,3,4,5,6,17,18,19,20,31,42,53,52,63,74,85,96;76,87,98,109,120,119,118,117;101,100,89,78
11+B:I,0,42,10,,52_0B:53_0B:64_0B:75_0B:86_0B:97_0B:108_0B:118_0B:119_0B;49,48,37,36;72,83,94,105,116,115,114,113,102,101,100,89,78,67,66,55,44,33,22,11,0,1,2,3,4,5,6,7,8,9,10,21;95,84,73,62,61,60,59,58,47,46,35,24,25,26,27,38;81,80,79,68,57,56,45,34,23,12,13,14,15,16,17,28,39,50;112,111,110,99,88,77;104,93,82,71,70,69;120,109,98,87,76,65,54,43,32,31,20,19,18,29,40,51;30,41,42;103,92,91,90;63,74,85,96,107,106,117
11+B:I,0,43,7,,23_0B:24_0B:25_0B:28_0B:29_0B:30_0B:31_0B:32_0B:34_0B:36_0B:39_0B:43_0B:45_0B:49_0B:50_0B:53_0B:54_0B:56_0B:57_0B:58_0B:59_0B:60_0B:64_0B:75_0B:85_0B:86_0B:91_0B:92_0B:93_0B:94_0B:95_0B:96_0B:102_0B:109_0B:113_0B:114_0B:115_0B:116_0B:117_0B:118_0B:119_0B:120_0B;112,111,110,99,88,77,66,55,44,33,22,11,0,1,2,3,4,15,26,37,48,47,46,35;42,41,52,63,74,73,84,83,82,81,80,79,90,101,100;65,76,87,98,97,108,107,106,105,104,103;10,21,20,19,18,17,16,27,38;12,13,14;5,6,7,8,9;40,51,62,61,72,71,70,69,68,67,78,89
11+B:I,0,44,10,,28_0B:39_0B:40_0B:51_0B:52_0B:53_0B:64_0B:75_0B:86_0B:97_0B:98_0B:109_0B:116_0B:117_0B:118_0B:119_0B:120_0B;96,85,74,63,62;105,94,83,82,81,80;113,112,111,110,99,88,77,66,55,44,33,22,11,0;108,107,106,95,84,73,72,71,70,69,58,47,46,35,24,13;115,114,103,102,101,100,89,78,67,56,45,34,23,12,1,2,3,4,5,6,7,8,9,10,21,32,43,54,65,76,87;61,60,59,48,37,36,25,14,15,16,17,18,29,30,41;19,20,31,42;90,79,68,57;104,93,92,91;50,49,38,27,26
11+B:I,0,45,8,,3_0B:4_0B:5_0B:6_0B:7_0B:18_0B:24_0B:25_0B:26_0B:27_0B:29_0B:30_0B:35_0B:38_0B:41_0B:46_0B:47_0B:49_0B:50_0B:52_0B:58_0B:61_0B:63_0B:69_0B:70_0B:72_0B:74_0B:81_0B:83_0B:85_0B:88_0B:89_0B:92_0B:94_0B:95_0B:96_0B:100_0B:101_0B:102_0B:103_0B;75,86,97;57,68,79,78,77,66,55,44,33,22,11;54,43,32,21,10,9;108,107,106,105,104,93,82,71,60,59,48,37,36;80,91,90;8,19,20,31,42,53,64,65,76,87,98,109,120,119,118,117,116,115,114,113,112,111,110,99;67,56,45,34,23,12;0,1,2,13,14,15,16,17,28,39,40,51,62,73,84
11+B:I,0,46,7,,4_0B:5_0B:6_0B:7_0B:8_0B:9_0B:15_0B:20_0B:26_0B:31_0B:36_0B:37_0B:42_0B:47_0B:51_0B:58_0B:59_0B:62_0B:63_0B:70_0B:74_0B:78_0B:79_0B:80_0B:81_0B:85_0B:89_0B:96_0B:100_0B:101_0B:102_0B:103_0B:104_0B:105_0B:106_0B:107_0B;83,82,71,60,49,48;40,29,28;108,97,86,75,64,53,52,41,30,19,18,17,16,27,38,39,50,61,72,73,84,95,94,93;92,91,90;69,68,57,46,35,24,25,14,3,2,1,0,11,22,33,44,55,66,77,88,99,110,111,112,113,114,115;116,117,118,119,120,109,98,87,76,65,54,43,32,21,10;67,56,45,34,23,12,13
11+B:I,0,47,10,,45_0B:56_0B:67_0B:78_0B:81_0B:89_0B:92_0B:93_0B:100_0B:104_0B:111_0B:112_0B:113_0B:114_0B:115_0B;101,90,79,68,57;110,99,88,77,66,55,44,33,22,11,0,1,2,3,4,5,6,7,8,9,10,21,32;26,27,28,29,30,41,52,53,64,75,86,97;103,102,91,80,69,70,59,48;58,47,46,35,34;120,119,118,117;23,24,25,36,37,38,39,40,51,62,63,74,85,96,95,94;50,61,72,73,84;12,13,14,15,16,17,18,19,20,31,42,43,54,65,76,87,98,109,108,107,106,105,116;83,82,71,60,49
11+B:I,0,48,9,,3_0B:4_0B:5_0B:6_0B:7_0B:8_0B:19_0B:20_0B:31_0B:42_0B:53_0B:64_0B:73_0B:74_0B:75_0B;120,119,108,107,106,105,104,103,102,101,100,99,110;68,69,58,47,36,25,14,15,16,17,18,29,30,41,52,63,62;118,117,116,115,114,113,112,111;26,27,38,49,50,61,72,71,70;109,98,97,96,95,94,93,92,91,90,89,88,77,66,55,44,45,34,23,12,1,0;60,59,48,37;11,22,33;2,13,24,35,46,57,56,67,78,79,80,81,82,83,84,85,86,87,76,65,54,43,32,21,10,9;28,39,40,51
11+B:I,0,49,10,,0_0B:1_0B:2_0B:3_0B:4_0B:5_0B:6_0B:17_0B:28_0B:38_0B:39_0B:47_0B:48_0B:49_0B;120,109,98,87,76,65,54,43,42,41,30;64,53,52;37,36,35,46,57,58,59,60,71,82,93,104,105,106,107,96,85,84,73,62,51,40,29,18,7,8,9,10,21;95,94,83,72,61,50;55,44,33,22,11,12,13,14,15;63,74,75,86,97,108,119,118,117,116,115,114,113,112,111,110,99,88,89,90,91,92;19,20,31,32;16,27,26,25,24,23,34,45,56,67,68,69;70,81,80,79,78,77,66;103,102,101,100
11+B:I,0,50,10,,0_0B:1_0B:2_0B:3_0B:4_0B:5_0B:6_0B:11_0B:17_0B:22_0B:26_0B:27_0B:28_0B:33_0B:36_0B:37_0B:44_0B:47_0B:55_0B:57_0B:58_0B:66_0B:68_0B:77_0B:79_0B:88_0B:90_0B:92_0B:101_0B:102_0B:103_0B;51,52,41,30,19,20;81,82,93,104,115,114,113,112,111;39,50,61,62,73,74,75,86,97,108,107,106;31,42,53,64,63;40,29,18,7,8,9,10;110,99,100,89,78,67,56,45,46,35,24,25,14,15,16;60,71,72,83,84,85;34,23,12,13;21,32,43,54,65,76,87,98,109,120,119,118,117,116,105,94,95,96;38,49,48,59,70,69,80,91
11+B:I,0,51,10,,47_0B:58_0B:59_0B:60_0B:71_0B:78_0B:79_0B:80_0B:82_0B:88_0B:89_0B:93_0B:99_0B:102_0B:103_0B:104_0B:110_0B:111_0B:112_0B:113_0B;15,26,37,48,49,50,61,72,83,94,105,116,115,114;20,19,18;87,76,65,54,43,32,21,10;12,13,14;119,108,107,96,85,74,63,52,41;100,101,90,91,92,81,70,69,68,57,46,35;9,8,7,6,17;120,109,98,97,86,75,64,53,42,31,30,29,28,27,16,5,4,3,2,1,0,11,22,33,44,55,66,77;67,56,45,34,23,24,25,36;38,39,40,51,62,73,84,95,106,117,118
11+B:I,0,52,9,,0_0B:1_0B:2_0B:3_0B:4_0B:5_0B:16_0B:23_0B:24_0B:25_0B:27_0B:34_0B:38_0B:45_0B:47_0B:48_0B:49_0B:56_0B:57_0B:58_0B;89,100,111,110;84,73,62,51,40,29,30,31,42,53,64,75,86,87,98,109,120;102,91,80,81,70,59,60,61,50,39,28,17,6,7,8,9,10,21,32,43,54,65,76;85,74,63,52,41;46,35,36,37,26,15,14,13,12,11,22,33,44,55,66,67,68,69;116,117,118,119,108,97,96,95,94,83,72,71;103,92,93,82;20,19,18;99,88,77,78,79,90,101,112,113,114,115,104,105,106,107
11+B:I,0,53,7,,4_0B:5_0B:6_0B:7_0B:8_0B:9_0B:10_0B:15_0B:21_0B:24_0B:25_0B:26_0B:28_0B:32_0B:35_0B:39_0B:40_0B:46_0B:51_0B:57_0B:62_0B:68_0B:72_0B:73_0B:79_0B:83_0B:90_0B:91_0B:92_0B:93_0B:94_0B;50,61,60;119,118,117,116,115,114,113,112,111,110,99,88,77,66,55,44,33,22,11,0,1,2,3,14;108,97,86,75,64,53,52,41,30,29,18,17,16,27,38,49,48,59,70,71;82,81,80,69,58,47,36,37;84,95,106,105,104,103,102,101,100,89,78,67,56,45,34,23,12,13;120,109,98,87,76,65,54,43,42,31,20,19;63,74,85,96,107
11+B:I,0,54,9,,82_0B:83_0B:84_0B:86_0B:88_0B:93_0B:95_0B:96_0B:97_0B:99_0B:100_0B:101_0B:102_0B:103_0B:104_0B;61,60,59,58,57,46,35;110,111,112,113,114,115,116,117,118,119,120,109,98,87,76,75,64,53,52,41,30,29,28,27,26,25,24,23,34,45,56,67,68,69,70,71,72,73,62;79,80,81,92;65,54,43,42,31,20,19,18,17,16,15,14,13,12,11,22,33,44,55,66,77,78,89,90,91;63,74,85;50,49,48,47,36;37,38,39,40,51;0,1,2,3,4,5,6,7,8,9,10,21,32;108,107,106,105,94
11+B:I,0,55,11,,5_0B:6_0B:7_0B:8_0B:9_0B:10_0B:12_0B:14_0B:15_0B:16_0B:21_0B:23_0B:25_0B:32_0B:34_0B:36_0B:45_0B:46_0B:47_0B;35,24,13;116,105,106,107,108;73,72,61,60,49,38;50,51,62,63,74;110,99,88,77,66;101,90,79,68,67;71,70,69,80,91,102,113,112,111,100,89,78;114,103,92,81,82,83,84,85,86,75,64,53,52,41,30;115,104,93,94,95,96,97,98,87,76,65,54,43,42,31,20,19,18,17,28,27,26,37,48,59,58,57,56,55,44,33,22,11,0,1,2,3,4;117,118,119,120,109;39,40,29
11+B:I,0,56,12,,7_0B:8_0B:9_0B:10_0B:16_0B:17_0B:18_0B:21_0B:27_0B:38_0B:49_0B:60_0B:71_0B;75,76,87,98,109,120,119,118,117,116,115,114,113,112;6,5,4,3,2,1,0,11,22,33,44;47,58,69,80,79;82,81,70,59,48;31,32,43,54,65;51,62,73,72,83,94,93;84,95,96;28,29,30,19,20;92,91,90,89,78,67,68,57,46,35,36,37,26,15,14,13,12;42,53,64;111,100,101,102,103,104,105,106,107,108,97,86,85,74,63,52,41,40,39,50,61;110,99,88,77,66,55,56,45,34,23,24,25
11+B:I,0,57,10,,3_0B:4_0B:5_0B:6_0B:14_0B:25_0B:35_0B:36_0B:46_0B:57_0B:68_0B;98,109,120,119;99,110,111,112,113,114,103;27,38,39;13,12,11,22,33,44,55,66,77,88,89,90,91,92,81,82,71,72,61;115,116,117,118,107,108,97,86,87,76,65,54,43,32,21,10,9,8,7,18,29,30,41,52,63,62,73,84,83,94;100,101,102;40,51,50,49,60,59,70;28,17,16,15,26,37,48,47,58,69,80,79,78,67,56,45,34,23,24;93,104,105,106,95,96,85,74,75,64,53,42,31,20,19;2,1,0
11+B:I,0,58,9,,0_0B:11_0B:22_0B:33_0B:34_0B:35_0B:46_0B:47_0B:58_0B:68_0B:69_0B;91,80,79,78,77,88,99,110;29,30,41,52,63,74,85,96,95,94,83,72,61,50,49,38,27,16,17;45,44,55;66,67,56,57;5,6,7,8,9,10,21,32,43,54,65,76,87,98,109,120,119,118,117,116,115,114,113,112,111,100;89,90,101,102,103,92,81,70,59,48,37,26,15,14,13;84,73,62,51,40,39,28;4,3,2,1,12,23,24,25,36;18,19,20,31,42,53,64,75,86,97,108,107,106,105,104,93,82,71,60
11+B:I,0,59,10,,12_0B:13_0B:14_0B:15_0B:16_0B:17_0B:23_0B:28_0B:34_0B:39_0B:40_0B:44_0B:45_0B:51_0B:52_0B:55_0B:59_0B:60_0B:63_0B:66_0B:68_0B:69_0B:70_0B:74_0B:77_0B:79_0B:85_0B:88_0B:89_0B:90_0B:96_0B;33,22,11,0,1,2,3,4,5,6,7,8,9,10,21,32,43,54,65,76,87,98,109,120,119;48,47,58,57,56,67,78;46,35,36,37;24,25,26,27,38,49,50,61,72,83;110,111,112,113,114,115,104,105;18,19,20,31,42,53,64,75,86,97,108,107,118,117,116;41,30,29;91,80,81,82,71;106,95,94,93,92,103,102,101,100,99;62,73,84
11+B:I,0,60,10,,51_0B:62_0B:63_0B:64_0B:75_0B:77_0B:86_0B:88_0B:89_0B:97_0B:100_0B:101_0B:102_0B:103_0B:104_0B:105_0B:106_0B:107_0B:108_0B;13,24,35,46;84,83,82,71,70;91,90,79,78;60,49,38,27,28,17,18,19,20,31,42;68,57,56,45,34,23,12;40,39,50,61,72,73,74;26,37,48,59,58,69,80,81,92,93,94,95,96,85;67,66,55,44,33,22,11,0,1,2,3,4;99,110,111,112,113,114,115,116,117,118,119,120,109,98,87,76,65,54,53,52,41,30,29;43,32,21,10,9,8,7,6,5,16,15,14,25,36,47
12+B:I,0,61,10,,0_0B:1_0B:2_0B:3_0B:4_0B:12_0B:24_0B:36_0B:48_0B:60_0B:72_0B:73_0B:74_0B:75_0B:87_0B:97_0B:98_0B:99_0B;33,32,31,43,55,67,79,91,92,93,94;95,83,82,81,80,68,56;121,122,123;89,101,113,114,115,116,117,105,106,107,119,131,143,142,141,140,139,138,137,136,135,134,133,132,120,108,96,84,85,86;44,45,57,69;71,59,47,35,23,11,10,9,8,7,6,5,17,16,15,14,13,25;100,88,76,77,65,53,52;109,110,111,112,124,125,126,127,128,129,130,118;64,63,62,61,49,37,38,26,27,28,29,30,18,19,20,21,22,34,46,58,70;104,103,102,90,78,66,54,42,41,40,39,51,50
12+B:I,0,62,11,,1_0B:2_0B:3_0B:4_0B:5_0B:6_0B:13_0B:18_0B:25_0B:30_0B:37_0B:49_0B:61_0B:73_0B:85_0B:86_0B:98_0B:110_0B:111_0B;105,104,103,102;77,78,90,91;79,67,66,65,53,52,40,28,27;39,51,63,64,76,88,89,101;33,32,20;82,70,58,46,34,22,21,9,8;130,129,128,127,126,125,124;10,11,23,35,47,59,71,83,95,107,119,131,143,142,141,140,139,138,137,136,135,134,133,132,120,108,96,84,72,60,48,36,24,12,0;123,122,121,109,97;92,80,68,56,55,54,42,41,29,17,16,15,14,26,38,50,62,74,75,87,99,100,112,113;114,115,116,117,118,106,94,93,81,69,57,45,44,43,31,19,7
12+B:I,0,63,12,,20_0B:21_0B:22_0B:32_0B:34_0B:43_0B:44_0B:46_0B:55_0B:58_0B:62_0B:63_0B:64_0B:65_0B:66_0B:67_0B:69_0B:70_0B:74_0B:81_0B:86_0B:92_0B:93_0B:98_0B:99_0B:104_0B:107_0B:111_0B:112_0B:113_0B:116_0B:118_0B:119_0B:125_0B:128_0B:129_0B:130_0B;96,84,72,60,48,36,24,12;54,53,52,51,39,38,37,25,13;78,79,80,68,56,57,45,33;31,19,7,8,9,10,11,23,35,47,59,71,83,95;82,94,106,105,117;124,123,122,121;3,4,5,6,18,30;75,87,88,100,101,102,114,126,138,137,136,135,134,133,132,120,108,109,110;0,1,2,14,15,16,17,29,41,42;50,49,61,73,85,97;131,143,142,141,140,139,127,115,103,91,90,89,77,76;26,27,28,40
12+B:I,0,64,9,,97_0B:98_0B:99_0B:100_0B:101_0B:102_0B:103_0B:104_0B:105_0B:106_0B:108_0B:109_0B:118_0B:120_0B:125_0B:126_0B:127_0B:128_0B:129_0B:130_0B:132_0B;29,28,27,26,38,50,62,63,64;117,116,115,114,113;44,32,20,19,18,17;96,84,72,60,48,36,24,12,0,1,2,3;11,10,22,34,46,58,70,69,68,67,66,65,53,52;74,75,76,77,78,79,80,81,82,83,71,59,47,35,23;121,133,134,135,123;122,110,111,112,124,136,137,138,139,140,141,142,143,131,119,107,95,94,93,92,91,90,89,88,87,86,85,73,61,49,37,25,13,14,15,16,4,5,6,7,8,9,21,33,45,57,56,55,43,31,30;51,39,40,41,42,54
12+B:I,0,65,8,,68_0B:69_0B:70_0B:78_0B:79_0B:80_0B:82_0B:83_0B;10,22,21,20,19,18,30,29,41,53,52,64,76,88,89,90,91,92,104,105,106,107,119,131,143,142,141,140,139,138,137,136,135,134,133,132,120,108,96,84,72,60,48,36,24,12,0,1,2,3,4;71,59,58,57,56,55,67;81,93,94,95;77,65,66,54,42,43,31,32,33,34;114,113,112,111,110,98,86,74,62,50,38,26,27,28,16,17,5,6,7,8,9;129,128,127,126,125,124,123,122,121,109,97,85,73,61,49,37,25,13,14,15;11,23,35,47,46,45,44;40,39,51,63,75,87,99,100,101,102,103,115,116,117,118,130
12+B:I,0,66,9,,0_0B:1_0B:2_0B:3_0B:4_0B:12_0B:16_0B:17_0B:18_0B:19_0B:20_0B:21_0B:22_0B:24_0B:34_0B:36_0B:46_0B:48_0B:58_0B:60_0B:70_0B:82_0B:90_0B:91_0B:92_0B:93_0B:94_0B;55,54,53,52,51,63;139,138,137,136,135,134,133,132,120,108,96;26,38,50,62,74,75,87,99,100;88,76,64,65,66,67,68,56,44,43,42,41,40,39,27,15,14,13,25,37,49,61,73;28,29,30,31,32,33,45,57,69,81,80,79,78,77;115,116,117,129,130;89,101,102,103,104,105,106,118,119,131,143,142,141,140,128,127,126,125,124,123,122,121,109,97,85,84,72;5,6,7,8,9,10,11,23,35,47,59,71,83,95,107;114,113,112,111,110,98,86
12+B:I,0,67,9,,16_0B:24_0B:25_0B:26_0B:27_0B:28_0B:36_0B:48_0B:60_0B:72_0B:73_0B;40,39,38,37;85,97,109,121,122,123,124,125,126,127,128,129,130,118,106,94,82,70,58,46,34,33,32,31,30,29,41,53,65;11,10,9,8,7,6,5,4,3,2,1,0,12;45,44,43,42,54,66,78,77;57,56,55;74,86,98,110,111,112,113,114,115,116,117,105,93,81,69,68,67,79,91,90,89,88,76,64,52,51,50,49,61;13,14,15;62,63,75,87,99,100,101,102,103,104,92,80;17,18,19,20,21,22,23,35,47,59,71,83,95,107,119,131,143,142,141,140,139,138,137,136,135,134,133,132,120,108,96,84
12+B:I,0,68,9,,0_0B:1_0B:2_0B:3_0B:4_0B:5_0B:6_0B:7_0B:8_0B:9_0B:10_0B:12_0B:22_0B:24_0B:34_0B:36_0B:48_0B:60_0B:72_0B:84_0B:96_0B:97_0B:98_0B:99_0B:100_0B;32,44,43,42,41,40,39,38,50,62,74,75,76,64,65,66,67,68,69,81,93,105,117,116,115;18,17,16,15,14,13,25,37,49,61,73,85,86,87,88,89,101;77,78,90,91,103,104;11,23,35,47,46,45,33,21;132,133,134,135,136,137,138,139,140,141,142,143,131,119,107,95,83,71,59,58,57,56,55,54,53,52,51,63;70,82,94,106,118,130,129,128,127,126,125,124,123,122,121;102,114,113,112,111,110,109,108,120;79,80,92;20,19,31,30,29,28,27,26
12+B:I,0,69,13,,76_0B:77_0B:89_0B:91_0B:92_0B:93_0B:97_0B:98_0B:99_0B:101_0B:102_0B:103_0B:105_0B:109_0B:111_0B:117_0B:118_0B:121_0B:123_0B:130_0B:135_0B:136_0B:137_0B:138_0B:139_0B:140_0B:141_0B:142_0B;25,26,27,28,40,41;29,30,42,54,53,52,64,63;90,78,66,65;22,21,20;51,39,38;73,85,86,87,88,100,112,113,114,115,116,104;59,47,46,45;13,14,15,16,17,18,19,31,43,55,67,79,80;124,125,126,127,128,129;75,74,62,50,49,37;106,94,82,81,69,68,56,44,32,33,34,35,23,11,10,9,8,7,6,5,4,3,2,1,0,12,24,36,48;143,131,119,107,95,83,71,70,58,57;61,60,72,84,96,108,120,132,133,134,122,110
12+B:I,0,70,10,,0_0B:1_0B:2_0B:3_0B:4_0B:5_0B:6_0B:7_0B:8_0B:9_0B:12_0B:21_0B:22_0B:24_0B:34_0B:46_0B:58_0B:70_0B:82_0B:93_0B:94_0B:105_0B:117_0B;106,118,130,129,128,127,126,125,124,123,122,121,109,97,85;81,80,92,104,116,115,114,113,112,111,110,98,86,74;10,11,23,35,47,59,71,83,95,107,119,131,143,142,141,140,139,138,137,136,135,134,133,132,120,108,96,84,72,60;26,27,28,40,52,64,76,77;45,44,56,55,54,42;75,87,88,89,90,78,66,65,53,41,29,30,31,43;73,61,62,63,51,39;57,69,68,67,79,91,103,102,101,100,99;48,49,50,38;36,37,25,13,14,15,16,17,18,19,20,32,33
12+B:I,0,71,9,,7_0B:8_0B:9_0B:10_0B:11_0B:18_0B:19_0B:23_0B:26_0B:27_0B:28_0B:29_0B:30_0B:35_0B:47_0B:59_0B:71_0B:83_0B:94_0B:95_0B:106_0B:118_0B:122_0B:123_0B:124_0B:125_0B:126_0B:127_0B:128_0B:129_0B:130_0B;33,45,44,56,55,67,79,91,90,89,88,100;65,53,41,42,43,31,32,20,21,22,34,46,58,57,69,68,80,92,104,103,102,101,113,112,111,110,109,121;17,16,15,14,13,25,37,38,39,40;107,119,131,143,142,141,140,139,138,137,136,135,134,133,132,120,108,96,84,72,60,48,36,24,12,0,1,2,3,4,5,6;49,61,62,63,75;99,87,86,74,73;70,82,81,93,105,117,116,115,114;50,51,52,64,76,77,78,66,54;98,97,85
12+B:I,0,72,11,,1_0B:2_0B:13_0B:25_0B:37_0B:38_0B:50_0B:51_0B:52_0B:53_0B:54_0B:55_0B:67_0B:79_0B:91_0B;62,63,64,65,66,78,90,102,103,115;111,112,100,88,87;14,26,27,28,29,30,31,43,44;99,98,86,74,73,61,49;4,5,6,7,8,9,10,11,23,35,47,59,71,83,82,94,106,118,130,142,141,140,139,138,137,136,135,134,133,121;0,12,24,36,48,60,72,84,85,97,109,110,122,123,124,125,126,127,128,129,117,105,93,81,69,70,58,46,34,22,21;75,76,77,89,101,113,114;3,15,16,17,18,19,20,32,33,45,57,56,68,80,92,104,116;96,108,120,132;42,41,40,39;95,107,119,131,143
12+B:I,0,73,8,,26_0B:27_0B:28_0B:29_0B:30_0B:31_0B:32_0B:33_0B:38_0B:45_0B:50_0B:51_0B:52_0B:53_0B:54_0B:57_0B:66_0B:69_0B:78_0B:81_0B:90_0B:91_0B:93_0B:103_0B:105_0B:117_0B:129_0B:135_0B:136_0B:137_0B:138_0B:139_0B:140_0B:141_0B;123,124,125,113,101,89,77,65,64,63,62,61,49,37,25,13,14,15,16,17,18,19,20,21,22,34,46,58,70,82,94,106,118,130,142;39,40,41,42,43,55,67,79,80,92,104,116,115,114,102;88,87,86,85,84,96,108,120,132,133,134,122;121,109,110,111,112;128,127,126;44,56,68;100,99,98,97;143,131,119,107,95,83,71,59,47,35,23,11,10,9,8,7,6,5,4,3,2,1,0,12,24,36,48,60,72,73,74,75,76
12+B:I,0,74,10,,0_0B:1_0B:13_0B:15_0B:16_0B:17_0B:25_0B:27_0B:37_0B:39_0B:49_0B:50_0B:51_0B;111,123,135,134,133,132,120,108,96,84,72,73,74,75,76,64,52,40,28,29,30,18,6,5,4,3,2,14,26,38;32,33,34,22;42,54,66,67,68,80,92,104,116,117;55,56,57,69,81,93,105,106,118,130,129,128,127,115,114,102,90;41,53,65,77,78,79,91,103;110,98,99;12,24,36,48,60,61,62,63;122,121,109,97,85,86,87,88,89,101,113,125,126;83,71,59,47,35,23,11,10,9,8,7;100,112,124,136,137,138,139,140,141,142,143,131,119,107,95,94,82,70,58,46,45,44,43,31,19,20,21
12+B:I,0,75,9,,57_0B:58_0B:59_0B:65_0B:66_0B:67_0B:68_0B:69_0B:71_0B:83_0B;101,89,90,91,92;74,62,50,38,26,27,28,29,30,18,19,20,21;22,34,33,32,31,43,42,41,40,39,51,63,75,76,77,78,79,80,81,93;142,130,118,106,105,104,103,102,114,113,112,100,88,87,86,98,97,96,84,72,60,48,36,24,12,0,1,2,3,4,5,6,7,8,9,10,11,23,35,47,46,45,44,56,55,54,53,52,64;70,82,94,95,107,119,131,143;128,127,126,125,124,123,122,121,133;134,135,136,137,138,139,140,141,129,117,116,115;85,73,61,49,37,25,13,14,15,16,17;99,111,110,109,108,120,132
12+B:I,0,76,11,,30_0B:31_0B:32_0B:33_0B:42_0B:45_0B:54_0B:55_0B:57_0B:69_0B:70_0B:71_0B:83_0B:95_0B:107_0B:119_0B:131_0B:142_0B:143_0B;117,105,93,92,91,79,78,77,76,75,87,86,85,97,109,121,122,123,111;110,98,99,100,112;46,34,22,21,20,19,18,17,16,15,14,13,25,37,49,61;27,39,40,52,64,63,62,74,73;88,89,101,113,114,115;137,138,139,140,141,129,130;118,106,94,82,81,80,68,56,44,43;127,128,116,104,103,102,90;67,66,65,53,41,29,28;58,59,47,35,23,11,10,9,8,7,6,5,4,3,2,1,0,12,24,36,48,60,72,84,96,108,120,132,133,134,135,136,124,125,126;26,38,50,51
12+B:I,0,77,12,,37_0B:49_0B:50_0B:51_0B:52_0B:53_0B:59_0B:65_0B:71_0B:77_0B:83_0B:89_0B:92_0B:93_0B:94_0B:95_0B:101_0B:103_0B:104_0B:113_0B:114_0B:115_0B;102,90,78,66,54,55,56,44,32,31,30,29,17,16;129,130,118,119,107;12,0,1,2,3,4,5,6,7,8;73,74,75,87,99,111,110,109,97;91,79,80,81,82,70,58,46,47,35,23,11,10,9,21,20,19,18;98,86,85,84,72;22,34,33,45,57,69,68,67;106,105,117,116,128,127,126,125;43,42,41,40,39,38,26,25,24,36,48,60,61,62,63,64,76,88,100,112,124,136,137,138,139,140,141,142,143,131;135,123,122,121,120,108,96;134,133,132;13,14,15,27,28
12+B:I,0,78,9,,6_0B:7_0B:8_0B:9_0B:10_0B:18_0B:30_0B:31_0B:32_0B:33_0B:34_0B:35_0B;116,117,105,93,81,69,57,58;19,20,21,22,23,11;26,38,50,62,74,86,87,99,111,112,113,101,89,77,78,79;54,66,65,64;56,44,45,46,47,59,71,83,95,107,119,131,143,142,141,140,139,138,137,136,135,134,133,121,109,97,85,73,61,49,37,25,13,14,15,16;100,88,76,75,63,51,39,27;52,53,41,42,43,55,67,68,80,92,91,90,102,114,126,125,124,123,122,110,98;70,82,94,106,118,130,129,128,127,115,103,104;40,28,29,17,5,4,3,2,1,0,12,24,36,48,60,72,84,96,108,120,132
12+B:I,0,79,12,,6_0B:7_0B:8_0B:18_0B:30_0B:31_0B:43_0B:55_0B:67_0B:79_0B:91_0B:103_0B:104_0B;124,123,122,121,109,97,85,73,74,75,76,88;64,63,62,61,49;2,1,0,12,24;92,80,81,69,70,58,46,45,44,32,20,19;68,56,57;39,40,28,16;33,21,9,10,11,23;87,86,98,110,111,112,113,125,126,127,128,129,130,118,106;27,26,38,37,36,48,60,72,84,96,108,120,132,133,134,135,136,137,138,139,140,141,142,143,131,119,107,95;99,100,101,89;22,34,35,47,59,71,83,82,94,93,105,117,116,115,114,102,90,78,77,65,53,52,51,50;66,54,42,41,29,17,5,4,3,15,14,13,25
12+B:I,0,80,9,,114_0B:115_0B:116_0B:120_0B:126_0B:128_0B:129_0B:130_0B:132_0B:133_0B:134_0B:135_0B:136_0B:137_0B:138_0B;113,125,124,123,111,99,87,88,89,90,91;78,79,67,55,43,31;25,13,14,15,16,17,18,30,42,54,66,65,77,76,75,74,86;127,139,140,141,142,143,131,119,118,117,105,93,81,69,57,45,33,32,20,19,7,6,5,4,3,2,1,0,12,24,36,37,38,26,27,28,29,41,53,52,64,63,62,61,73,85,97,109,108;8,9,10,11,23,35,47,59,71,83,95,107,106;44,56,68,80,92,104,103,102,101,100,112;21,22,34,46,58,70,82,94;96,84,72,60,48,49,50,51,39,40;121,122,110,98
12+B:I,0,81,12,,13_0B:24_0B:25_0B:36_0B:48_0B:60_0B:72_0B:84_0B:96_0B:108_0B:117_0B:118_0B:120_0B:130_0B:132_0B:133_0B:134_0B:135_0B:136_0B:137_0B:138_0B:139_0B:140_0B:141_0B:142_0B;103,115,127,126,125,124,123,122,121,109,97,85,73,74,75,76,88;20,19,18,17,16,15,14,26,38,37,49,61;12,0,1,2,3,4,5,6,7,8,9,21,22,34,46,58,59,71,83,95,107,119,131,143;10,11,23,35,47;45,33,32;129,128,116,104,105,106;79,80,81,69;70,82,94,93,92,91,90,102,114,113,112,111,110,98,86;87,99,100,101,89,77,78,66,67,68,56,57;44,43,42,41,40;55,54,53,52,51,39,27,28,29,30,31;65,64,63,62,50
12+B:I,0,82,8,,7_0B:8_0B:9_0B:10_0B:11_0B:19_0B:23_0B:31_0B:35_0B:39_0B:40_0B:43_0B:52_0B:55_0B:64_0B:67_0B:76_0B:77_0B:78_0B:79_0B;92,91,90,89,88;20,32,44,56,68,80,81,93,105,104,103,102,101,100,99,87,75,63,51,50,38,26,27;34,46,47;22,21,33,45,57,58,59,71,83,95,107,119,131,143,142,141,140,139,138,137,136,135,134,133,132,120,108,96,84,72,60,48,36,24,12,0,1,2,3,4,5,6;73,85,97,109,121,122,123,124,125,126,127,128,129,130,118,106,94,82,70,69;17,18,30,42,54,66,65;117,116,115,114,113,112,111,110,98,86,74,62,61,49,37,25,13,14,15,16,28;29,41,53
12+B:I,0,83,9,,5_0B:6_0B:7_0B:8_0B:9_0B:10_0B:11_0B:17_0B:23_0B:29_0B:31_0B:32_0B:35_0B:41_0B:44_0B:47_0B:53_0B:54_0B:55_0B:56_0B:59_0B:71_0B:83_0B:92_0B:93_0B:94_0B:95_0B:102_0B:103_0B:104_0B:109_0B:112_0B:113_0B:114_0B:121_0B:122_0B:123_0B:124_0B;91,90,89,88,87,86;72,84,96,108,120,132,133,134,135,136,137,138,139;22,34,46,58,70,82,81,80;26,38,39,51,63;79,78,77,76,75,74,62,50,49,37,25,13,14,15,27;110,98,97,85,73,61,60,48,36,24,12,0,1,2,3,4,16,28,40,52,64,65,66,67,68,69,57,45,33,21,20,19,18,30,42,43;140,141,142,143,131,119,107,106,105,117,116,115,127,126,125;111,99,100,101;128,129,130,118
12+B:I,0,84,12,,0_0B:1_0B:2_0B:3_0B:4_0B:5_0B:6_0B:7_0B:8_0B:9_0B:10_0B:12_0B:22_0B:24_0B:32_0B:33_0B:34_0B:36_0B:44_0B:48_0B:50_0B:51_0B:52_0B:53_0B:56_0B:60_0B:62_0B:65_0B:68_0B:72_0B:76_0B:77_0B:79_0B:80_0B:84_0B:87_0B:88_0B:90_0B:91_0B:96_0B:98_0B:99_0B:102_0B:108_0B:109_0B:110_0B;73,61,49,37,25,26,27,28,29,30,31,43,55,67,66,78;54,42,41,40,39,38;128,127,126,138,137;94,106,105,117,116,115,114,113,125,124,136,135,134,133,132,120;64,63,75;139,140,141,129,130,118,119,107,95,83,82,70;142,143,131;103,104,92,93,81,69,57,45,46,47,35,23,11;21,20,19,18,17,16,15,14,13;121,122,123,111,112,100,101,89;74,86,85,97;58,59,71
12+B:I,0,85,8,,0_0B:1_0B:12_0B:24_0B:36_0B:48_0B:49_0B:50_0B:51_0B:52_0B:64_0B:76_0B:88_0B:100_0B:101_0B;67,79,91,103,115,127,126,125,124,123,122,110,98,86;139,138,137,136,135,134,133,132,120,108,96,84,72,60,61,62,63;9,10,11,23,35,47,59,71,83,95,107,119,131,143,142,141,140;26,27,28,29,30,42,43,44;117,105,93,81,69,57,45,33,32,31,19,18,17,16,15;78,66,54,55,56,68,80,92,104,116,128,129,130,118,106,94,82,70,58,46,34,22,21,20,8,7,6,5;4,3,2,14;13,25,37,38,39,40,41,53,65,77,89,90,102,114,113,112,111,99,87,75,74,73,85,97,109,121
12+B:I,0,86,13,,0_0B:1_0B:2_0B:3_0B:4_0B:5_0B:12_0B:17_0B:24_0B:29_0B:36_0B:41_0B:48_0B:60_0B:72_0B:73_0B:74_0B:75_0B:76_0B:88_0B:97_0B:98_0B:99_0B:100_0B:109_0B:121_0B:122_0B;20,21,22;136,137,138,139,140,141,142;61,62,50,38,26,14,15,16,28,40,52,53,54,42,43,44,45,57,69,81,93,105,117,129,130,131,143;49,37,25,13;77,89,101,113,112,111,110;94,82,70,58,46;27,39,51,63,64,65,66,67,79,91,103,104,116,128,127,126,125,124,123,135,134;23,11,10,9,8,7,6,18,30;55,56,68,80,92;115,114,102,90,78;119,118,106;133,132,120,108,96,84,85,86,87;19,31,32,33,34,35,47,59,71,83,95,107
12+B:I,0,87,11,,18_0B:19_0B:20_0B:21_0B:22_0B:23_0B:26_0B:27_0B:28_0B:29_0B:30_0B:35_0B:37_0B:38_0B:47_0B:49_0B:59_0B:61_0B:63_0B:64_0B:71_0B:73_0B:76_0B:77_0B:83_0B:85_0B:89_0B:95_0B:97_0B:99_0B:101_0B:107_0B:109_0B:110_0B:111_0B:113_0B:119_0B:125_0B:126_0B:127_0B:128_0B:131_0B:140_0B:141_0B:142_0B:143_0B;118,106,94,82,81;98,86,74,75;70,58,46,34,33,32,31,43,42,41,40,39;54,55,56;121,122,123,124,112,100,88,87;62,50,51,52,53,65,66,67,79,91,103,104;11,10,9,8,7,6,5,17;130,129,117,105,93,92,80,68,69,57,45,44;78,90,102,114,115,116;4,3,2,1,0,12,24,36,48,60,72,84,96,108,120,132,133,134,135,136,137,138,139;16,15,14,13,25
12+B:I,0,88,11,,20_0B:21_0B:22_0B:23_0B:32_0B:35_0B:43_0B:44_0B:47_0B:55_0B:59_0B:67_0B:71_0B:83_0B:95_0B;11,10,9,8,7,6,18,17,16,15,14,2,1,0,12,24,36,48,49,50,51,52,53,65,77,89,90,91,103,104,116,117,118,119;142,141,140,139,138,137,136,124,123,122,121,109,97;107,106,94,82,81,69;46,58,70;143,131,130,129,128,127,115,114,102,101,100,88,76,64,63,62,61,60,72,84,96,108,120,132,133,134,135;13,25,37,38,39,40,41,42,54,66,78,79,80,68,56,57,45,33,34;85,86,98,110,111,112,113,125,126;3,4,5;105,93,92;26,27,28,29,30,31,19;73,74,75,87,99
12+B:I,0,89,11,,39_0B:40_0B:41_0B:42_0B:43_0B:44_0B:45_0B:50_0B:51_0B:57_0B:62_0B:69_0B:70_0B:71_0B:74_0B:83_0B:86_0B:87_0B:94_0B:95_0B:99_0B:106_0B:118_0B:127_0B:128_0B:129_0B:130_0B;16,17,18,19,20,21,22,34,46;56,55,54,53,52,64,63;98,97,85,73,61,49,37,38,26,27,28,29,30,31,32,33;0,12,24,36,48,60,72,84,96,108,120,132,133,134,135,136,137,138,139,140,141,142,143,131,119,107;25,13,14,15;1,2,3,4,5,6,7,8,9,10,11,23,35,47,59,58;109,110,111,112,100,88,89,90,91,92,93,105,117,116,115,114,126,125;68,67,66,65;75,76,77,78,79,80,81,82;104,103,102,101,113;124,123,122,121
12+B:I,0,90,9,,13_0B:14_0B:15_0B:16_0B:17_0B:18_0B:19_0B:20_0B:21_0B:22_0B:25_0B:34_0B:37_0B:46_0B:48_0B:49_0B:52_0B:53_0B:58_0B:64_0B:70_0B:74_0B:75_0B:76_0B:82_0B:86_0B:94_0B:98_0B:106_0B:110_0B:111_0B:112_0B:113_0B:114_0B:118_0B:126_0B:127_0B:128_0B:129_0B:130_0B;60,72,84,96,108,120,132,133,134,135,136,137,138,139,140,141,142,143,131,119,107,95,83,71,59,47,35,23,11,10,9,8,7,6,5,4,3,2,1,0,12,24,36;90,91,92,104,116;117,105,93,81,80,68,67,55,54,42,41,40,39,51,50;79,78,66;65,77,89,88,87;99,100,101,102,103,115;125,124,123,122,121,109,97,85,73,61,62,63;69,57,45,33,32,31,30,29,28,27,26,38;56,44,43
13+B:I,0,91,11,,42_0B:43_0B:44_0B:57_0B:58_0B:59_0B:60_0B:61_0B:65_0B:66_0B:67_0B:68_0B:74_0B:78_0B:81_0B:82_0B:86_0B:87_0B:91_0B:92_0B:95_0B:97_0B:98_0B:99_0B:108_0B:109_0B:110_0B;28,29,30,31,32,45,46,47,48,49,62;36,35,34,33;105,118,131,144,145,146,147,148,149,150,151,152,153,154,155,142,129,116,103;50,37,24,23,22,21,20,19,18,17,16,15,14,27,40,41,54,55,56,69,70,71,72,73;79,80,93,94;168,167,166,165,164,163,162,161,160,159,158,157,156,143,130,117,104;77,90,89,102,115,114,113,112,111,124,123,122,121,120,107;53,52,39,26,13,0,1,2,3,4,5,6,7,8,9,10,11,12,25,38,51,64,63,76,75,88,101,100;85,84,83,96;106,119,132,133,134,135,136,137,138,139,140,141;125,126,127,128
13+B:I,0,92,11,,95_0B:96_0B:97_0B:108_0B:121_0B:134_0B:135_0B:136_0B:137_0B:138_0B:139_0B:140_0B:141_0B:142_0B;22,35,36,49,62,75,88,101,100,99,98;154,153,152,151,150,149,148,147,146,133,132,119,106,93,80,67,68,69,82,83,84,85,86,87,74,61,48,47,34,21,20,19,18,17,4,3,2,1,0,13,26,27,28,41;5,6,7,8,9,10,23,24,37,50,63,76,89,102,115,114,113,112,111,124,123;73,60,59,46,33,32,31;40,39,52,65,78,91,104,117,130,143,156,157;30,43,56,57,70;125,126,127,128,129,116,103,90,77,64,51,38,25,12,11;72,71,58,45,44;81,94,107,120;155,168,167,166,165,164,163,162,161,160,159,158,145,144,131,118,105,92,79,66,53,54,55,42,29,16,15,14;110,109,122
13+B:I,0,93,13,,6_0B:7_0B:8_0B:9_0B:10_0B:11_0B:12_0B:25_0B:33_0B:34_0B:35_0B:36_0B:38_0B:49_0B:50_0B:51_0B;83,96,97,110,123,122;152,153,140,127,114,101,88,87,86,73,72;118,131,144,145;124,137,136,135,134,121,120,107,94,81,68,55,54,53,40,27,14;67,80,93,106,119,132,133,146,147,148,149,150,151,138,125,112,111;109,108,95,82;66,79,92,105,104,117,130,143,156,157,158,159,160,161,162,163,164,165,166,167,168,155,142,129,116,103,90,77,64,63,62;42,29,30,17;154,141,128,115,102,89,76,75,74,61,48,47,46,45,32,31;139,126,113,100,99,98,85,84,71,70,69,56,43,44;57,58,59,60;41,28,15,16;91,78,65,52,39,26,13,0,1,2,3,4,5,18,19,20,21,22,23,24,37
13+B:I,0,94,10,,5_0B:6_0B:7_0B:8_0B:9_0B:10_0B:11_0B:12_0B:16_0B:17_0B:18_0B:25_0B:27_0B:28_0B:29_0B:38_0B:40_0B:51_0B:53_0B:55_0B:56_0B:64_0B:66_0B:69_0B:77_0B:79_0B:82_0B:90_0B:92_0B:95_0B:103_0B:105_0B:108_0B:109_0B:110_0B:111_0B:112_0B:113_0B:116_0B:118_0B:126_0B:127_0B:128_0B:129_0B:131_0B:144_0B:145_0B:146_0B:147_0B:148_0B:149_0B:150_0B:151_0B:152_0B:153_0B:154_0B;20,19,32,31,30,43,42,41,54,67,68,81,94,107,120,121,122,123,124,125,138,139,140,141,142,155,168,167,166,165,164,163,162,161,160,159,158,157,156,143,130,117,104,91,78,65,52,39,26,13,14,15;88,75,62,49,36,37;99,98,97,96,83,70,57,44;137,136,135,134,133,132,119,106,93,80;0,1,2,3,4;47,48,35,22,23,24;72,59,60,61,74,87,100,101,114;73,86,85;84,71,58,45,46,33,34,21;50,63,76,89,102,115
13+B:I,0,95,10,,92_0B:93_0B:98_0B:105_0B:108_0B:109_0B:110_0B:111_0B:118_0B:120_0B:121_0B:130_0B:131_0B:133_0B:143_0B:146_0B:156_0B:157_0B:158_0B:159_0B;136,137,138,139,140,127,114,101,88,75,74,73,72,71;99,112,125,124,123,122,135,148,149,150,151,152,153,154,141,128,115,102,89,76,63,62,61,60,59,58,57,56,55,42,29,30,17;97,84,85,86,87,100,113,126;31,32,33,34,35;0,13,26,39,52,65,78,91,104,117;6,7,8,9,10,11,24,37,50,49,48,47,46,45,44,43;12,25,38,51,64,77,90,103,116,129,142,155,168,167,166,165,164,163,162,161,160,147,134;144,145,132,119,106,107,94,95,96,83,70;69,82,81,80,79,66,53,40,27,14,1,2,3,4,5,18,19,20,21,22,23,36;68,67,54,41,28,15,16
13+B:I,0,96,9,,26_0B:27_0B:28_0B:29_0B:30_0B:31_0B:32_0B:39_0B:45_0B:46_0B:47_0B:52_0B:65_0B:78_0B:91_0B:104_0B:117_0B:130_0B:143_0B:156_0B:157_0B:158_0B:159_0B:160_0B:161_0B:162_0B:163_0B:164_0B:165_0B;155,168,167,166,153,152,151,150,149,148,147,146,145,144,131,118,105,92,79,66,53,40;97,110,109,122,121,120,107,94,81,68,55,56;0,1,2,3,4,5,6,7,8,9,10,11,12,25,38,51,64,77,90,103,116,129,142;137,138,139,140,141,154;48,61,60,59,58,57,44,43,42,41,54,67,80,93,106,119,132,133,134,135,136,123,124,111,98,99,100;33,34,35,36,49,62,75,74,73,72,71,70,69;108,95,96;13,14,15,16,17,18,19,20,21,22,23,24,37,50,63,76,89,102,115,128,127,126,125,112;113,114,101,88,87,86,85,84,83,82
13+B:I,0,97,10,,17_0B:18_0B:31_0B:44_0B:57_0B:70_0B:83_0B:84_0B:85_0B:86_0B:99_0B:102_0B:103_0B:112_0B:116_0B:125_0B:129_0B:138_0B:139_0B:140_0B:142_0B:153_0B:155_0B:166_0B:167_0B:168_0B;2,1,0,13,26,39,52,65,78,91,104,117,130,143,156;165,164,163,162,149,148,147,134,133,132,131,144,157,158;43,56,69,82,95,96,97,98,111,124,123;48,35,22,23,24,37,50,63,76,75,88,101,114,115,128,141,154;14,27,40,53,66,79,92,105,118;21,34,47,60,73,72,71,58,45,32,19,6,5,4,3,16,15,28,41,54,67,80,93,106,119,120,121,122,135,136,137,150,151,152;59,46,33,20,7,8,9,10,11,12,25,38,51,64,77,90,89;161,160,159,146,145;36,49,62,61,74,87,100,113,126,127;30,29,42,55,68,81,94,107,108,109,110
13+B:I,0,98,13,,27_0B:28_0B:29_0B:30_0B:40_0B:43_0B:56_0B:69_0B:82_0B:83_0B:96_0B:102_0B:103_0B:109_0B:110_0B:116_0B:123_0B:129_0B:136_0B:142_0B:149_0B:155_0B:162_0B:163_0B:164_0B:165_0B:166_0B:167_0B:168_0B;48,35,22,21,20,19,18,17,16,15,14,13,26,39,52,53;42,41,54,67,66,65,78,91,104;87,74,75,76,63,50,37,24;85,72,59;79,92,105,118,117,130,143,144,145,146,147,134;140,127,126,113,100,99,86,73,60,61,62,49,36,23,10,9,8,7,6,5,4,3,2,1,0;70,57,44,31,32,33,34,47;98,97,84,71,58,45,46;94,95,108,121,122,135,148,161,160,159,158,157,156;125,138,139;11,12,25,38,51,64,77,90,89,88,101,114,115,128,141,154,153,152,151,150,137,124,111,112;55,68,81,80,93,106,119;131,132,133,120,107
13+B:I,0,99,12,,79_0B:92_0B:105_0B:106_0B:119_0B:132_0B:133_0B:134_0B:135_0B:136_0B:149_0B:150_0B:151_0B:152_0B:153_0B:154_0B:167_0B;57,44,31,32,33,34,35,36,23,10,11,12,25,38,51,64,77,90,103,116,129,142,155,168;56,69,70;40,27,14,15,16,17,18,19,20,21,22,9;8,7,6,5,4,3,2,1,0,13,26,39,52,53,54,41,28,29;113,112,99,98,97,96;74,61,60,59,72,85;24,37,50,63,76,89,102,115,128,141,140;111,110,109,108,95,82,81,68,55,42,43,30;100,87,86,73;139,138,137;83,84,71,58,45,46,47,48,49,62,75,88,101,114,127,126,125,124,123,122,121,120,107,94,93,80,67,66,65,78,91,104,117,130,143,156,157,158,159,160;166,165,164,163,162,161,148,147,146,145,144,131,118
13+B:I,0,100,14,,124_0B:125_0B:126_0B:135_0B:136_0B:137_0B:145_0B:146_0B:147_0B:148_0B:158_0B;81,80,93,106,105,104,117,130,143;91,78,65,52,39,26,13,0,1,2,3,4,5,6,7,8,9,10;94,95,82,83,84,85,72,59,60,47,34,35;12,11,24,37,50,63,76,89,90,103;156,157,144,131,132,133,134,121,122,123,110,111,112,113,100,87,88,75,62,49,36,23,22,21,20,33,46,45,58,71,70,69,68,67,66,79,92;25,38,51,64,77;128,127,114;43,42,41,28;154,153,152,151,150,149,162,161,160,159;118,119,120,107,108,109,96,97,98,99,86,73,74,61,48;141,140,139,138;14,27,40,53,54,55,56,57,44,31,30,29;163,164,165,166,167,168,155,142,129,116,115,102,101;15,16,17,18,19,32
13+B:I,0,101,10,,21_0B:22_0B:23_0B:24_0B:28_0B:29_0B:30_0B:31_0B:32_0B:33_0B:34_0B:37_0B:41_0B:50_0B:54_0B:55_0B:56_0B:57_0B:58_0B:59_0B:60_0B:63_0B:76_0B:89_0B:102_0B:115_0B:128_0B:141_0B:144_0B:145_0B:146_0B:147_0B:148_0B:149_0B:150_0B:151_0B:152_0B:153_0B:154_0B:157_0B;126,113,100;95,96,97,84,71,70,69,68;133,134,135,136,137,138,139,140,127,114,101,88,75,62,49,36,35;73,72,85,98,111,110,109,108,107,94;105,118,131,132;20,19,18,17,16,15,14,27,40,53;83,82,81,80,67;156,143,130,117,104,91,78;87,86,99,112,125,124,123,122,121,120,119,106,93,92,79,66,65,52,39,26,13,0,1,2,3,4,5,6,7,8,9,10,11,12,25,38,51,64,77,90,103,116,129,142,155,168,167,166,165,164,163,162,161,160,159,158;74,61,48,47,46,45,44,43,42
13+B:I,0,102,13,,9_0B:10_0B:11_0B:12_0B:15_0B:16_0B:17_0B:18_0B:19_0B:20_0B:21_0B:22_0B:25_0B:28_0B:37_0B:38_0B:41_0B:53_0B:54_0B:66_0B:79_0B;165,164,163,162,161,160,159,158;107,94,95,96,97,84,71,72,73,74;24,23,36,35,34,47,46,45,44,43,56,69;145,146,147,148,149,150,151,152;33,32,31,30,29,42,55,68;136,137,138,139,126,113,100,87,86,85,98,111,110,109,108,121,120,119,132,131,144,157,156;8,7,6,5,4,3,2,1,14,27,40,39,52,65,78;154,141,128,115,102,89,76,63,50,49,48;99,112,125,124,123,122,135,134,133;67,80,81,82,83,70,57,58,59,60,61,62,75,88,101,114,127,140,153,166,167,168,155,142,129,116,103,90,77,64,51;92,91,104;143,130,117,118,105,106,93;26,13,0
13+B:I,0,103,9,,72_0B:73_0B:74_0B:75_0B:76_0B:77_0B:90_0B:103_0B:116_0B:129_0B:142_0B:155_0B:168_0B;36,35,34;126,139,138,137,136,135,134;33,32,31,30,43,42,55;145,144,131,118,105,92,79,66,53,40,27;29,28,41,54,67,68;20,19,18,17,16,15,14,13,26,39,52,65,78,91,104,117,130,143,156,157,158,159,160,161,162,163,164,165,166,167,154,141,128,115,102,89,88,87,86,85,84,97,96;0,1,2,3,4,5,6,7,8,9,10,11,12,25,38,51,64,63,62,61,60,59,58,71,70,83;21,22,23,24,37,50,49,48,47,46,45,44,57,56,69,82,95,94,107,120,121,122,123,124,125,112,113;81,80,93,106,119,132,133,146,147,148,149,150,151,152,153,140,127,114,101,100,99,98,111,110,109,108
13+B:I,0,104,11,,99_0B:100_0B:101_0B:114_0B:123_0B:124_0B:125_0B:126_0B:127_0B:136_0B:149_0B:150_0B:151_0B:152_0B:153_0B:166_0B:167_0B:168_0B;12,11,10,9,8,7,6,5,4,3,2,1,0,13,26,39,52,65,78,79,80,93,106,119,132,133,134,135,122,109,110;137,138,139,140,141,128,115,102,89,76,63,50,37,36,35,34,33,32,31,30,29,28,41,54;148,147,146,145,144,131,118,105;60,59,58,71;111,112,113;97,98,85,86,87,88,75,62,49,48,47,46,45,44,43,42,55,68,67,66,53,40,27,14,15,16,17,18,19,20,21,22,23,24,25,38,51,64,77,90,103,116,129,142,155,154;165,164,163,162,161,160,159,158,157,156,143,130,117,104,91,92;72,73,74,61;69,82,81,94,107,120,121;108,95,96;84,83,70,57,56
13+B:I,0,105,9,,14_0B:15_0B:16_0B:17_0B:18_0B:19_0B:20_0B:21_0B:22_0B:23_0B:24_0B:27_0B:37_0B:40_0B:50_0B:52_0B:53_0B:63_0B:65_0B:76_0B:78_0B:89_0B:91_0B:101_0B:102_0B:104_0B:110_0B:111_0B:114_0B:117_0B:124_0B:127_0B:130_0B:131_0B:137_0B:138_0B:139_0B:140_0B:144_0B:145_0B:146_0B:147_0B:160_0B;39,26,13,0,1,2,3,4,5,6,7,8,9,10,11,12,25,38,51,64,77,90,103,116,115,128;143,156,157,158,159;126,125,112,99,98,97,96,95,94;133,132,119,118,105,92,79,66,67;82,83,84,85,86,73,74,61,48,47,46,45,44,43,42;120,121,134,135,148,161,162,163,164,165,166,167,168,155;60,59,58,57,56,69,68,81,80,93,106,107,108,109,122,123,136,149,150,151,152,153,154,141,142,129;72,71,70;55,54,41,28,29,30,31,32,33,34,35,36,49,62,75,88,87,100,113
13+B:I,0,106,10,,2_0B:3_0B:4_0B:5_0B:6_0B:7_0B:8_0B:9_0B:10_0B:11_0B:12_0B:25_0B:38_0B:43_0B:51_0B:56_0B:64_0B:69_0B:77_0B:82_0B:90_0B:95_0B:103_0B:108_0B:116_0B:121_0B:122_0B:129_0B:135_0B:142_0B:148_0B:149_0B:150_0B:151_0B:152_0B:153_0B:154_0B:155_0B;0,1,14,27,40,53,66,79,92,105,118,131,144,157,158,159,160,161,162,163,164,165,166,167,168;123,110,111,112,113,100,87,74,75,62,49,48,47,46;136,137,138,139,140,141,128,115,102,89,76,63,50,37,24,23,22,21,20,19,18,31,30,29,42,55,68,81,94,107,120,133;98,85,72,59,58,45,32,33,34,35,36;71,84,97;44,57,70,83,96,109;124,125,126,127,114,101,88;17,16,15,28,41,54,67,80,93,106,119,132,145,146,147,134;13,26,39,52,65,78,91,104,117,130,143,156;99,86,73,60,61
13+B:I,0,107,11,,99_0B:112_0B:117_0B:118_0B:119_0B:120_0B:125_0B:133_0B:134_0B:135_0B:136_0B:137_0B:138_0B;50,37,24,23,22,35,34,33,32,31,30,29,28;84,85,86,73,74,61,48,47,46,45,58,57,56,55,54,53,66,79,92;93,80,81,82,83,70,71,72,59,60;97,98,111,124,123,122,121,108,107,106,105,104,91,78,65,52,39,26,13,0,1,2,3,4,5,6,7,8,9,10,11,12,25,38,51,64,77,90,103,116,129,142,155;69,68,67;132,131,130,143,156,157,158,159,160,161,162,163,164,165,166,153,140,127;144,145,146,147,148,149,150,151,152,139,126,113,100,101,102,89,76,63;114,115,128,141,154,167,168;87,88,75,62,49,36;44,43,42,41,40,27,14,15,16,17,18,19,20,21;94,95,96,109,110
13+B:I,0,108,10,,27_0B:28_0B:29_0B:30_0B:31_0B:32_0B:33_0B:34_0B:35_0B:36_0B:39_0B:40_0B:49_0B:52_0B:62_0B:65_0B:75_0B:78_0B:80_0B:86_0B:87_0B:88_0B:91_0B:92_0B:93_0B:99_0B:111_0B:112_0B:123_0B:124_0B:132_0B:133_0B:134_0B:135_0B:136_0B;100,101,102,89,76,63,50,37,24,23,22,21,20,19,18,17,16,15,14;41,42,43,56,69,68,67,66,79;146,147,148,149,150,151;58,71,84;53,54,55;137,138,125,126,113,114,115,128,141,154,153,152;26,13,0,1,2,3,4,5,6,7,8,9,10,11,12,25,38,51,64,77,90,103,116,129,142,155,168,167,166,165,164,163,162,161,160,159,158,157,156,143,130,117,104,105,106,107,94,81,82;145,144,131,118,119,120,121,108,95,96,83,70,57,44,45,46,47,48,61,74,73;60,59,72,85,98,97,110,109,122;139,140,127
13+B:I,0,109,14,,86_0B:99_0B:100_0B:104_0B:113_0B:117_0B:126_0B:130_0B:139_0B:143_0B:149_0B:150_0B:151_0B:152_0B:156_0B:157_0B:158_0B:159_0B:160_0B:161_0B:162_0B;56,43,42,41,40,27;11,12,25;136,137,138;75,62,61,48,35,22,21,20,19,18,17,16,15,14;34,47,60,73,74,87,88,101,114,127,140,153,166,165,164,163;107,120,119,118,131;24,37,38,51,64,77,90,103,116,129,142,155;83,82,81,80,67;168,167,154,141,128,115,102,89,76,63,50,49,36,23,10,9,8,7,6,5,4,3,2,1,0,13,26,39,52,65,78,91,92;79,66,53,54,55,68,69,70,57,44,45,46,59,72,85,98,111,110;28,29,30,31,32,33;58,71,84,97,96,109,122,135,148,147,146;123,124,125,112;144,145,132,133,134,121,108,95,94,93,106,105
13+B:I,0,110,11,,14_0B:15_0B:27_0B:40_0B:41_0B:54_0B:55_0B:68_0B:81_0B:94_0B:107_0B:120_0B:133_0B:146_0B:156_0B:157_0B:158_0B:159_0B;23,24,37,50,63,76,89,102,115,128,141,154,153,152,151,150,149,148,135,122;6,5,4;91,104,117;87,74,61,48,47;108,121,134,147,160,161,162,163,164,165,166,167,168,155,142,129,116,103,90,77,64,51,38,25,12,11,10,9,22,35,36,49,62,75,88,101,114,127,140,139,138,137,136,123,110,97,84,83,70,57,44,31,30,29,28;109,96,95,82,69,56,43,42;143,130,131,118,105,92,79,78,65,52,39,26,13,0,1,2,3,16,17,18,19,20,7;100,113,126;46,59,60,73,86,99,112;125,124,111,98,85,72,71,58,45,32,33,34,21,8;144,145,132,119,106,93,80,67,66,53
13+B:I,0,111,13,,14_0B:15_0B:16_0B:17_0B:18_0B:27_0B:31_0B:40_0B:44_0B:53_0B:57_0B:66_0B:70_0B:71_0B:73_0B:74_0B:75_0B:77_0B:79_0B:84_0B:85_0B:86_0B:88_0B:90_0B:92_0B:101_0B:103_0B:105_0B:114_0B:115_0B:116_0B:118_0B:131_0B:144_0B;28,29,42;30,43,56,69,82,83;41,54,55,68,81,94,107,120,133,134,147,148,149,150,151,152,153,154,141;112,99,100,87;158,157,156,143,130,117,104,91,78,65,52,39,26,13,0,1,2,3,4,5,6,19,32,33,34,35,36;62,49,50,37,24,23,22,21,20;61,60,59,72;135,122,121,108,95,96,97,98,111;48,47,46,45,58;102,89,76,63,64,51,38,25,12,11,10,9,8,7;136,123,110,109;67,80,93,106,119,132,145,146,159,160,161,162,163,164,165,166,167,168,155,142,129,128,127,140,139,138,137,124;125,126,113
13+B:I,0,112,9,,42_0B:43_0B:44_0B:45_0B:46_0B:47_0B:52_0B:53_0B:54_0B:55_0B:60_0B:61_0B:65_0B:70_0B:71_0B:74_0B:78_0B:82_0B:83_0B:87_0B:91_0B:94_0B:95_0B:100_0B:104_0B:107_0B:113_0B:117_0B:120_0B:122_0B:123_0B:124_0B:126_0B:130_0B:133_0B:135_0B:137_0B:139_0B:143_0B:144_0B:145_0B:146_0B:148_0B:152_0B:161_0B:162_0B:163_0B:164_0B:165_0B;166,153,154;167,168,155,142,141,140,127,114,101,88,75,62,49,48;110,111,98,85;129,116,103,90,77,64,51,38,25,12,11,10,9,8,7,6,5,4,3,2,1,0,13,26,39,40,41;136,149,150,151,138,125,112,99,86,73,72,59,58,57,56,69,68,81,80,93,106,119,132;128,115,102,89,76,63,50,37,24,23,22,21,20,19,18,17,16,15;14,27,28,29,30,31,32,33,34,35,36;67,66,79,92,105,118,131;84,97,96,109,108,121,134,147,160,159,158,157,156
13+B:I,0,113,13,,14_0B:15_0B:16_0B:17_0B:18_0B:19_0B:20_0B:27_0B:33_0B:34_0B:40_0B:47_0B:53_0B:60_0B:66_0B:73_0B:79_0B:86_0B:92_0B:99_0B:105_0B:112_0B:118_0B:124_0B:125_0B:131_0B:137_0B:144_0B:147_0B:150_0B:160_0B:161_0B:162_0B:163_0B;94,95,82,83;138,151,152,153,154,141,142;21,22,35;164,165,166,167,168,155;107,106,93,80,81,68,55,56,57,58,59,72,85,98,111,110,123,136,149,148;42,43,44,45,46;69,70,71,84,97,96,109,122,135,134,133,146,159;115,114,101,88,75,74,61,48;139,140,127,128,129,116,103,102,89,76,63,50,37,24,11,10,9,8,7,6,5,4,3,2,1,0,13,26,39,52,65,78,91,104,117,130,143,156,157,158,145,132,119,120,121,108;90,77,64,51,38,25,12;67,54,41,28,29,30,31,32;23,36,49,62;126,113,100,87
13+B:I,0,114,10,,0_0B:1_0B:2_0B:3_0B:4_0B:5_0B:6_0B:7_0B:13_0B:20_0B:31_0B:33_0B:44_0B:46_0B:57_0B:59_0B:70_0B:71_0B:72_0B;12,25,38,51,64,77,76,75;126,139,138,137,136,135,134,133,132,119,106,93,80,67,54,55,42,29,16;15,28,41,40,53,66,79,92,105,118,131,144,145,146,147,148,149,150,151,152,153,140,127,114,113;120,121,122,123,124,125;23,36,49,48,47,60,73,74,87,88,89,90,103,116,129,142,155,168;58,45,32,19,18,17,30,43,56,69,82,95,96,97,98;14,27,26,39,52,65,78,91,104,117,130,143,156,157,158,159,160,161,162,163,164,165,166,167,154,141,128,115,102,101,100,99,112,111,110,109,108,107,94,81,68;86,85,84,83;34,21,8;35,22,9,10,11,24,37,50,63,62,61
13+B:I,0,115,10,,15_0B:16_0B:17_0B:18_0B:19_0B:20_0B:21_0B:22_0B:23_0B:24_0B:27_0B:28_0B:37_0B:38_0B:40_0B:51_0B:53_0B:64_0B:66_0B:77_0B:79_0B:84_0B:90_0B:92_0B:97_0B:103_0B:105_0B:110_0B:111_0B:112_0B:113_0B:114_0B:115_0B:116_0B:118_0B:131_0B:144_0B:145_0B:158_0B:159_0B:160_0B:161_0B:162_0B:163_0B:164_0B:165_0B;74,75,88;108,95,82,69,70,71,72,59,46,45,44,43;14,1,2,3,4;5,6,7,8,9,10,11,12,25;62,61,48,47,34,33,32,31,30,29,42,41,54,67,80,93,106,119,132,133,146,147,148,149,150,151,152,153,166,167,168;0,13,26,39,52,65,78,91,104,117,130,143,156,157;155,154,141,140,139,138,137,136,135,134,121,120,107,94,81,68,55,56,57,58;60,73,86,87,100,101,102,89,76,63,50,49,36,35;85,98,99;142,129,128,127,126,125,124,123,122,109,96,83
13+B:I,0,116,14,,10_0B:11_0B:12_0B:18_0B:19_0B:20_0B:21_0B:22_0B:23_0B:25_0B:29_0B:30_0B:31_0B:38_0B:42_0B:51_0B:55_0B:62_0B:63_0B:64_0B:68_0B:69_0B:70_0B:71_0B:72_0B:73_0B:75_0B:86_0B:88_0B:89_0B:97_0B:98_0B:99_0B;125,124,137,136,135,134,133,132;85,84,83,82,81,80,79,92;140,127,114,101,102;50,37,24;112,111,110,123;52,39,26,13,0;9,8,7,6,5,4,17,16,15,28,41,54,67,66,65,78,91,104,117,130,143,156,157,158,159,160,161,162,163,164,165,166,167,168,155,142,129,116,103,90,77,76;3,2,1,14,27,40,53;152,153,154,141,128,115;121,122,109,96,95,94,93,106,105,118;48,47,46,45,44,43;108,107,120,119;49,36,35,34,33,32;131,144,145,146,147,148,149,150,151,138,139,126,113,100,87,74,61,60,59,58,57,56
13+B:I,0,117,12,,4_0B:5_0B:6_0B:17_0B:19_0B:30_0B:32_0B:45_0B:57_0B:58_0B;48,61,74,87,100,99,98,97,96,95,108,107,106;63,76,89,102,115;165,166,167,168,155,142,141,140,139,138,137,150,149,148,147,146,145,144,131,130,117,104,91,78,65,66;80,93,94;36,35,34,47,60,73,86,85,84,83,82,81,68,67,54,53,40,27,14,15,2;18,31,44,43;52,39,26,13,0,1;28,41,42,55,56,69,70,71,72,59,46,33;20,21,22,23,24,37,50,49,62,75,88,101,114,113,112,111,110,109,122,121,120;143,156,157,158,159,160,161,162,163,164,151,152,153,154;3,16,29;7,8,9,10,11,12,25,38,51,64,77,90,103,116,129,128,127,126,125,124,123,136,135,134,133,132,119,118,105,92,79
13+B:I,0,118,11,,81_0B:93_0B:94_0B:106_0B:119_0B:130_0B:131_0B:132_0B:143_0B:149_0B:150_0B:156_0B:157_0B:158_0B:159_0B:160_0B:161_0B:162_0B;97,110,123;31,44,43,42,55,68,69,82,95,108,107,120,133,146,145,144;59,72,71,70,57,56;163,164,151,152;16,15,14,27,40,53,66,65,78,91,104;83,84,85,98,111,124,125,126,113,100,87,74,61,48,47,46,45,58;167,168,155,142,129,116,103,90,77,64,51,38,25,12,11,10,9,8;60,73,86,99,112;147,134,121,122,109,96;148,135,136,137,138,139,140,127,114,101,88,75,62,49,36,35,34,33,32,19,18,17,30,29,28,41,54,67,80,79,92,105,118,117;165,166,153,154,141,128,115,102,89,76,63,50,37,24,23,22,21,20,7,6,5,4,3,2,1,0,13,26,39,52
13+B:I,0,119,10,,1_0B:2_0B:3_0B:4_0B:5_0B:6_0B:7_0B:14_0B:20_0B:21_0B:22_0B:23_0B:24_0B:27_0B:29_0B:30_0B:31_0B:37_0B:40_0B:42_0B:44_0B:45_0B:46_0B:47_0B:48_0B:49_0B:50_0B:53_0B:55_0B:68_0B:69_0B:70_0B:71_0B:72_0B:85_0B:86_0B:87_0B:88_0B:101_0B:106_0B:107_0B:110_0B:111_0B:112_0B:113_0B:114_0B:120_0B:122_0B:123_0B:133_0B:134_0B:135_0B;96,109,108,121;75,74,73,60,59,58,57,56,43;79,92,93,94,95;117,130,143,156;154,141,140,139,138;0,13,26,39,52,65,66;150,151,152,153,166,167,168,155,142,129,116,103,90,77,64,51,38,25,12,11,10,9,8;100,99,98,97,84,83,82,81,80,67,54,41,28,15,16,17,18,19,32,33,34,35,36;61,62,63,76,89,102,115,128,127,126,125,124,137,136,149,148,147,146,145,132,119,118,105,104,91,78;131,144,157,158,159,160,161,162,163,164,165
13+B:I,0,120,13,,0_0B:1_0B:14_0B:15_0B:28_0B:40_0B:41_0B:53_0B:66_0B:79_0B:92_0B:105_0B:118_0B:131_0B:133_0B:144_0B:145_0B:146_0B;163,162,161,160,159,158,157,156,143,130,117,104,91,78,65,52,39;98,97,84,83,82;43,56,69,68,81,94,95,96;50,37,24,23,22,21,20,7,6,5,4,3,2;8,9,10,11,12,25,38,51,64,63;132,119,120,107,108,109,110,111,112,113,114,115,128,141;135,136,137,124,125,126,127,140;101,100,99,86,85,72,71,70;73,60,59,58,57;168,167,166,165,164,151,150,149,148,147,134,121,122,123;13,26,27;30,31,44,45,46,47,48,61,74,87,88,89,102;106,93,80,67,54,55,42,29,16,17,18,19,32,33,34,35,36,49,62,75,76,77,90,103,116,129,142,155,154,153,152,139,138
14+B:I,0,121,11,,16_0B:17_0B:18_0B:19_0B:20_0B:21_0B:22_0B:23_0B:24_0B:30_0B:38_0B:44_0B:52_0B:58_0B:66_0B:72_0B:77_0B:78_0B:79_0B:80_0B:86_0B:91_0B:100_0B:105_0B:113_0B:114_0B:119_0B:133_0B:135_0B:136_0B:137_0B:138_0B:139_0B:141_0B:142_0B:143_0B:147_0B:153_0B:155_0B:157_0B:158_0B:159_0B:160_0B:161_0B:167_0B:169_0B:181_0B:183_0B:184_0B:185_0B:186_0B:187_0B:188_0B:189_0B:190_0B:191_0B:192_0B:193_0B:194_0B:195_0B;131,117,103,89,75,61,62,63,64,65,51,37,36,35;165,164,163,149;106,107,108,109,110,96,82,68,54,40,26,12,13;175,174,173,172,171,170,156;182,168,154,140,126,127,128,129,115,116,102,88,74,60,46,47;84,70,56,42,28,14,0;150,151,152,166,180;130,144,145,146,132,118,104,90,76;112,98,99,85,71,57,43,29,15,1,2,3,4,5,6,7,8,9,10,11,25,39,53,67,81,95,94,93,92;101,87,73,59,45,31,32,33,34,48,49,50;179,178,177,176,162,148,134,120,121,122,123,124,125,111,97,83,69,55,41,27
14+B:I,0,122,12,,6_0B:7_0B:8_0B:19_0B:20_0B:29_0B:30_0B:31_0B:32_0B:33_0B:43_0B:53_0B:54_0B:55_0B:57_0B:69_0B:71_0B:83_0B:85_0B:97_0B:99_0B:111_0B:113_0B:125_0B:127_0B:139_0B:141_0B:153_0B:155_0B:166_0B:167_0B:169_0B:170_0B:171_0B:172_0B:173_0B:174_0B:175_0B:176_0B:177_0B:178_0B:179_0B:180_0B;23,37,51,52,66,67,68,82,96,110,124,138,152,151,165,164,163,162,161,160,159,158,157,156,142,128,114,100,86,72,58,44,45,46,60,74,75,89,103,117,118,119,120;90,76,62,63,64,78,92;104,105,91,77;5,4,3,2,1,0;80,94,108,122,121,135,134,133,132,131,130,116,102,88,87,73,59;81,95,109,123,137,136,150,149,148,147,146,145,144,143,129,115,101;34,35,21;61,47,48,49,50,36,22;38,24,25,26;18,17,16,15,14,28,42,56,70,84,98,112,126,140,154,168,182,183,184,185,186,187,188,189,190,191,192,193,194,195,181;65,79,93,107,106;9,10,11,12,13,27,41,40,39
14+B:I,0,123,14,,44_0B:45_0B:46_0B:47_0B:48_0B:49_0B:50_0B:51_0B:52_0B:58_0B:66_0B:67_0B:68_0B:72_0B:76_0B:77_0B:78_0B:82_0B:86_0B:87_0B:92_0B:93_0B:94_0B:96_0B:101_0B:108_0B:110_0B:115_0B:122_0B:124_0B:129_0B:130_0B:136_0B:138_0B:144_0B:150_0B:152_0B:158_0B:159_0B:161_0B:164_0B:166_0B:167_0B:173_0B:174_0B:175_0B:178_0B:181_0B:192_0B:193_0B:194_0B:195_0B;153,139,125,111,97,83,69,55,41,27,13,12,11,10,9,8,7,6,5;145,131,132;180,179,165,151,137,123,109,95,81,80,79,65,64,63,62,61,60,59;53,54,40,26,25,24,23,22,21,20,19;176,162,148,134,135,121;160,146,147,133,119,120,106,107;39,38,37,36,35,34,33,32,18,4,3,2,1,0;149,163,177,191,190,189,188,187,186,185,184,183,182,168,154,140,126;105,91,90;169,170,171,172;17,16,15,14,28,42,56,70,84,98,112,113,127,141,155,156,157;118,117,116,102,88;143,142,128,114,100,99,85,71,57,43,29,30,31;104,103,89,75,74,73
14+B:I,0,124,10,,7_0B:8_0B:9_0B:10_0B:11_0B:12_0B:21_0B:26_0B:33_0B:34_0B:35_0B:40_0B:54_0B:68_0B:82_0B:96_0B:99_0B:110_0B:113_0B:124_0B:127_0B:138_0B:141_0B:152_0B:155_0B:166_0B:169_0B:170_0B:171_0B:172_0B:173_0B:174_0B:175_0B:176_0B:177_0B:178_0B:179_0B:180_0B;17,16,15,29,43,57,58,59,60,61,62,63,64;6,5,4,3,2,1,0,14,28,42,56,70;67,53,39,25,24,23;150,149,135,121,107,106,105,119,133,147,146;102,101,115,129,143,144,145,131,132,118,104,90,91,92,93,94,108,122,136;22,36,37,38,52,66,80,81,95,109,123,137,151,165,164,163,162,161,160,159,158,157,156,142,128,114,100,86,87,88;20,19,18,32,31,30;13,27,41,55,69,83,97,111,125,139,153,167,181,195,194,193,192,191,190,189,188,187,186,185,184,183,182,168,154,140,126,112,98,84,85,71,72,73,74;148,134,120;130,116,117,103,89,75,76,77,78,79,65,51,50,49,48,47,46,45,44
14+B:I,0,125,9,,1_0B:15_0B:17_0B:29_0B:31_0B:36_0B:37_0B:38_0B:39_0B:43_0B:45_0B:50_0B:53_0B:54_0B:57_0B:59_0B:60_0B:64_0B:65_0B:68_0B:71_0B:74_0B:79_0B:82_0B:85_0B:86_0B:88_0B:89_0B:93_0B:96_0B:100_0B:103_0B:104_0B:105_0B:107_0B:110_0B:114_0B:119_0B:120_0B:121_0B:124_0B:128_0B:138_0B:142_0B:143_0B:144_0B:152_0B:158_0B:166_0B:172_0B:173_0B:174_0B:175_0B:176_0B:177_0B:178_0B:179_0B:180_0B;76,75,61,47,46,32,18,19,20,21,22,23,24,25,26,40;99,113,127,141,155,156,157;133,134,135;182,183,184;90,91,77,63,49,35;106,92,78;51,52,66,67,81,95,109,123,137,151,165,164,163,162,161,160,159,145,131,130,129,115;62,48,34,33;80,94,108,122,136,150,149,148,147,146,132,118,117,116,102,101,87,73,72,58,44,30,16,2,3,4,5,6,7,8,9,10,11,12,13,27,41,55,69,83,97,111,125,139,153,167,181,195,194,193,192,191,190,189,188,187,186,185,171,170,169,168,154,140,126,112,98,84,70,56,42,28,14,0
14+B:I,0,126,9,,8_0B:9_0B:10_0B:11_0B:12_0B:13_0B:19_0B:20_0B:21_0B:22_0B:27_0B:30_0B:31_0B:32_0B:33_0B:41_0B:44_0B:58_0B:72_0B:86_0B:87_0B:88_0B:89_0B:90_0B:91_0B:92_0B:106_0B:116_0B:117_0B:118_0B:119_0B:120_0B;35,36,50,64,65,66,80,94,108,122,136,150,149,148,147,146,145,144,143,129,115,114,113,127;26,40,39,38;25,24,23,37,51,52,53,67,81,95,109,123,137,151,165,164,163,162,161,160,159,158,157,156,142,128;154,168,182,183,184,185,186,187,188,189,190,191,192,193,194,195,181,167,153,139,125,111,97,83,69;7,6,5;105,104,103,102,101,100,99,85,71,57,43,29,15,16,17,18;49,63,62,61,60;130,131,132,133,134,135,121,107,93,79,78,77,76,75,74,73,59,45,46,47,48,34;4,3,2,1,0,14,28,42,56,70,84,98,112,126,140,141,155,169,170,171,172,173,174,175,176,177,178,179,180,166,152,138,124,110,96,82,68,54,55
14+B:I,0,127,9,,54_0B:68_0B:82_0B:96_0B:110_0B:115_0B:116_0B:117_0B:124_0B:128_0B:129_0B:131_0B:138_0B:140_0B:142_0B:145_0B:152_0B:154_0B:156_0B:159_0B:166_0B:168_0B:169_0B:170_0B:173_0B:174_0B:175_0B:176_0B:177_0B:178_0B:179_0B:180_0B;150,136,122,108,94,80,66,65;143,157,171,185,184,183,182;148,149,135,121,107,93,79,78,77,76,75,74,73,72,71,57,43,29,15,16,17,18,19,5,6,7,8,9,10;92,106,120,134,133,147,161,162,163,164,165,151,137,123,109,95,81,67,53,52,51,50,64,63,62,61,60,59,58,44,30,31,32,33,34,20,21,22,23,24,25,11,12,13,27;126,112,98,99,100,101,102,103,104,118,132,146,160;26,40,39,38,37,36,35,49,48,47,46,45;155,141,127,113,114;130,144,158,172,186,187,188,189,190,191,192,193,194,195,181,167,153,139,125,111,97,83,69,55,41;4,3,2,1,0,14,28,42,56,70,84,85,86,87,88,89,90,91,105,119
14+B:I,0,128,10,,24_0B:25_0B:26_0B:38_0B:40_0B:54_0B:68_0B:82_0B:96_0B:110_0B:124_0B:132_0B:133_0B:134_0B:135_0B:136_0B:138_0B:146_0B:150_0B:152_0B:159_0B:160_0B:166_0B:173_0B:177_0B:178_0B:179_0B:180_0B:187_0B:188_0B:189_0B:190_0B:191_0B;94,93,79,65,64,50,49,35,21,20,19,18,17,16,30,44,58,72,86,100,114,128,142,156,170,171;63,62,48,34,33,32,31,45,59,60,74,88,89,90,91,105,119,120,121,122,123,137,151,165,164,163,162,176,175,174;115,101,87,73;161,147,148,149;23,9,10,11,12,13,27,41,55,69,83,97,111,125,139,153,167,181,195,194,193,192;15,29,43,57,71,85,99,113,127,141,155,169;144,145,131,117,118;39,53,67,81;104,103,102,116,130,129,143,157,158,172,186,185,184,183,182,168,154,140,126,112,98,84,70,56,42,28,14,0,1,2,3,4,5,6,7,8,22,36,37,51,52,66,80;95,109,108,107,106,92,78,77,76,75,61,47,46
14+B:I,0,129,15,,11_0B:12_0B:13_0B:25_0B:27_0B:39_0B:41_0B:52_0B:53_0B:55_0B:66_0B:69_0B:81_0B:82_0B:83_0B;187,186,185,184,183,182,168,154,140,126,112,98,84,70,56,42,28,14,0,1,2,3,4,5,19,20,21,22,23,9;99,113,127,141,155,169,170,171,172,158,144,143,129,115,101,102,103;160,161,175,189,188;59,60,74,75,76,77,78,64,50,49,48;36,35,34,33,47,46,45;123,124,138,152,166,180,179,178,177,163;26,40,54,68,67;32,18,17,16,15,29,43,57,71,85,86,100,114,128,142,156,157;116,117,118,119,120,121,122,136,137,151,165;164,150,149,135,134,133,132,131,130;93,92,91;110,109,108,107,106,105,104,90,89,88,87,73,72,58,44,30,31;63,62,61;10,24,38,37,51,65,79,80,94,95,96,97,111,125,139,153,167,181,195,194,193,192,191,190,176,162,148,147,146,145,159,173,174;6,7,8
14+B:I,0,130,12,,8_0B:9_0B:10_0B:11_0B:12_0B:18_0B:19_0B:20_0B:26_0B:29_0B:30_0B:31_0B:32_0B:34_0B:35_0B:40_0B:43_0B:49_0B:50_0B:51_0B:52_0B:53_0B:54_0B:57_0B:71_0B:78_0B:85_0B:89_0B:90_0B:91_0B:92_0B:99_0B:103_0B:113_0B:117_0B:127_0B:131_0B:132_0B:141_0B:146_0B:155_0B:160_0B:169_0B:170_0B:171_0B:172_0B:173_0B:174_0B;2,1,0;191,192,193,194,195,181;48,47,33;104,105,106,107,93,79,80,81,95,109,123,137,136,135,134,133;94,108,122,121,120,119,118;158,157,143,129,115,101,87,73,59,60,61,62;25,39,38;37,23,24;36,22,21,7,6,5,4,3,17,16,15,14,28,42,56,70,84,98,112,126,140,154,168,182,183,184,185,186,187,188,189,175,161,147,148,149,150,151,152,138,124,110,96,82,68,67,66,65,64,63,77,76,75,74,88,102,116,130,144,145,159;180,179,178,177,176,190;162,163,164,165,166,167,153,139,125,111,97,83,69,55,41,27,13;156,142,128,114,100,86,72,58,44,45,46
14+B:I,0,131,11,,15_0B:16_0B:17_0B:18_0B:19_0B:29_0B:33_0B:34_0B:35_0B:36_0B:37_0B:43_0B:51_0B:54_0B:57_0B:61_0B:62_0B:65_0B:68_0B:69_0B:71_0B:76_0B:79_0B:83_0B:85_0B:86_0B:90_0B:92_0B:93_0B:97_0B:100_0B:101_0B:104_0B:106_0B:111_0B:115_0B:118_0B:119_0B:120_0B:125_0B:129_0B:139_0B:143_0B:153_0B:157_0B:158_0B:159_0B:160_0B:161_0B:162_0B:163_0B:164_0B:165_0B:166_0B:167_0B;105,91,77,63,49,48,47,46,32,31,30;182,168,154,140,126,112,98,84,70,56,42,28,14,0,1,2,3,4,5,6,20,21,22,23,24,25;95,109,123,137,136;50,64,78;7,8,9,10,11,12,13,27,41,55;122,108,94,80,66,52,38;128,114,113,99;107,121,135,134,133,132,131,117,103,89,75,74,60,59;180,179,178,177,176,175,174,173,172,171,170,156,142;181,195,194,193,192,191,190,189,188,187,186,185,184,183,169,155,141,127;26,40,39,53,67,81,82,96,110,124,138,152,151,150,149,148,147,146,145,144,130,116,102,88,87,73,72,58,44,45
14+B:I,0,132,15,,28_0B:29_0B:42_0B:47_0B:56_0B:61_0B:70_0B:75_0B:84_0B:85_0B:86_0B:87_0B:88_0B:89_0B;48,62,76,90,104,103,117,131,130,129,128,127,141,155,169;15,16,30,44,43;54,68,82,96,110,124,138,152,166,180,179,178,164,150,149,148,162,176,190,189,188,187,186,185,184,183,182,168,154,140,126,112,98,99,100,101,102,116;115,114,113;194,195,181,167,153,139,125,111,97,83,69,55,41,27,13,12,11,10,9,8,7;175,174,173,172,171,170,156,142,143,144,145,146,132,118,119,105,91,92,93,94,95,81,67,53,52,51,65;25,24,23,22,21,20,6,5,4,18,32,46,60,74,73,72,71;66,80,79,78,64;106,120,121;163,177,191,192,193;19,33,34,35,49,63,77;107,108,109,123,137,151,165;57,58,59,45,31,17,3,2,1,0,14;157,158,159,160,161,147,133,134,135,136,122;50,36,37,38,39,40,26
14+B:I,0,133,12,,21_0B:35_0B:49_0B:63_0B:77_0B:91_0B:105_0B:119_0B:133_0B:147_0B:148_0B:151_0B:162_0B:163_0B:165_0B:166_0B:167_0B:177_0B:181_0B:191_0B:192_0B:193_0B:194_0B:195_0B;143,129,130,116,102,88,74,60,61;159,160,146;153,139,125,111,97,83;124,110,96,82,68,69,55,41,27,13,12,11,10,9;115,101,87,73,59,45,31;14,15,16,17,18,32,46,47;180,179,178,164,150,149,135,121,107,93,79,65,51,37,23,24,25,26,40,54,53,67,81,95,109,123,137,138,152;43,57,71,85,99,113,127,141,155,169,170,171,172,173,174,175,161;176,190,189,188,187,186,185,184,183,182,168,154,140,126,112,98,84,70,56,42,28,29,30,44,58,72,86,100,114,128,142,156,157,158,144,145,131,117,103,89,75,76,62,48,34,20,6,7,8,22,36,50,64,78,92,106,120,134;136,122,108,94,80,66,52,38,39;0,1,2,3,4,5,19,33;132,118,104,90
14+B:I,0,134,14,,37_0B:38_0B:39_0B:40_0B:54_0B:68_0B:82_0B:96_0B:108_0B:109_0B:110_0B:122_0B:136_0B:138_0B:139_0B:150_0B:152_0B:164_0B:166_0B:178_0B:179_0B:180_0B;21,20,19;13,12,11,10;137,151,165;79,78,92,91,105,119,133,147,161,160,159,158,157;22,36,35,34,33,47,61,75,89,103,117,131,130,129,128,114,113,99,85,71,57,43,29,15,16;60,74,88,102,116,115;95,81,67,53,52,51,50,49,48;123,124,125,111,97,83,69,55,41,27,26,25,24,23,9,8,7,6,5,4,3,2,1,0,14,28,42,56,70,84,98,112,126,127,141,142,156,170,171,172,173,174,175,176,177,163,149,135,121,107,93,94,80,66,65,64,63,62;140,154,168,182;153,167,181,195,194,193,192,191,190,189,188,187,186,185,184,183,169,155;143,144,145,146,132,118,104,90,76,77;86,72,58,44,30,31,17;162,148,134,120,106;18,32,46,45,59,73,87,101,100
14+B:I,0,135,11,,0_0B:1_0B:2_0B:3_0B:4_0B:5_0B:6_0B:14_0B:20_0B:28_0B:34_0B:42_0B:45_0B:46_0B:47_0B:48_0B:56_0B:59_0B:70_0B:73_0B:84_0B:87_0B:88_0B:89_0B:90_0B:91_0B:92_0B:98_0B:106_0B:112_0B:114_0B:115_0B:116_0B:117_0B:118_0B:120_0B:126_0B:132_0B:134_0B:140_0B:141_0B:146_0B:147_0B:148_0B:155_0B:156_0B:157_0B:171_0B:172_0B:173_0B:174_0B;61,62,63,64,50,36,22,23,24,25,26,40,54,68,82,96,110,124;154,168,182,183;39,53,52,66,80,94,108,122,136,150,151,165;169,170,184,185,186,187,188,189,175,176,177,163,149,135,121,107,93,79,78,77,76,75,74,60;65,51,37,38;145,131,130,129;49,35,21,7,8,9,10,11,12,13,27,41,55,69,83,97,111,125,139,153,167,181,195,194,193,192,191,190;113,99,85,71,57,43,29,15,16,17,18,19;162,161,160,159,158,144,143,142,128,127;133,119,105,104,103,102,101,100,86,72,58,44,30,31,32,33;67,81,95,109,123,137,138,152,166,180,179,178,164
14+B:I,0,136,11,,6_0B:7_0B:19_0B:20_0B:33_0B:46_0B:47_0B:60_0B:74_0B:75_0B:76_0B:77_0B:79_0B:80_0B:81_0B:91_0B:93_0B:95_0B:105_0B:106_0B:107_0B;32,31,17,3,2,1,0,14,28,42,56,70,84,98,112,113,114,115,116,130,144,145,146,132,133,134;15,16,30,44,58,72,86;61,62,48,34,35,36,37,23,24,25,26,40,54,68,82,96,110,109,108,94;141,155,169,183,184,185,186,187,188,189,190,191,192,193,194,195,181,167,153,139,125,111,97,83,69,55,41,27,13,12,11,10,9,8,22,21;39,53,67,66,65,64,78,92;38,52,51,50,49,63;29,43,57,71,85,99,100,101,102,103,117,131;5,4,18;182,168,154,140,126,127,128,129,143,157,158,159,160,161,147,148,149,150;135,136,137,151,165,164,163,162;45,59,73,87,88,89,90,104,118,119,120,121,122,123,124,138,152,166,180,179,178,177,176,175,174,173,172,171,170,156,142
14+B:I,0,137,10,,70_0B:71_0B:72_0B:73_0B:84_0B:87_0B:98_0B:101_0B:112_0B:115_0B:116_0B:117_0B:118_0B:126_0B:132_0B:133_0B:134_0B:140_0B:154_0B:168_0B:182_0B:183_0B;94,80,66,52,51,50,36,22,23,24,25,26,40,54,55,69;100,114,128,129,130,131,145,146,147,148,149,135,121,122,123,137,151,165,179;91,90,89,75,61,47,46,45,44,43,29,28,14,0,1,2,3,17,18,19,20,21,35,49,63,64,65,79,93,107,108,109,110,124,138,152,166,180,194,193,192,191,190,189,188,187,186,185,184,170,169,155;106,92,78,77,76,62,48,34,33,32,31,30,16,15;143,144,158,159,160,161,162,163,164,150,136;68,82,83,97,111,125,139,153,167,181,195;4,5,6,7,8,9,10,11,12,13,27,41;86,85,99,113,127,141,142,156,157,171,172,173,174,175,176,177,178;42,56,57,58,59,60,74,88,102,103,104,105,119,120;96,95,81,67,53,39,38,37
14+B:I,0,138,11,,155_0B:156_0B:157_0B:158_0B:159_0B:160_0B:161_0B:162_0B:163_0B:164_0B:165_0B:166_0B:167_0B:169_0B:181_0B;26,40,39,38,52,51,50,49,48,47,61,60,74,88,102,101,100,86,72,58,44,30,31;82,96,110,124,138,137,151,150,149,148,147,146,145,144,143,142,141,140,154,168,182,183,184,170,171,172,173,174,175,176,177,178,179,180,194,195;62,76,75;87,73,59,45,46,32,33,34,35,36,37,23,24,25;152,153,139,125,111,97,83,69,68;63,77,78,79,80;22,21,20,19,18,17,16,15,29,43,57,71,85,99,113,114,115,116,117,118,119,120,121,107,108;185,186,187,188,189,190,191,192,193;89,90,91,92,93,94,95,109,123,122,136,135,134,133,132,131,130,129,128,127,126,112,98,84,70,56,42,28,14,0,1,2,3,4,5,6,7,8,9,10,11,12,13,27,41,55,54,53;64,65,66,67,81;103,104,105,106
14+B:I,0,139,13,,88_0B:102_0B:116_0B:130_0B:144_0B:145_0B:146_0B:147_0B:148_0B:162_0B:176_0B:190_0B:191_0B:192_0B;39,53,67;31,17,3,2,1,0,14,28,42,56,70,84,98,112,126,140,154,168,182,183,184,185,186,187,188,189,175,161,160,159,158;99,113,127,141,155;30,44,45,46,32,18,4,5,6,7,8,9,10,11,12,13,27,41,55;151,137,123,122,121,120,119,118,104;35,34,48,62,61,60,59,58,72;79,80,81,82,96,110,109,108,107,106,105,91,90,89,103,117,131,132,133,134,135,149,163,177,178;136,150,164,165,179,193,194,195,181,167,153,139;95,94,93,92;47,33,19,20,21,22,36;78,64,65,66,52,38;169,170,156,142,128,114,100,86,85,71,57,43,29,15,16;180,166,152,138,124,125,111,97,83,69,68,54,40,26,25,24,23,37,51,50,49,63,77,76,75,74,73,87,101,115,129,143,157,171,172,173,174
14+B:I,0,140,12,,57_0B:71_0B:72_0B:73_0B:74_0B:75_0B:76_0B:77_0B:78_0B:79_0B:80_0B:81_0B:95_0B:109_0B:123_0B:137_0B:151_0B:152_0B:166_0B:167_0B:181_0B:195_0B;120,134,135,149,163,177,178,179;155,156,142,143,144,158,172,173,174,175,176,162,148,147,133,119;161,160,146,132,118,104,105,106,107,121,122,136,150,164,165;98,84,70,56,42,28,14,0,1,2,3,4,5,6,7,8,9,10,11,12,13,27;108,94,93,92,91,90,89,88,102,116,130,129;180,194,193,192,191,190,189,188,187,186,185,184,183,182,168,154,140,126,112,113,99,100;157,171,170,169;103,117,131,145,159;39,38,37,36,35,34,33,32,18,17,16,15,29,43,44,58,59,60,61,62,63,64,65,66,67,68,82,96,110,124,138;153,139,125,111,97,83,69,55,41,40,26,25,24,23,22,21,20,19;141,127,128,114,115,101,87,86,85;54,53,52,51,50,49,48,47,46,45,31,30
14+B:I,0,141,14,,116_0B:117_0B:123_0B:124_0B:125_0B:130_0B:137_0B:139_0B:143_0B:144_0B:146_0B:147_0B:148_0B:149_0B:150_0B:151_0B:153_0B:157_0B:167_0B:171_0B:181_0B:185_0B:186_0B:187_0B:188_0B:189_0B:190_0B:191_0B:192_0B:193_0B:194_0B:195_0B;63,64,65,79;106,105,91,90,89,88,87;51,50,49,48,62,76,77,78,92,93,107,121,120,119,118,104,103,102,101,115,129,128,142,156,170,184,183,182,168,154,140,126,112,98,84,70,56,42,28,14,0,1,2,16,17,31,45,59,60;46,32,18,19;180,179,178,177,176,175,174,173,172,158;94,95,81,67,53,39,40;22,21,20,34,33,47,61,75,74,73,72,86,100,114,113,127,141,155,169;138,152,166,165,164,163,162,161,160,159,145,131,132,133,134,135,136,122,108,109,110,96,82,68,54;58,44,30;9,8,7,6,5,4,3;15,29,43,57,71,85,99;111,97,83,69,55,41,27,13,12,11,10;23,37,36,35;26,25,24,38,52,66,80
14+B:I,0,142,10,,26_0B:40_0B:54_0B:68_0B:82_0B:96_0B:110_0B:124_0B:138_0B:140_0B:141_0B:142_0B:143_0B:144_0B:145_0B:146_0B:152_0B:160_0B:166_0B:174_0B:175_0B:176_0B:177_0B:178_0B:179_0B:180_0B;85,84,70,56,42;64,63,62;107,121,135,134;159,158,157,156,155,154,168,182,183,184,185,186,187,188,189,190,191,192,193,194,195,181,167,153,139,125,111,97,83,69,55,41,27,13,12,11,10,9,8,7,6,5,4,3,2,1,0,14,28,29,43,57,71,72,86,87,88,74;169,170,171,172,173;73,59,58,44,30,31,32,33,34,35,36,37,38,52,66,80,94,108,122,136,150,149,148;76,90,89,103,102,101,100,99,98,112,126,127,128,129,130,131,132,133,147,161,162,163,164,165,151,137,123,109,95,81,67,53,39,25,24,23,22,21,20,19,18,17,16,15;104,105,91,77,78;60,61,75;45,46,47,48,49,50,51,65,79,93,92,106,120,119,118,117,116,115,114,113
14+B:I,0,143,10,,34_0B:35_0B:49_0B:62_0B:63_0B:75_0B:76_0B:89_0B:103_0B:117_0B:128_0B:129_0B:130_0B:131_0B:142_0B:151_0B:152_0B:153_0B:156_0B:157_0B:158_0B:159_0B:160_0B:161_0B:167_0B:175_0B:176_0B:181_0B:190_0B:191_0B:192_0B:193_0B:194_0B:195_0B;26,25,39,53,67,81,95,109,108,107;119,105,91,77,78,64,50,36,22,21,20,19,18,17,16,15,29,43,57,71;79,65,51,37,23,9,8,7,6,5,4,3,2,1,0,14,28,42,56,70,84,98,112,126,140,154,168,182,183,184,185,186,187,188,189;149,135,121,122,123,124,110,96,82,68,54,40;179,178,177,163,162,148,147,146,145,144,143;46,45,59,73,87,101,100;90,104,118,132,133,134,120;174,173,172,171,170,169,155,141,127,113,99,85,86,72,58,44,30,31,32,33;114,115,116,102,88,74,60,61,47,48;106,92,93,94,80,66,52,38,24,10,11,12,13,27,41,55,69,83,97,111,125,139,138,137,136,150,164,165,166,180
14+B:I,0,144,9,,3_0B:17_0B:18_0B:19_0B:33_0B:47_0B:61_0B:75_0B:89_0B:103_0B:117_0B:118_0B:119_0B:120_0B;4,5,6,20,34,48,62,76,90,104,105,106,107,108,122,136,150,149,148,147,146,160,159;45,44,58,72,86,100;37,38,39;176,177,178,179,180,166,152,138,124,110,96,82,81,80,79,78,64;143,129,130,116,102,88,74;27,13,12,11,10,9,8,7,21,35,36,50,51,52,53;54,68,67,66,65;121,135,134,133,132,131,145,144,158,157,156,142,128,114,115,101,87,73,59,60,46,32,31,30,16,2,1,0,14,28,42,56,70,84,98,112,126,140,154,168,182,183,184,185,186,187,188,189,190,191,192,193,194,195,181,167,153,139,125,111,97,83,69,55,41,40,26,25,24,23,22;49,63,77,91,92,93,94,95,109,123,137,151,165,164,163,162,161,175,174,173,172,171,170,169,155,141,127,113,99,85,71,57,43,29,15
14+B:I,0,145,10,,3_0B:4_0B:5_0B:6_0B:7_0B:8_0B:15_0B:16_0B:17_0B:22_0B:29_0B:36_0B:43_0B:50_0B:57_0B:64_0B:71_0B:78_0B:92_0B:106_0B:118_0B:119_0B:120_0B:132_0B:145_0B:146_0B;133,147,148,149,150,136,122,108,94,80;130,131,117,103,104,90,76;39,53,54,55;89,75,61,62,48,49,35,21,20,19,18,32,31,45,59,73,87,101,100,114,128,142,156,157,158,159,160,161,162,163,164,165,151,137,123,109,95,81;41,40,26,25,24,38,52,66,67,68,69;63,77,91,105;30,44,58,72,86,85,99,113,127,141,155,169,170,171,172,173,174,175,176,177,178,179,180,166,152,138,124,110,96,82,83;97,111,125,139,153,167,181,195,194,193,192,191,190,189,188,187,186,185,184,183,182,168,154,140,126,112,98,84,70,56,42,28,14,0,1,2;27,13,12,11,10,9,23,37,51,65,79,93,107,121,135,134;144,143,129,115,116,102,88,74,60,46,47,33,34
14+B:I,0,146,15,,23_0B:37_0B:38_0B:39_0B:40_0B:46_0B:47_0B:48_0B:54_0B:55_0B:60_0B:62_0B:69_0B:71_0B:72_0B:73_0B:74_0B:76_0B:83_0B:85_0B:90_0B:91_0B:92_0B:97_0B:106_0B:111_0B:120_0B:125_0B:134_0B:139_0B:148_0B:153_0B:162_0B:167_0B:176_0B:181_0B:190_0B:191_0B:192_0B:193_0B:194_0B:195_0B;68,82,96,110,124,138,152,166,180,179,178;150,136,122,108,94,80,66,65,64;173,159,160;119,105,104,103,102,101,100,99,113,127,141;185,184,183,182,168,154,140,126,112,98,84,70,56,42,28,14;61,75,89,88,87,86;118,117,116,115,114,128,142;164,165,151,137,123,109,95,81,67,53,52,51,50,36,22;170,171,172,186,187,188,189;44,30,16,2,3,4,5,6;174,175,161,147,133,132,131,130,129,143,157,156,155,169;158,144,145,146;41,27,13,12,11;177,163,149,135,121,107,93,79,78,77,63,49,35,34,33,32,31,45,59,58,57,43,29,15,1,0;17,18,19,20,21,7,8,9,10,24,25,26
14+B:I,0,147,13,,74_0B:84_0B:85_0B:86_0B:87_0B:88_0B:98_0B:103_0B:112_0B:113_0B:114_0B:115_0B:116_0B:117_0B;120,121,122,123,124,110,96,82,68,54,40,26,25,24,23,22,21,20,34;162,163,164,178,192,193,194,195;45,44,58,57;76,77,78,79,65;51,52,66,80,94,93,92,91,105,119,133,134,135,136,137,138,152,166;43,42,28,14,0,1,2,3,4,5,6,7,8,9,10,11,12,13,27,41,55,69,83,97,111,125,139,153,167,181,180,179,165,151,150,149,148,147,161,160,159,158,157;176,175,174,173,172,171,170,156,142,143,144,145,146;177,191,190,189,188,187,186,185,184,183,182,168,154,140,126,127,128,129,130,131,132,118,104,90,89,75,61,62,63,64,50,36;56,70,71,72,73,59,60,46,32,31,30;102,101,100,99;29,15,16,17,18,19,33,47,48,49,35;169,155,141;37,38,39,53,67,81,95,109,108,107,106
14+B:I,0,148,12,,0_0B:1_0B:2_0B:3_0B:4_0B:5_0B:14_0B:19_0B:28_0B:33_0B:42_0B:47_0B:56_0B:57_0B:58_0B:61_0B:75_0B:89_0B:101_0B:102_0B:103_0B;17,18,32,46,60,74,88,87,86,100,114,128,142,156,170;119,105,91,77,63,49,35,21,22,23,37,38;31,30,16;70,84,98,112,126,140,154,168,182,183,184,185,186,187,188,189,190,191,192,193,194,195,181,167,153,139,125,111,97,83,69,55,41,27,13,12,11,25,24;169,155,141,127,113,99,85,71,72,73,59,45,44,43,29,15;120,106,92,78;36,50,51,52;160,161,162,163,164,165,151,137,123,109,95,81,67,53,39,40,26;64,65,66,80,94,108,122,136,150,149,148,147,146,145,159,173,174,175,176,177,178,179,180,166,152,138,124,110,96,82,68,54;79,93,107,121,135,134,133,132,118,117,116,115,129,143,157;171,172,158,144,130,131;10,9,8,7,6,20,34,48,62,76,90,104
14+B:I,0,149,13,,0_0B:1_0B:2_0B:3_0B:4_0B:5_0B:6_0B:7_0B:8_0B:9_0B:10_0B:14_0B:24_0B:28_0B:37_0B:38_0B:42_0B:51_0B:56_0B:65_0B:70_0B:79_0B:84_0B:89_0B:93_0B:98_0B:103_0B:104_0B:105_0B:106_0B:107_0B:112_0B:126_0B:140_0B:154_0B:155_0B:169_0B:170_0B:171_0B:172_0B:173_0B:174_0B;149,135,121,120,119,118,117,116,102,88;168,182,183,184,185,186,187,188,189,190,191,192,193,194,180,166,152,138,139,125,111,97,83,69,55,41,27;163,164,150,136,122,108,109,95,81,67,53,52;35,49,63,77;47,33,19,18,17,16,15,29,43,57,71,85,99,113,127,141,142,143,144,145,146,147,148,162;156,157,158,159,160,161,175,176,177,178,179,165,151,137,123,124,110,96,82,68,54,40,26,12,13;31,30,44,58,72,86,100,114,128;94,80,66;32,46,45,59,73,87,101,115,129,130,131,132,133,134;39,25,11;61,62,48,34,20,21;153,167,181,195;23,22,36,50,64,78,92,91,90,76,75,74,60
14+B:I,0,150,12,,1_0B:2_0B:3_0B:4_0B:5_0B:6_0B:7_0B:8_0B:9_0B:10_0B:15_0B:24_0B:25_0B:26_0B:29_0B:40_0B:43_0B:54_0B:57_0B:68_0B:71_0B:82_0B:95_0B:96_0B:108_0B:109_0B:121_0B:122_0B;77,76,90,89,88,87,86;52,51,50,36,35;158,172,186,187;81,80,94,93,107,106,120,134,135,149,163;47,46,60,59,58,44,30,16,17,18,19,20,21,22,23,37,38,39,53,67,66,65,79;179,178,177,176,162,148,147,133,119,118,117,116,115,114,113,127,141,155,169,170;125,139,138;45,31,32,33,34,48,49,63,64,78,92,91,105,104,103,102,101,100,99,85,84,70,56,42,28,14,0;180,166,165,164,150,136,137,123,124,110,111,97,83,69,55,41,27,13,12,11;62,61,75,74,73,72;143,144,145,159,173,174,188;151,152,153,167,181,195,194,193,192,191,190,189,175,161,160,146,132,131,130,129,128,142,156,157,171,185,184,183,182,168,154,140,126,112,98
