10:12,0,1,9;27,37,47,57;87,97,107,117,118,119,109,99,89;75,74,84,83,82,72,62,52,53,54,44,34,24,23,22,32,31,30,40,50,60,70,80,90,100,101,102,103,104,105,106,96,86;66,65,55,45,35,25,15,14,13,12,11,21,20;116,115,114,113,112,111,110;108,98,88,78,79,69,59,49,39,29,19,9,8,7,6,5,4,3,2,1,0,10;33,43,42,41,51,61,71,81,91,92,93,94,95,85;64,63,73;76,77,67,68,58,48,38,28,18,17,16,26,36,46,56
10:12,0,2,8;91,101,102,103,93,94,95,96,97,87,77,78,68,58,48,47,46,45,44,54,64,63,62,72;90,80,81,71,61,51,41,31,21,11,12,13,14,15,16,17,18,8;53,52,42,32,22,23,24,25,26,27,28,29,19,9;88,98,108,107,106,105,104;84,85,86,76,66,67,57;43,33,34,35,36,37,38,39,49,59,69,79,89,99,109,119,118,117,116,115,114,113,112,111,110,100;92,82,83,73,74,75,65,55,56;7,6,5,4,3,2,1,0,10,20,30,40,50,60,70
10:12,0,3,8;28,38,48,58,57,56,55,65,75;46,47,37,27,17,18;60,50,40,30,20,10,0,1,2,3,4,5,15,25,24,34,33,43,53,54;12,11,21,31,41,51,61,71,70,80,90,100,110,111,112,113,114,104,105,106,107,108,98,88,78,68,67,66,76,86,85,84,83;14,13,23,22,32,42,52,62,63,64,74;92,93,94,95,96,97,87,77;115,116,117,118,119,109,99,89,79,69,59,49,39,29,19,9,8,7,6,16,26,36,35,45,44;73,72,82,81,91,101,102,103
10:12,0,4,7;47,57,67,77,87,97,107,106,105;92,82,83,84,85,75,65,55,45,35,34,33,43,42,52;113,112,111,110,100,90,80,70,60,50,40,30,20,10,0,1,2,3,4,5,6,7,8,9,19,29,39,49,59,69,79,89,99,109,119;32,22,23,24,25,26,16,17,18,28,38,48,58,68,78,88,98,108,118;44,54,64,74,73,72,71,81,91,101,102,103,104,114,115,116,117;27,37,36,46,56,66,76,86,96,95,94,93;53,63,62,61,51,41,31,21,11,12,13,14,15
10:12,0,5,7;64,54,44,34,24,14,4,3,2,1;0,10,11,12,13,23,33,43,53,63,73,74,75,65,55,45,35,25,15,5,6,7,8,18,28,38,39,49,59,69,79,89,99,109,119,118,117,116,115,114,113,112,111,110,100,90,80,70,60,50,40,30;9,19,29;16,26,36,46,56,57,67,77,87,97,96,95,94,93,92,91,81;31,41,51,61,71,72,82,83,84,85,86,76,66;101,102,103,104,105,106,107,108,98,88,78,68,58,48,47,37,27,17;20,21,22,32,42,52,62
10:12,0,6,9;89,99,109,119,118,117;54,44,34,35,36;57,56,66,76;33,43,53,63,64,74;8,9,19,29,39,49,59,69,79,78,88,98,97,96,95,105,104,103,102,101,91,81;71,61,51,41,31,21,11,12,13,14,15,16,26,27,37,47,46,45,55,65,75;83,73,72,62,52,42,32,22,23,24,25;82,92,93,94,84,85,86,87,77,67,68,58,48,38,28,18,17,7,6,5,4,3,2,1,0,10,20,30,40,50;60,70,80,90,100,110,111,112,113,114,115,116,106,107,108
10:12,0,7,7;27,37,36,35,34,44,54,64;38,28,18,17,16,26,25,24,23,22;31,21,11,12,13,14,15,5,6;7,8,9,19,29,39,49,48,47,46,45,55,65,75,74,73,63,53,43,33,32;4,3,2,1,0,10,20,30,40,41,42,52,62,72,82,83,84,85,86,76,66,56,57,58,59,69,79,89,99,109,119,118,117,116,115,114,113,112,111,110,100,90,80,70,60;50,51,61,71,81,91,101,102,103,104,105,106,107,108,98,88,78,68;67,77,87,97,96,95,94,93,92
10:12,0,8,8;30,20,21,22,23,13,14,15,16,26,36,46,56,55,54,53,63,73,72,82,92,93,94,95,85,86,76,77;51,61,71,81,91,101,102,103,104,105,106,96,97,87;35,45,44,43,42,52,62;75,74,84,83;64,65,66,67,57,47,37,27;107,108,98,88,78,68,58,48,38,28,18,17,7,6,5,4,3,2,12,11;1,0,10;25,24,34,33,32,31,41,40,50,60,70,80,90,100,110,111,112,113,114,115,116,117,118,119,109,99,89,79,69,59,49,39,29,19,9,8
10:12,0,9,6;32,33,34,35,36,37,47,57,67,77,87,86,85,84,83,73,72,71,81,91,101,102,103,104,105,106,107,108;99,109,119,118,117,116,115,114,113,112,111,110,100,90,80,70,60,61,62,63,64,65,55;40,50,51,52,53,54,44,45,46,56,66,76,75,74;89,79,69,59,49,39,29,19,18,17,16,15,14,13,12;11,21,22,23,24,25,26,27,28,38,48,58,68,78,88,98,97,96,95,94,93,92,82;9,8,7,6,5,4,3,2,1,0,10,20,30,31,41,42,43
10:12,0,10,5;86,76,66,56,46,36,35,34,33,32,31,30,40,50;62,52,53,54,64,74,75;72,71,81,91,101,102,103,104,105,106,107,108,98,88,78,68,58,48,38,28,18,17,16,15,14,13,12,11;82,92,93,94,95,96,97,87,77,67,57,47,37,27,26,25,24,23,22,21,20,10,0,1,2,3,4,5,6,7,8,9,19,29,39,49,59,69,79,89,99,109,119,118,117,116,115,114,113,112,111,110,100,90,80,70,60,61,51,41,42,43,44,45,55,65;85,84,83,73,63
11:13,0,11,7;8,9,10,21,32,43,54,65,76,87,98,97,96,95,94,93,82,71,60;40,51,62,73;112,101,102,91,80,69,58,47,36,37,38,39,28,29,30,41,52,63,74;130,119,118,117,116,115,114,113,124,123,122,111,100,89,90,79,68,57,46,35,24,25,26,27;129,128,127,126,125,136,135,134,133,132,121,110,99,88,77,78,67,56,45,34,23,12,13,14,15,16,17;85,86,75,64,53,42,31,20,19,18,7,6,5,4,3,2,1,0,11,22,33,44,55,66;137,138,139,140,141,142,131,120,109,108,107,106,105,104,103,92,81,70,59,48,49,50,61,72,83,84
11:13,0,12,9;30,41,40,51;86,85,84,95,106,105,104,103,102;17,16,27,26,25;0,1,2,3;58,57,56,55,44,33,22,11,12,13,14,15,4,5,6,7,8,9,10,21,32,43,54,65,76,87,98,109,108,119,130,129,128,127,126,125,124,123,122,111,100,89,78,79,80,81,82,71,60,49;24,35,36,37,38,39,28,29,18,19,20,31,42,53,64,75,74,73,72,83,94,93,92,91,90,101,112,113,114,115,116,117,118,107,96,97;59,70,69,68,67,66,77,88,99,110,121,132,133,134,135,136,137,138,139,140,141,142,131,120;52,63,62,61,50;48,47,46,45,34,23
11:13,0,13,8;1,0,11,22,33,44,55,66,77,78,89,90,91,92;14,25,26,27,28,39,40,41,52,63,74,85,96,107,106,117,116,115,114,113,112;83,72,61,60,59,48;57,46,35,24,13,2,3,4,5,6,7,8,9,10;118,129,128,127,126,125,124,123,122,111,100,101,102,103,104,105,94,95,84,73,62,51,50,49,38,37,36,47,58,69,70,71;142,131,120,109,98,87,76,65,54,43,32,21,20,19;93,82,81,80,79,68,67,56,45,34,23,12;88,99,110,121,132,133,134,135,136,137,138,139,140,141,130,119,108,97,86,75,64,53,42,31,30,29,18,17,16,15
11:13,0,14,10;112,101,90,79,68,57,46,35,36,37,38,39,40,51,62,73,84,95,96,97,98,87,76,75,64,53,42,31,20,19,18,17,16,15;47,58,59,60;48,49,50,61;123,124,113,102,91,80,69,70,71,72,83,94,105,106;65,54,43,32,21,10,9,8,7,6,5,4,3,14;2,13,12,23,34,45,56,67,78,89,100,111,122,133,134,135,136,137,138,139,140,141,142,131,120,109;82,93,104,115,116,117,118;81,92,103,114,125,126,127,128,129,130,119,108,107;132,121,110,99,88,77,66,55,44,33,22,11,0,1;24,25,26,27,28,29,30,41,52,63,74,85,86
11:13,0,15,8;36,37,38,49,50,61,72,83,84,85,86,87,98,109,120,131,142,141,140,139,128;42,31,20,19;115,114,113,112,101,90,79,68,57,56,45,34,23,12,13,14,15,16,17,18,29,30,41,52,63,64,65,76;119,108,107,106,105,104,103,102,91,80,69,58,47,46,35,24,25,26,27,28,39,40,51,62,73,74,75;97,96,95,94,93,92,81,70;53,54,43,32,21,10,9,8,7,6,5,4,3,2,1,0,11,22,33,44,55,66,67,78,89,100,111,122,123,124,125,126,127,116,117,118,129,130;48,59,60,71,82;138,137,136,135,134,133,132,121,110,99,88,77
11:13,0,16,10;114,113,112;134,133,132,121,110,99,88,77,66,55,44,33,22,11,0,1,2,3,4,5,6,7,8,9,20;31,30,19,18,17,16,15,14,13,12,23,34,45,56,67,78,89,100,111,122;48,49,60,61,62,73,84,95,106,117,128,139,140,141,142,131;10,21,32,43,54,65,76,87,98,109,120;119,108,97,86,75,64,53,42,41;125,126,115,104,103,102,101,90,79,68,57,46,35,24,25,26,27,28,29,40;69,80,91,92;123,124,135,136,137,138,127,116,105,94,83,72,71;130,129,118,107,96,85,74,63,52,51,50,39,38,37,36,47,58,59,70,81,82,93
11:13,0,17,10;69,80,79,78;17,16,15,14,13,12,23,34,45,56,57,58,59,70,71,72,61;53,52,63,74,85,96,107,106,105,104,103,102,101,112;84,95,94,93;83,82,81,92,91,90,89,100,111,122,123,124,113,114,115,116,117,118;36,37,38,39,50,51,62,73;60,49,48,47,46,35,24,25,26,27,28,29,18,19,20;30,31,32,21,10,9,8,7,6,5,4,3,2,1,0,11,22,33,44,55;64,75,86,97,108,119,130,129,128,127,126,125;68,67,66,77,88,99,110,121,132,133,134,135,136,137,138,139,140,141,142,131,120,109,98,87,76,65,54,43,42,41,40
11:13,0,18,9;103,114,113,112,101,90,79,80,69,70,71,72,73,74,85,86,97,108,119,130,141,142;94,105,106,117,128,139,140;21,32,43,42,41,40,39,38,37,36,35,46,45,56;75,64,63,62,61,60,59,58,57,68,67,78,89,100,111,122,123,124,125,126;19,8,7,6,5,4,3,2,1,0;102,91,92,81,82,83,84,95,96,107,118,129;18,17,16,15,14,13,12,11,22,33,44,55,66,77,88,99,110,121,132,133,134,135,136,137,138,127,116,115,104,93;34,23,24,25,26,27,28,29,30,31,20,9,10;131,120,109,98,87,76,65,54,53,52,51,50,49,48,47
11:13,0,19,8;125,126,127,128,129,118,107,96,85,74,63,52,41,30,29;56,67,78,89,100,111,122,123,134,135,136,137,138,139,140,141,130,119,108,97,86,75,64,53,42,31,20,19,18;106,95,84,73,62,51,40,39,28,17,16,15,14,13,12;105,94,83,72,61,50,49,38,27,26,25,24,23,22,11,0,1,2,3,4,5,6,7,8,9,10,21,32,43,54,65,76,87,98,109,120,131,142;124,113,112,101,90;114,103,102,91,80,79,68,57,46,45,44,55,66,77,88,99,110,121,132,133;37,48,59,60,71,82,93,104,115,116,117;92,81,70,69,58,47,36,35,34,33
11:13,0,20,5;60,71,82,93,104,103,102,101,100,111;105,94,83,72,61,50,49,48,59,70,81,92,91,90,89,88,99,110;121,122,123,124,125,126,127,128,129,130,119,108,97,86,75,64,53,42,31,20,19,18,17,16,15,14,13,12,23,34,45,56,67,68;57,46,35,24,25,26,27,28,29,30,41,52,63,74,85,96,107,118;132,133,134,135,136,137,138,139,140,141,142,131,120,109,98,87,76,65,54,43,32,21,10,9,8,7,6,5,4,3,2,1,0,11,22,33,44,55,66,77,78,79,80,69,58,47,36,37,38,39,40,51,62,73,84,95,106,117,116,115,114,113,112
12:14,0,21,8;43,44,32,33,34,35,47,59,71,83,95,107,119,131,143,155,154,153,152,151,150,149,148,147,146,145,133;58,70,82,94,106,118,130,142,141,140,139,138,137,136,135,134,122,121,109,97,85,73,61,49,37,25,13,14,15,16,17,18;167,166,165,164,163,162,161,160,159,158,157,156,144,132,120,108,96,84,72,60,48,36,24,12,0,1,2,3,4,5,6,7,8,9,10;46,45,57,56,55,54,42,41,40,39,51,63,75,87,99,100,101,102,103;77,78,79,80,92;11,23,22,21,20,19,31,30,29,28,27,26,38,50,62,74,86,98,110,111,112,113,114,115,116,104;53,65,66,67,68,69,81,93,105,117,129,128,127,126,125,124,123;52,64,76,88,89,90,91
12:14,0,22,9;123,111,99,100,88,89,77,65,64,63,51,39,27,15,3,2;112,113,114,115,103,91,79;150,151,152,153,154,142,130,118,106,94,82,70,58,46,34,22;1,0,12,24,36,48,60,72,84,96,108,120,132,144,156,157,158,159,160,161,162,163,164,165,166,167,155,143,131,119,107,95,83,71,59,47,35,23,11,10,9,8,7,6,5,4,16,28,40,52,53;14,26,38,50,62,74,86,98,110,122,134,135,136,124,125,126,127,128,116,104,92,80,68,56,44,32,20,19;30,31,43,55,67,66,78,90,102,101;87,75,76;18,17,29,41,42,54;13,25,37,49,61,73,85,97,109,121,133,145,146,147,148,149,137,138,139,140,141,129,117,105,93,81,69,57,45,33,21
12:14,0,23,9;6,5,17,29,41,53,65,64,76,88,100,112,113,114,115,116,117,105,93,81,69,68,56,44,32,20,21;22,34,33;77,89,101,102,103,104,92,80,79,67,55,43,31,19,7,8,9,10,11,23,35;91,90,78,66,54,42,30,18;155,167,166,165,164,163,162,161,160,159,158,157,156,144,132,120,108,96,84,72,60,48;37,36,24,12,0,1,2,3,4,16,28,40,52,51,63,62,74,86,98,110,122,134,135,136,137,138,139,140,141,129,130,118,106,94,82,70,58,57;39,27,15,14;45,46,47,59,71,83,95,107,119,131,143,142,154,153,152,151,150,149,148,147,146,145,133,121,109,97,85,73,61,49,50,38,26,25,13;128,127,126,125,124,123,111,99,87,75
12:14,0,24,10;47,35,23,11,10,9,8,7,6,5,4,3,15,27;13,25,37,49,50,51,52,53,65,77,76,75,74,73,85;156,157,158,159,160,161,149,150,151,152,153,154,142,130,118,106,94,82,70,58,46,34,22,21,20,19,18,17,16,28,40,39,38,26,14,2,1,0,12,24,36,48;59,71,83,95,107,119,131,143,155,167,166,165,164,163,162;41,29,30,31,32,33,45,57,69,81,93,105,117,129,141,140,139;66,78,90,102,101,100,99,111,110,122;138,137,136,148,147,146,145,144,132;54,55,67,79,91,103,115,114,113,112;64,63,62,61,60,72,84,96,108,120,121,133,134,135,123,124,125,126,127,128,116,104,92,80,68,56,44,43,42;89,88,87,86,98,97,109
12:14,0,25,9;76,75,74,73,85,97,109,121,133,145,146,147,148,149,161,162,163,151,139,127,126,125,113,112;105,117,129,141,153;77,65,64,63,62,61,60,72,84,96,108,120,132,144,156,157,158,159,160;114,115,116,128,140,152,164,165,166,154,142,130,118,106,94,82,70,58,46,34,22,21,20,19,18,17,29,28,27,26;3,2,14,13,25,37,38,39,40,41,42,30,31,32,33,45,57,69,81,93,92,104,103,102,101,100,99,111,123,124;1,0,12,24,36,48,49,50,51,52,53,54,66,78;44,56,68,80;167,155,143,131,119,107,95,83,71,59,47,35,23,11,10,9,8,7,6,5,4,16,15;43,55,67,79,91,90,89,88,87,86,98,110,122,134,135,136,137,138,150
12:14,0,26,8;39,40,41,42,43,44,45,57,69,81,80,79,67,66,65,64,63,62,74,86,98,110,122,123;104,116,115,114,126,138,150,162,161,160,159,158,157,156,144,132,120,108,96,84,72,60,48,36,24,12,0,1,2,3,4,5,6,7,8,9,10,11;167,166,165,164,163,151,139,127,128,129,117,105,93,92;27,26,38,50,51,52,53,54,55,56,68;103,91,90,78,77,76,75,87,99,111,112,124,136,135,134,133,121,109,97,85,73,61,49,37,25,13,14,15,16,17,18,19,20,21,22,23,35,47,59,71,83,95,107,119,131,143,155,154,153,152;140,141,142,130,118,106,94,82,70,58,46,34,33,32,31,30,29,28;145,146,147,148,149,137,125,113,101,102;100,88,89
12:14,0,27,10;48,49,37,25,13,14,2,3,4,5,6,7,8,9,10,11,23,35,34,33,32,31,30,29,28,40,52,64,76,88,87,99;116,115,127,126,138,137,136,135,123,111,112,100,101,89,77,65,53,41;139,140,128;1,0,12,24,36;47,46,45,44,43,42,54,66,78,90,102,103;22,21,20,19,18,17,16,15,27,39,51,63,75,74,86,98,110,122,134;167,155,143,131,119,107,95,83,71,59,58,57,56,55,67,79,91,92,104;26,38,50,62,61,73,85,97,109,121,133,145,146,147,148,149,150,151,152,153,141,129,117,105,93,81,80,68;114,113,125,124;60,72,84,96,108,120,132,144,156,157,158,159,160,161,162,163,164,165,166,154,142,130,118,106,94,82,70,69
12:14,0,28,8;57,58,70,82,94,106,118,130,142,154,153,152,151,150,149,148,147,146,145,133,121,109,97,85,73,61;31,32,33,34,35,23;22,21,20,19,18,17,16,15,14,13,25,37,38,39,51,52,64,76;49,50,62,74,86;111,123,124,125,126,127,128,116,104,92,80,79,67,66,65,53,41,40,28,27,26;63,75,87,88,89,101,102;77,78,90,91,103,115,114,113,112,100,99,98,110,122,134,135,136,137,138,139,140,141,129,117,105,93,81,69,68,56,55,54,42,30,29;43,44,45,46,47,59,71,83,95,107,119,131,143,155,167,166,165,164,163,162,161,160,159,158,157,156,144,132,120,108,96,84,72,60,48,36,24,12,0,1,2,3,4,5,6,7,8,9,10,11
12:14,0,29,11;154,153,152,151,150,138,126,125,113;70,58,46,34,22,23;44,32,31,30,29,28,27,26,38,50;134,135,123,111,99,87,88,89,77,65;79,67,55,43,42,41,40,39,51,63,62;11,10,9,8,7,6,5,4,3,2,1,0,12,24,36,48,60,72,84,96,108,120,132,144,156,157,158,159,160,161,149,137,136,124,112,100,101,102,114,115,127,139,140,141,142;69,57,45,33,21,20,19,18,17,16,15,14,13,25,37,49,61,73,85,97,109;35,47,59,71,83,95,107,119,118,117,105,93,92,91,90,78,66,54,53,52,64,76,75,74;106,94,82,81,80,68,56;103,104,116,128,129,130,131,143,155,167,166,165,164,163,162;86,98,110,122,121,133,145,146,147,148
12:14,0,30,7;123,124,125,126,127,128,116,104,92,80,68,56,44,32,31,30,29,28,27,26,25,24,36,48;146,147,148,149,150,151,152,153,154,142,130,118,106,94,82,70,58,46,34,22,10,9,8,7,6,5,4,3,2,1,0;102,90,78,66,54,42,41,40,39,38,37,49,61,60;85,86,87,75,63,64;76,88,100,99,98,97,109,121,133,145,157,158,159,160,161,162,163,164,165,166,167,155,143,131,119,107,95,83,71,59,47,35,23,11;12,13,14,15,16,17,18,19,20,21,33,45,57,69,81,93,105,117,129,141,140,139,138,137,136,135,134,122,110,111,112,113,114,115,103,91,79,67,55,43;156,144,132,120,108,96,84,72,73,74,62,50,51,52,53,65,77,89,101
