10:12+B,0,1,7,,11_0B:12_0B:13_0B:14_0B:15_0B:16_0B:21_0B:26_0B:27_0B:31_0B:37_0B:41_0B:47_0B:51_0B:52_0B:56_0B:57_0B:62_0B:66_0B:72_0B:76_0B:77_0B:78_0B:82_0B:88_0B:92_0B:98_0B:99_0B:102_0B:103_0B:104_0B:105_0B;46,36,35,25,24,23,22,32,42,43,53,63,73,83,84,85,86,87,97,107,108,109;119,118,117,116,106,96,95,94,93;101,91,81,71,61;67,68,58,48,38,28,18,17,7,6,5,4,3,2,1,0,10,20,30,40,50,60,70,80,90,100,110,111,112,113,114,115;33,34,44,54,64,74;75,65,55,45;8,9,19,29,39,49,59,69,79,89
10:12+B,0,2,5,,5_0B:15_0B:24_0B:25_0B:33_0B:34_0B:43_0B:53_0B:63_0B:73_0B:83_0B;108,107,97,87,77,78,68,58,48,38,28,18;84,74,64,54,44,45,35;4,3,2,1,0,10,20,30,40,50,60,70,80,90,100,110,111,112,113,114,115,116,117,118,119,109,99,98;88,89,79,69,59,49,39,29,19,9,8,7,6,16,26,36,46,56,55,65,75,85,95,94,93,92,82,72,62,52,42,32,22,23;14,13,12,11,21,31,41,51,61,71,81,91,101,102,103,104,105,106,96,86,76,66,67,57,47,37,27,17
10:12+B,0,3,7,,31_0B:41_0B:51_0B:57_0B:58_0B:59_0B:61_0B:67_0B:69_0B:71_0B:75_0B:77_0B:79_0B:81_0B:85_0B:86_0B:87_0B:89_0B:91_0B:99_0B:101_0B:102_0B:103_0B:104_0B:105_0B:106_0B:107_0B:108_0B:109_0B;25,35,45,55,65;83,84,74,64,54,44,34,24,23;9,19,29,39,49,48,47,37,27,17,7,6,5,4,3,2,1,0,10;68,78,88,98,97,96,95,94,93,92,82,72,73,63,53,43,33;76,66,56,46,36,26,16,15,14,13,12,11;119,118,117,116,115,114,113,112,111,110,100,90,80,70,60,50,40,30,20,21,22,32,42,52,62;8,18,28,38
10:12+B,0,4,5,,0_0B:1_0B:2_0B:3_0B:4_0B:14_0B:15_0B:18_0B:25_0B:28_0B:32_0B:33_0B:34_0B:35_0B:38_0B:42_0B:48_0B:52_0B:58_0B:62_0B:67_0B:68_0B:72_0B:76_0B:77_0B:82_0B:83_0B:84_0B:85_0B:86_0B;78,88,98,108,107,106,105,104,103,102,101,91,81,71,61,51,41,31,21,22;74,73,63,53,43,44;24,23,13,12,11,10,20,30,40,50,60,70,80,90,100,110,111,112,113,114,115,116,117,118,119,109,99,89,79,69,59,49,39,29,19,9,8,7,17,27,37,47,57,56,66,65,75;87,97,96,95,94,93,92;5,6,16,26,36,46,45,55,54,64
10:12+B,0,5,5,,28_0B:33_0B:34_0B:35_0B:38_0B:39_0B:43_0B:49_0B:52_0B:53_0B:59_0B:62_0B:69_0B:72_0B:77_0B:78_0B:79_0B:82_0B:87_0B:92_0B:96_0B:97_0B:102_0B:103_0B:104_0B:105_0B:106_0B;42,32,22,23,24,25,26,36,46,45,44,54,64,63,73,83,93,94,95,85,86,76,66,67,68,58,48;84,74,75,65,55,56,57,47,37,27;118,119,109,99;9,8,7,6,5,4,3,2,1,0,10,20,30,40,50,60,70,80,90,100,110;29,19,18,17,16,15,14,13,12,11,21,31,41,51,61,71,81,91,101,111,112,113,114,115,116,117,107,108,98,88,89
10:12+B,0,6,5,,33_0B:34_0B:35_0B:36_0B:43_0B:46_0B:51_0B:52_0B:53_0B:56_0B:61_0B:66_0B:70_0B:71_0B:76_0B:84_0B:85_0B:86_0B:94_0B:104_0B:105_0B;95,96,97,87,77,67,57,47,37,27,26,25,24,23,22,32;117,118,119,109,99,89,79,69,59,49,39,29,19,9,8,7,6,5,4,3,2,1,0,10,20,30,40,50,60;91,101,102,103;45,44,54,64,63,62,72,82,81,80,90,100,110,111,112,113,114,115,116,106,107,108,98,88,78,68,58,48,38,28,18,17,16,15,14,13,12,11,21,31,41,42;92,93,83,73,74,75,65,55
10:12+B,0,7,5,,33_0B:34_0B:35_0B:36_0B:37_0B:43_0B:47_0B:53_0B:57_0B:63_0B:64_0B:67_0B:74_0B:77_0B:82_0B:83_0B:84_0B:87_0B:91_0B:92_0B:97_0B:101_0B:104_0B:111_0B:112_0B:113_0B:114_0B;28,27,26,25,24,23,22,32,42,52,62,72,73;105,115,116,117,118,119,109,99,89,79,69,59,49,39,29,19,9,8,7,6,5,4,3,2,1,0,10,20,30,40,50,60,70;44,54,55,65,75,85,95,94,93,103,102;110,100,90,80,81,71,61,51,41,31,21,11,12,13,14,15,16,17,18;38,48,58,68,78,88,98,108,107,106,96,86,76,66,56,46,45
10:12+B,0,8,6,,33_0B:34_0B:35_0B:36_0B:43_0B:53_0B:54_0B:64_0B:74_0B:84_0B:85_0B:86_0B:96_0B:106_0B:116_0B;103,113,114,115,105,95;102,101,91,81;56,46,47,37,27,26,25,24,23,22,32,42,52,62,63,73,83;44,45,55,65,75,76,77,87,97,107,117,118,119,109,99,89,79,69,59,49,39,29,19,9,8,7,6,5,4,3,2,1,0,10,20,30,40,50,60,70,80,90,100,110,111,112;66,67,57;108,98,88,78,68,58,48,38,28,18,17,16,15,14,13,12,11,21,31,41,51,61,71,72,82,92,93,94,104
10:12+B,0,9,8,,83_0B:84_0B:85_0B:86_0B:87_0B:88_0B:89_0B:99_0B:105_0B:106_0B:107_0B:109_0B:117_0B:118_0B:119_0B;8,7,17,16;18,28,38,39,49,59,69,79,78,77,76,75,74,64,54,44,45;116,115,114,113,112,111,110,100,90,80,70,60,50,40,30,20,10,0,1,2,3,4,5,6;67,57,56,46,36,35,34,33,43,53,63,73;55,65,66;29,19,9;68,58,48,47,37,27,26,25,24,23,22,32,42,52,62,72,82,92,93,94,95,96,97,98,108;15,14,13,12,11,21,31,41,51,61,71,81,91,101,102,103,104
10:12+B,0,10,7,,4_0B:14_0B:15_0B:16_0B:17_0B:27_0B:37_0B:44_0B:47_0B:53_0B:54_0B:57_0B:62_0B:63_0B:66_0B:67_0B:72_0B:75_0B:76_0B:82_0B:84_0B:85_0B:92_0B:93_0B:94_0B;5,6,7,8,18,28,38,48,58,68,78,88,98,108,118,117,116,115,114,113,112,111,110,100;3,2,1,0,10,20,30;119,109,99,89,79,69,59,49,39,29,19,9;83,73,74,64,65,55,56,46,36,26,25,24,23,22,32;45,35,34,33,43,42,52,51,61,71,81;95,96,86,87,77;13,12,11,21,31,41,40,50,60,70,80,90,91,101,102,103,104,105,106,107,97
11:13+B,0,11,7,,72_0B:74_0B:83_0B:85_0B:94_0B:96_0B:105_0B:107_0B:108_0B:116_0B:119_0B:120_0B:127_0B:128_0B:131_0B:139_0B:140_0B:141_0B:142_0B;109,98,97,86,75,64,63,52,51,40,39,38,37,36,47,58,57,56,55,66,77,88,99,110,121,132,133,134,135,136,125,114,103,102,91;130,129,118,117,106,95,84,73,62,61,50,49,48,59,70,81,80,79,90,101,112,113;69,68,67,78,89,100,111,122,123,124;82,71,60;34,23,12,13,14,15,16,17,18,19,20,31,42,53,54,65,76,87;43,32,21,10,9,8,7,6,5,4,3,2,1,0,11,22,33,44,45,46,35,24,25,26,27,28,29,30,41;138,137,126,115,104,93,92
11:13+B,0,12,5,,2_0B:3_0B:4_0B:5_0B:6_0B:13_0B:17_0B:24_0B:26_0B:28_0B:35_0B:37_0B:39_0B:40_0B:46_0B:48_0B:51_0B:57_0B:59_0B:60_0B:62_0B:67_0B:68_0B:71_0B:73_0B:78_0B:82_0B:84_0B:89_0B:93_0B:95_0B:100_0B:103_0B:104_0B:106_0B:111_0B:114_0B:117_0B:122_0B:125_0B:126_0B:127_0B:128_0B;7,8,19,20,31,42,53,64,75,86,97,108,119,130,129,140,139,138,137,136,135,124,113,102,91,92,81,70,69,58,47,36,25,14,15,16,27,38,49,50,61,72,83,94,105,116,115;118,107,96,85,74,63,52,41,30,29,18;1,0,11,22,33,44,55,66,77,88,99,110,121,132,133,134,123,112,101,90,79,80;12,23,34,45,56;9,10,21,32,43,54,65,76,87,98,109,120,131,142,141
11:13+B,0,13,7,,12_0B:13_0B:17_0B:18_0B:19_0B:20_0B:23_0B:28_0B:31_0B:34_0B:39_0B:41_0B:42_0B:45_0B:50_0B:52_0B:56_0B:57_0B:58_0B:59_0B:60_0B:61_0B:63_0B:74_0B:81_0B:82_0B:83_0B:84_0B:85_0B:91_0B:92_0B:102_0B:109_0B:113_0B:120_0B:124_0B:131_0B:135_0B:136_0B:137_0B:138_0B:139_0B:140_0B:141_0B:142_0B;130,129,118,117,116,115;121,122,111,100,89,78,67,68,69,70,71,72,73,62,51,40,29,30;80,79,90,101,112,123,134,133,132;36,37,26,15,4,5,6,7,8,9,10,21,32,43,54,53,64,75,86;65,76,87,98,97,96,95,94,93,104,103,114,125,126,127,128;110,99,88,77,66,55,44,33,22,11,0,1,2,3,14,25,24,35,46,47,48,49,38,27,16;119,108,107,106,105
11:13+B,0,14,5,,23_0B:24_0B:25_0B:34_0B:36_0B:45_0B:47_0B:56_0B:58_0B:62_0B:63_0B:64_0B:65_0B:67_0B:69_0B:70_0B:71_0B:76_0B:78_0B:82_0B:83_0B:84_0B:85_0B:87_0B:89_0B:90_0B:91_0B:96_0B:98_0B:102_0B:107_0B:109_0B:113_0B:114_0B:115_0B:118_0B:120_0B:129_0B:131_0B:140_0B:141_0B:142_0B;0,1,2,3,4,5,6,7,8,9,10,21,32,43,54,53,52,51,50;30,29,28,27,26,37,48,59;122,133,134,135,136,137,138,139,128,117,106,95,94,93,92,81,80,79,68,57,46,35;130,119,108,97,86,75,74,73,72,61,60,49,38,39,40,41,42,31,20,19,18,17,16,15,14,13,12,11,22,33,44,55,66,77,88,99,100,101,112,123,124,125,126,127,116,105,104,103;111,110,121,132
11:13+B,0,15,6,,36_0B:37_0B:38_0B:39_0B:40_0B:44_0B:45_0B:46_0B:47_0B:51_0B:55_0B:60_0B:61_0B:62_0B:66_0B:69_0B:70_0B:71_0B;92,93,94,83,72,73,74,63,52,41,30,29,28,27,26,25,24,35,34,33,22,11,0,1,2,3,4,5,6,7,8,9,10,21,32,43,54,65,76,87,98,97,96,107,118,117;23,12,13,14,15,16,17,18,19,20,31,42,53,64,75,86,85,84,95,106,105,104,103,102,101;50,49,48,59,58,57,68,79;109,120,131,142,141,140,139,138,137,136,135,134,133,132,121,110,99,88,77,78,67,56;108,119,130,129,128,127,116,115,114,113,112;126,125,124,123,122,111,100,89,90,91,80,81,82
11:13+B,0,16,5,,59_0B:60_0B:61_0B:62_0B:63_0B:64_0B:65_0B:76_0B:82_0B:83_0B:84_0B:85_0B:87_0B:96_0B:98_0B:107_0B:109_0B:118_0B:120_0B:129_0B:131_0B:140_0B:141_0B:142_0B;0,1,2,3,4,5,16,17,18,19,20;116,105,104,103,102,91,80,69,58,47,48,49,50,51,52,53,54,43,32,21,10,9,8,7,6;125,124,123,122,111,100,89,78,67,56,45,34,23,24,25,26,27,28,29,30,31,42;139,138,137,136,135,134,133,132,121,110,99,88,77,66,55,44,33,22,11,12,13,14,15;41,40,39,38,37,36,35,46,57,68,79,90,101,112,113,114,115,126,127,128,117,106,95,94,93,92,81,70,71,72,73,74,75,86,97,108,119,130
11:13+B,0,17,5,,12_0B:13_0B:14_0B:15_0B:16_0B:17_0B:18_0B:19_0B:20_0B:23_0B:31_0B:34_0B:36_0B:37_0B:38_0B:39_0B:40_0B:41_0B:42_0B:45_0B:47_0B:56_0B:58_0B:67_0B:69_0B:70_0B:77_0B:78_0B:88_0B:92_0B:93_0B:94_0B:95_0B:96_0B:99_0B:101_0B:102_0B:103_0B:107_0B:110_0B:116_0B:117_0B:118_0B:121_0B:122_0B:123_0B:124_0B:125_0B:126_0B:127_0B;132,133,134,135,136,137,138,139,128,129,130,119,108,97,86,85,84,83,82,81,80,79,68,57,46,35,24,25,26,27,28,29,30;63,62,61,60;91,90,89,100,111,112,113,114,115,104,105,106;66,55,44,33,22,11,0,1,2,3,4,5,6,7,8,9,10,21,32,43,54,65,76,87,98,109,120,131,142,141,140;59,48,49,50,51,52,53,64,75,74,73,72,71
11:13+B,0,18,7,,25_0B:26_0B:33_0B:34_0B:35_0B:36_0B:44_0B:55_0B:66_0B:77_0B:88_0B:99_0B:100_0B:101_0B:102_0B:103_0B:114_0B:122_0B:123_0B:124_0B:125_0B;0,11,22,23,24,13,14,15;12,1,2,3,4,5,6,7,8,9,10,21,32,43,54,65,76,87,98,109,120,131,130,129,128,127,116,105,106,107,96,85,74,63,52,41,30,29,28,39,50,49,60,59,58,57,56,67,78,89;80,81,82,83;113,112,111,110,121,132,133,134,135,136,137,138,139,140,141,142;40,51,62,61,72,71,70,69,68,79,90,91,92,93,104,115,126;45,46,47,48,37,38,27,16,17,18,19,20,31,42,53,64,75,86,97,108,119,118,117;94,95,84,73
11:13+B,0,19,9,,0_0B:1_0B:2_0B:11_0B:13_0B:22_0B:24_0B:33_0B:35_0B:36_0B:44_0B:49_0B:55_0B:56_0B:57_0B:58_0B:59_0B:60_0B;107,118,119,120,131,142,141,140,139,138,137,136,135,134,133,132,121,110,99,88,77,66,67;113,102,103,92,93,82,83,84,73,62,51,40,39,38,37,48,47,46,45,34,23,12;122,111,100,89,78,79,68,69;5,6,7,8,9,10,21,32,31,42,53,64,75,86,97,108,109;43,54,65,76,87,98;3,14,25,26,27,28,29,30,41,52,63,74,85,96,95,106,117,116,115,114;20,19,18,17,16,15,4;94,105,104;130,129,128,127,126,125,124,123,112,101,90,91,80,81,70,71,72,61,50
11:13+B,0,20,8,,0_0B:1_0B:2_0B:3_0B:4_0B:5_0B:6_0B:7_0B:8_0B:11_0B:19_0B:20_0B:22_0B:23_0B:24_0B:25_0B:31_0B:36_0B:42_0B:47_0B:53_0B:58_0B:62_0B:63_0B:64_0B:73_0B:84_0B;114,113,112,101,90,79,68,57,46,35,34,33,44,55,66,77,88,99,110,121,132,133,134,135,136,137,138,139,140,141,142,131,120,109,98,87,86,75,74;103,102,91,80,81,82,71,60,49,38,39,40;92,93,104,105,116,117,118;69,70,59,48,37,26,27,28;85,96,97;125,124,123,122,111,100,89,78,67,56,45;76,65,54,43,32,21,10,9;12,13,14,15,16,17,18,29,30,41,52,51,50,61,72,83,94,95,106,107,108,119,130,129,128,127,126,115
12:14+B,0,21,8,,73_0B:74_0B:75_0B:87_0B:99_0B:109_0B:111_0B:121_0B:123_0B:124_0B:125_0B:126_0B:127_0B:133_0B:139_0B:140_0B:141_0B:142_0B:143_0B:145_0B:146_0B:147_0B:148_0B:149_0B:155_0B:161_0B:162_0B:163_0B:164_0B:165_0B:166_0B:167_0B;29,30,31,32,33,45,57,69,81,93,105,104,103,102,101,89,88,76,64,65,66;120,132,144,156,157,158,159,160;128,129,130,131,119,107,95,83,71,59,47,35,23,11,10,9,8,7,6,5,4,3,2,1,0,12,24,36,48,49,50,38,26,27,28,40,41,42,43,44,56,68,80,92,91,90;108,96,97;39,51,52,53;154,153,152,151,150,138,137,136,135,134,122,110,98,86,85,84,72,60,61,62,63;37,25,13,14,15,16,17,18,19,20,21,22,34,46,58,70,82,94,106,118,117,116,115,114,113,112,100;54,55,67,79,78,77
12:14+B,0,22,7,,13_0B:14_0B:15_0B:16_0B:17_0B:18_0B:19_0B:20_0B:21_0B:22_0B:25_0B:34_0B:37_0B:38_0B:39_0B:40_0B:41_0B:46_0B:53_0B:54_0B:55_0B:58_0B:70_0B:78_0B:79_0B:80_0B:81_0B:82_0B:87_0B:88_0B:89_0B:90_0B:99_0B:104_0B:105_0B:106_0B:107_0B:111_0B:113_0B:114_0B:115_0B:116_0B:123_0B:124_0B:125_0B;112,100,101,102,103,91,92,93,94,95,83,71,59,47,35,23,11,10,9,8,7,6,5,4,3,2,1,0,12,24,36,48,60,72,84,96,108,120,132,144,156,157,158,159,160,161,162,163,164,152,140,141,129,117,118,119,131,143;153,165,166;130,142,154,155,167;128,127,139,151,150,149,148,147,146,145,133,121,109,97,85;56,44,43,42;126,138,137,136,135,134,122,110,98,86,74,73,61,49,50,51,52,64;62,63,75,76,77,65,66,67,68,69,57,45,33,32,31,30,29,28,27,26
12:14+B,0,23,10,,3_0B:4_0B:5_0B:6_0B:7_0B:15_0B:19_0B:27_0B:28_0B:29_0B:41_0B:53_0B:63_0B:64_0B:65_0B;52,51,50,62,74,75;119,131,143,155,167,166,165,164,163,162,150,138,126,114,102,90,89,88,87,86,85,73,61,49,37,25,24,12,0,1,2;145,133,121,109,97,98,99,100,101,113,125,137;16,17,18,30,31,32,20,8,9,10,11,23,35,47,59,71,83,95,107,106,118,130,142,154,153,152,151;13,14,26,38,39,40;34,46,58,70,82,94,93,105,117,129,141,140,139,127,115,103,91,79,67,68,56,44,43,42;36,48,60,72,84,96,108,120,132,144,156,157,158,146,134,122,110,111,112,124,136,148,149;22,21,33,45,57,69,81,80,92,104,116,128;76,77,78,66,54,55;161,160,159,147,135,123
12:14+B,0,24,5,,36_0B:37_0B:38_0B:39_0B:48_0B:51_0B:60_0B:62_0B:63_0B:72_0B:74_0B:84_0B:86_0B:87_0B:99_0B:110_0B:111_0B;75,76,64,52,40,28,27,26,25,24,12,0,1,2,3,4,5,6,7,8,9,10,11,23,35,47,59,71,83,95,107,119,131,143,155,167,166,165,164,152,140,141,129,117,105,93,81,69,57,45,33,32,31,43,55,67,79,91,103,115,114,126,138,150,149,148,147,146,145,133,132,120,108,96;123,124,112,100,88,89,77,65,53,41,29,17,16,15,14,13;98,97,109,121,122,134,135,136,137,125,113,101,102,90,78,66,54,42,30,18,19,20,21,22,34,46,58,70,82,94,106,118,130,142,154,153;144,156,157,158,159,160,161,162,163,151,139,127,128,116,104,92,80,68,56,44;85,73,61,49,50
12:14+B,0,25,6,,55_0B:56_0B:57_0B:67_0B:78_0B:79_0B:90_0B:102_0B:114_0B:126_0B:138_0B:150_0B:151_0B:152_0B:153_0B:154_0B:155_0B;13,25,37,49,61,73,85,97,109,121,133,145,146,147,148,149,137,125,113,101,89,77,65,66,54,42,43,44,45,46,58,70,82,94,106,118,130,129,128,116,104,92,80;33,32,31,30,29,28,27,15,3,4,5,6,7,8,9,10,11,23,35,47,59,71,83,95,107,119,131,143,142,141,140,139,127,115,103,91;167,166,165,164,163,162,161,160,159,158,157,156,144,132,120,108,96,84,72,60,48,36,24,12,0,1,2,14,26,38,50,62,74,86,98,110,122,134,135,136,124,112,100,88,76,64,52,53;68,69,81,93,105,117;34,22,21,20,19,18,17,16;41,40,39,51,63,75,87,99,111,123
12:14+B,0,26,7,,13_0B:14_0B:15_0B:25_0B:27_0B:37_0B:39_0B:49_0B:51_0B:63_0B:72_0B:73_0B:74_0B:75_0B:84_0B:96_0B:104_0B:108_0B:116_0B:120_0B:121_0B:122_0B:123_0B:124_0B:125_0B:126_0B:127_0B:128_0B;98,99,100,101,89,77,65,53,41,29;34,46,58,70,69,68,67;44,43,42,30,18,17,16;92,93,105,117,129,141,140,139,138,137,136,135,134,133,132,144,156,157,158,159,160,161,162,163,164,165,166,167,155,143,131,119,107,95,83,71,59,47,35,23,22,21,33,45,57,56,55,54,66,78,90,102;32,31,19,7,6,5,4,3,2,1,0,12,24,36,48,60,61,62,50,38,26;11,10,9,8,20;28,40,52,64,76,88,87,86,85,97,109,110,111,112,113,114,115,103,91,79,80,81,82,94,106,118,130,142,154,153,152,151,150,149,148,147,146,145
12:14+B,0,27,7,,0_0B:1_0B:2_0B:3_0B:4_0B:12_0B:16_0B:24_0B:28_0B:36_0B:40_0B:41_0B:48_0B:60_0B:72_0B:84_0B:96_0B:108_0B:109_0B:111_0B:121_0B:123_0B:133_0B:135_0B:145_0B:146_0B:147_0B;42,30,18;134,122,110,98,99,100,112,124,136,148,149,150,151,152,153,154,142,130,118,106,94,82,70,58,46,34,33,32;97,85,86,87,88,89,101,113,125,137,138,139,140,141,129,117,105,93,81,69,57,45,44,43,31,19,20,21,22;29,17,5,6,7,8,9,10,11,23,35,47,59,71,83,95,107,119,131,143,155,167,166,165,164,163,162,161,160,159,158,157,156,144,132,120;54,53,52,51,39,27,15,14,13,25,37,49,61,73,74,75,76;115,103,91,79,67,66;55,56,68,80,92,104,116,128,127,126,114,102,90,78,77,65,64,63,62,50,38,26
12:14+B,0,28,9,,13_0B:14_0B:15_0B:16_0B:24_0B:25_0B:28_0B:39_0B:40_0B:49_0B:50_0B:51_0B;158,159,160,161,162,163,164,165,166,167;52,53,54,55,56,57,45,33,32,31,30,18,6,7,8,9,10,11,23,35,47,59,71,83,95,107,119,131,143,155,154,153,152,151;27,26,38,37,36,48,60,72;120,108,96,84,85,73,61,62,63,64,65,66,67,68,69,70,82,94,106,118,130,129,128,127,126,125,137,136;19,20,21,22,34,46,58;104,92,91,90,89,88,87,99,111,110,122,134,146,145,157,156;103,102,101,100;144,132,133,121,109,97,98,86,74,75,76,77,78,79,80,81,93,105,117,116,115,114,113,112,124,123,135,147,148,149,150,138,139,140,141,142;12,0,1,2,3,4,5,17,29,41,42,43,44
12:14+B,0,29,10,,24_0B:36_0B:48_0B:60_0B:61_0B:73_0B:85_0B:97_0B:109_0B:110_0B:111_0B:112_0B:113_0B:114_0B:115_0B:116_0B:117_0B:118_0B:130_0B:132_0B:133_0B:134_0B:135_0B:136_0B:137_0B:138_0B:139_0B:140_0B:142_0B:152_0B:153_0B:154_0B;86,98,99,100,101,102,103,104,92,80,79,78,77,76,64,52;105,93,81;20,21,22,34,46,58,70,82,94,106,107,119,131,143,155,167,166,165,164,163,162,161,160,159,158,157;95,83,71,59,47,35,23,11,10,9,8,7,6,5,4,3,15,27,28,29,30,42,43,44,45,57,69,68,67,66,65;16,17,18,19,31,32,33;141,129,128,127,126,125,124,123,122,121,120,108,96,84,72;156,144,145,146,147,148,149,150,151;0,12,13,25,37,49,50,62,74;40,41,53,54,55,56;1,2,14,26,38,39,51,63,75,87,88,89,90,91
12:14+B,0,30,9,,44_0B:56_0B:61_0B:62_0B:63_0B:64_0B:65_0B:68_0B:73_0B:77_0B:80_0B:81_0B:85_0B:89_0B:93_0B:97_0B:101_0B:102_0B:105_0B:106_0B:109_0B:114_0B:118_0B:121_0B:124_0B:126_0B:130_0B:133_0B:136_0B:137_0B:138_0B:142_0B:143_0B:145_0B:155_0B:157_0B:158_0B:159_0B:160_0B:161_0B:162_0B:163_0B:164_0B:165_0B:166_0B:167_0B;90,78,66,54,53,52,51,50,49,48,36,24,12,0,1,2,3,4,5,6,7,8,9,10,11,23,35,47;83,71,59,58,46,34,22,21,20;13,14,15,16,17,18,19,31,32,33,45,57,69,70,82,94,95,107,119,131;128,140,152,153,154;60,72,84,96,108,120,132,144,156;87,99,111,123,135;125,113,112,100,88,76,75,74,86,98,110,122,134,146,147,148,149,150,151,139,127,115,103,91,79,67,55,43,42,41,40,39,38,37;30,29,28,27,26,25;92,104,116,117,129,141
