5,0,1,5;22,17,12,7,2;1,6,11,16;3,8,13,18;21,20,15,10,5,0;4,9,14,19,24,23
5,0,2,5;17,12,7,2,3,4;14,19,24,23;20,15,10,5,0;9,8,13,18;22,21,16,11,6,1
5,0,3,5;0,1,2,3;4,9,8,7,6,5;22,23,24;19,18,17,16,21;14,13,12,11,10,15,20
5,0,4,5;11,6,7,8,3;20,15,16,17,18,19,24;21,22,23;2,1,0,5,10;12,13,14,9,4
5:6,0,5,6;8,7,6,5,0;15,20,25,26,27,28,29,24,19;16,21,22;17,18,23;10,11,12,13,14;9,4,3,2,1
5:6,0,6,5;23,22,21;12,17,18;10,5,0,1,2,3,4,9,14;19,24,29,28,27,26,25,20,15,16,11,6;7,8,13
5:6,0,7,6;9,8,7,6;23,22,21;4,3,2,1,0,5,10,11;15,20,25,26,27,28;12,13,14,19,24,29;16,17,18
5:6,0,8,6;4,9,14,13;3,8,7,12,17,18,19,24,29;5,0,1,2;6,11,10;23,22,21,16,15;20,25,26,27,28
6,0,9,7;5,4,3,9,8,7,6,12,18,24,25;35,29,28,27,26;30,31,32,33,34;21,20,19,13;14,15,16,10,11;0,1,2;17,23,22
6,0,10,7;13,7,8,2;12,6,0,1;3,9,15,21,22;25,26,27,28;23,17,11;14,20,19,18,24,30,31,32,33,34,35,29;16,10,4,5
6,0,11,7;4,3,2,1;0,6,7,8;28,22,16;13,12,18,24,30;5,11,10,9,15,14,20,19,25,31;32,26,27,21;33,34,35,29,23,17
6,0,12,6;2,8,14;29,28,22,16,10;1,0,6,12,18,24,30,31,32;23,17,11,5,4,3;7,13,19,25,26,27,33,34,35;9,15,21,20
6,0,13,6;30,24,18,19,20,14,15;28,22,21;13,12,6,0,1,2,3,4,5,11,17,23,29,35,34;25,31,32;7,8,9,10,16;33,27,26
6,0,14,6;11,17,23,29,35,34,33,32,31,30,24;9,8,14,20,21;22,28,27,26,25,19,18;5,4,10,16,15;12,13,7;3,2,1,0,6
6,0,15,7;31,32,33,27,28,22;30,24,25;26,20,19;18,12,13,7,8,9,10;34,35,29,23;16,17,11,5,4,3,2,1,0,6;21,15,14
6:7,0,16,7;23,29,35,41,40,39,38,37;4,5,11,17,16,15,21,27,26,25;12,6,0,1;22,28,34,33,32,31;13,7,8,2;14,20,19,18,24,30,36;3,9,10
6:7,0,17,7;26,20,19,13,7;9,10,16,22;39,33,32,31,25;38,37,36,30,24;35,41,40;18,12,6,0,1,2,8,14,15,21,27,28,34;3,4,5,11,17,23,29
6:7,0,18,7;16,10,9;40,39,38,37,36,30;41,35,34,33,32,31,25,24;8,2,3,4,5,11,17,23;27,26,20,19;18,12,6,0,1;29,28,22,21,15,14,13,7
6:7,0,19,6;33,34,28,29;35,41,40,39;10,9,8,7,13,12;25,24,30,36,37,38;18,19,20,14,15,16;31,32,26,27,21,22,23,17,11,5,4,3,2,1,0,6
6:7,0,20,7;31,32,33,39,40,41;21,15,9;5,11,17;18,24,30,36,37,38;29,23,22,16,10,4,3,2,1,0;35,34,28,27,26,20,14,8,7;6,12,13,19,25
7,0,21,8;38,39,46;35,36,29,22,23,16,17,18,19,12,5;10,9,8,15;45,44,43,42;32,33,40;26,25,24,31,30,37;28,21,14,7,0,1,2,3,4,11;6,13,20,27,34,41,48,47
7,0,22,7;10,11,12;48,47,46,45,38,31,24,23;37,30,29,22,15,8,9,2,3,4,5,6,13,20,19;40,41,34,27,26,25,18,17,16;1,0,7,14,21,28,35,42;33,32,39;36,43,44
7,0,23,9;0,7,8;13,6,5,4,3,2,1;37,36,29;32,31,24,17,18,19;43,42,35,28,21,14,15,16,9,10,11,12;38,45,44;22,23,30;20,27,34,41,48,47,46;25,26,33,40,39
7,0,24,8;0,1,2;19,12,11,10,3;23,24,25,26,33,40,41;4,5,6,13,20,27,34;45,46,47,48;9,8,7,14,21,28,35,42,43,44,37,38,39;32,31,30;36,29,22,15,16,17,18
7,0,25,7;25,24,31,30;23,22,15;42,43,44,45,38,39,40;37,36,35;0,1,2,3,4,5,6,13,20,27,34,41,48,47,46;29,28,21,14,7,8,9,16,17,18,19,26,33,32;12,11,10
7:8,0,26,9;45,46,53,54,55,48,41,34,27,26,25,18,17,16,9,8,7,14;13,6,5,4,3;15,22,21,28,35,42,49,50,51,52;31,32,33;24,23,30,37,44;0,1,2;29,36,43;10,11,12,19,20;38,39,40,47
7:8,0,27,8;14,21,22,23,24,17,10,3,4,5,6,13,20,27,34,41,48,55,54;16,9,2,1;0,7,8,15;39,38,37,30,29,28;25,26,19;12,11,18;53,52,51,50,49,42;31,32,33,40,47,46,45,44,43,36,35
7:8,0,28,8;11,10,17;12,19,18,25,24,23,16;9,8,15,22,29;42,43,36,37,30,31;27,20,13,6,5,4,3,2,1,0,7,14,21,28,35;44,45,38,39,32;54,55,48,41,34;49,50,51,52,53,46,47,40,33,26
7:8,0,29,8;11,12,19,26,33,40,47,48;36,37,38,31,24,17,16,15,22,21;3,2,1,0,7,14;23,30,29;8,9,10;41,34,27,20,13,6,5,4;55,54,53,52,51,50,49,42,35,28;43,44,45,46,39,32,25,18
7:8,0,30,8;30,29,28,21;50,43,44,45,46,39;38,37,36,35,42,49;8,9,16,17,18,11;51,52,53,54,47,40,33,32,31;13,12,19,26,25,24,23,22,15,14,7,0,1,2,3,10;55,48,41,34,27,20;6,5,4
