10:12,0,1,7,,43_0B:44_0B:54_0B:77_0B:78_0B:87_0B:88_0B:94_0B:103_0B:104_0B;0,1,2,3,4,5,6,7,8,9,19,29,39,49,59,58,57,47,37,27;72,62,61,51,41,31,21,22,23,24,25,26,36,46,56,66,67,68,69,79,89,99;100,90,80,81,82;116,115,114,113,112,102,92,93,83,73,63,53,52,42,32,33,34,35,45,55,65,75,76,86,96,97,98,108,109,119;91,101,111,110;118,117,107,106,105,95,85,84,74,64;71,70,60,50,40,30,20,10,11,12,13,14,15,16,17,18,28,38,48
10:12,0,2,7,,27_0B:28_0B:42_0B:52_0B:56_0B:57_0B:66_0B:67_0B:96_0B:97_0B;95,94,93,83,73;46,45,55,65,75,76,77,78,68,58,48,38;22,23,24,25,15,5,6,7,8,9,19,29,39,49,59,69,79,89,99,109,119,118,117,116,115,114,113,112,111,110,100;14,13,12,11,21,31,32,33,43,53,63,62,72;4,3,2,1,0,10,20,30,40,41,51,61,71,81,82,92;35,34,44,54,64,74,84,85,86,87,88,98,108,107,106,105,104,103,102,101,91,90,80,70,60,50;47,37,36,26,16,17,18
10:12,0,3,7,,44_0B:45_0B:54_0B:86_0B:92_0B:93_0B:96_0B:97_0B:102_0B;31,21,11,12,2,3,4,5,6,7,8,9,19,29,39,49,59,69,79,89,99,109,119,118,117,116,115,114,104,94,84,74,64;34,35,36,46,56,66,76,77,78,68,58,48,38,28,18,17,16,15,14,13;67,57,47,37,27,26,25,24,23,33,43,53,63,73,83,82,81,91,101;87,88,98,108,107,106,105,95,85,75,65,55;52,62,72,71,70,60,50,40,30,20,10,0,1;103,113,112,111,110,100,90,80;22,32,42,41,51,61
10:12,0,4,7,,23_0B:33_0B:34_0B:62_0B:63_0B:72_0B:73_0B:76_0B:86_0B;44,43,53,52,51,61,71,81;27,37,38,48,58,68,78,88,98,108,107,117,116,115,114,113,112,111,110;19,9,8;24,25,35,45,55,54,64,74,84,83,82;11,12,13,14,15,16,26,36,46,47,57,67,77,87,97,96,106,105,104,103,102,101,100;118,119,109,99,89,79,69,59,49,39,29,28,18,17,7,6,5,4,3,2,1,0,10,20,21,22,32,42,41;56,66,65,75,85,95,94,93,92,91,90,80,70,60,50,40,30,31
10:12,0,5,7,,16_0B:17_0B:27_0B:68_0B:77_0B:78_0B:83_0B:84_0B:94_0B;12,11,21,31,41,51;24,34,33,43,53,63,62,61,71,81,91,101,102,103,104,105,95,96;88,98,108;35,45,44,54,64,74,73,72,82,92,93;52,42,32,22,23,13,14,15,25,26,36,37,38,28,18;85,86,87,97,107,106,116,115,114,113,112,111,110,100,90,80,70,60,50,40,30,20,10,0,1,2,3,4,5,6,7,8,9,19,29,39,49,48,47,46,56,55,65;117,118,119,109,99,89,79,69,59,58,57,67,66,76,75
10:12,0,6,7,,15_0B:16_0B:25_0B:26_0B:53_0B:54_0B:63_0B:64_0B;14,13,12,11,10;51,61,71,81,91,101,102,103,104,105,106,107,108,98,88,78,68,58;0,1,2,3,4,5,6,7,17,18,28,38,48,47,46,56,66,76,86,85,84,94,93,92;95,96,97,87,77,67,57;31,41,42,52,62,72,82;23,24,34,35,36,37,27;8,9,19,29,39,49,59,69,79,89,99,109,119,118,117,116,115,114,113,112,111,110,100,90,80,70,60,50,40,30,20,21,22,32,33,43,44,45,55,65,75,74,73,83
10:12,0,7,7,,24_0B:34_0B:35_0B:65_0B:66_0B:71_0B:72_0B:76_0B:82_0B;55,56,57,67,77,87,97,96;9,19,29,28,27,17,16;84,83,73,63,62,61;101,102,103,104,105,106,107,108,98,88,78,68,58,48,47,46,45,44,43,33,23;95,94,93,92,91,81,80,70,60,50,40,30,20,10,0,1,2,3,4,5,6,7,8,18;90,100,110,111,112,113,114,115,116,117,118,119,109,99,89,79,69,59,49,39,38,37,36,26,25,15,14,13,12,22,32,42;86,85,75,74,64,54,53,52,51,41,31,21,11
10:12,0,8,7,,33_0B:43_0B:44_0B:48_0B:57_0B:58_0B:71_0B:81_0B:95_0B:105_0B;14,13,12,11,21,31,41,51,61,62,72,82,92,91;104,94,84,74,75,76,77,87,97;110,111,112,113,114,115,116,117,118,119,109,99,89,79,69,59,49,39,38,37,47,46,45,55,54,53,52,42,32,22,23,24,25,15,16,17,18;34,35,36;19,9,8,7,6,5,4,3,2,1,0,10,20,30,40,50,60,70,80,90,100,101,102,103,93,83,73,63,64,65,66,56;67,68,78,88,98,108,107,106,96,86,85;26,27,28,29
10:12,0,9,7,,41_0B:42_0B:51_0B:56_0B:57_0B:66_0B:67_0B:106_0B:107_0B;33,32,22;119,109,99,98,97,96,95,94,93,83,82,72,62,52,53,43,44,34,35,36;63,64,65,75,76,77,78,68,58,48,38,28,18,17,16,15,14,4,3,2,1,0,10,20,30,40,50,60,70,80,90,100,110,111,112,113,114;31,21,11,12,13,23,24,25,26,27,37,47,46,45,55,54;5,6,7,8,9,19,29,39,49,59,69,79,89,88,87,86,85,84,74,73;101,91,81,71,61;92,102,103,104,105,115,116,117,118,108
10:12,0,10,6,,21_0B:22_0B:56_0B:57_0B:67_0B:97_0B:98_0B:108_0B;68,58,48,38,28,18,17,16,15,14,13,12,11,10,20,30,40,50,60,70,80,90,100,110,111,112,113,114,115,116,117,118,119,109,99;107,106,105,104,103,102,101,91,81,71,61,51,41,42,43;75,74,64;78,77,76,66,65,55,45,46,47,37,27,26,25,24,23,33,32,31;0,1,2,3,4,5,6,7,8,9,19,29,39,49,59,69,79,89,88,87,86,85,84,83,73,63;96,95,94,93,92,82,72,62,52,53,54,44,34,35,36
11:13,0,11,10,,18_0B:23_0B:28_0B:29_0B:34_0B:35_0B:78_0B:89_0B:90_0B;36,47,48,59,60,61,62,63,64,65,54,43,32,21,20,19,30,41,40,39,38,27,16,17;75,74,73,72,83,94,93,104,115,116,117,118,107,96,97,98,109,120,131,142,141,140,139,138,137,136,135,134,133,132,121,110,99,88,77,66,55,44,33,22,11,0,1,2,3,14;12,13,24,25;37,26,15,4,5,6,7,8,9,10;82,71,70,69,58,57;91,92,103,114,113,112;46,45,56,67,68,79,80,81;108,119,130,129,128,127,126,125,124,123,122,111,100,101,102;49,50,51,52,53,42,31;76,87,86,85,84,95,106,105
11:13,0,12,8,,16_0B:26_0B:27_0B:63_0B:64_0B:75_0B:92_0B:102_0B:103_0B;118,107,96,85,74;60,59,58,57,56,45,44,33,22,11,0,1,2,3;67,66,55;98,109,120,131,142,141,140,139,138,137,136,135,134,133,132,121,110,99,88,77,78,79,68,69,70,71,82,93,104;105,94,83,72,61,50,49,38,37,36,25,24;53,42,31,20,19,18,17,28,39,40,51,62,73,84,95,106,117,116,115,114,113,112,101;81,80,91,90,89,100,111,122,123,124,125,126,127,128,129,130,119,108,97,86,87,76,65,54,43,32,21,10,9,8,7,6,5,4,15,14,13,12,23,34,35,46,47,48;52,41,30,29
11:13,0,13,8,,15_0B:16_0B:26_0B:79_0B:80_0B:90_0B:91_0B:117_0B:127_0B:128_0B;12,23,34,45,56,55,66,77,88,99,110,121,132;44,33,22,11,0,1,2,13,24,35,46,57,58,59;123,124,113,114,115,104,93,94,95,84,73,62,51,40;47,48,49,60,71,70,69,68,67,78,89,100;116,105,106,107,118,129;29,30,41,52,63,74,85,96,97,108,119,130,141,140,139,138,137,126,125;27,28,17,18,19,20,31,42,53,64,75,86,87,98,109,120,131,142;76,65,54,43,32,21,10,9,8,7,6,5,4,3,14,25,36,37,38,39,50,61,72,83,82,81,92,103,102,101,112,111,122,133,134,135,136
11:13,0,14,10,,14_0B:20_0B:25_0B:26_0B:30_0B:31_0B:62_0B:63_0B;131,142,141,140,139,138;34,33,44,55;46,45,56,67,66,77,88,99,100,101,90,91,80,81,82,71;5,6,7,8,9,10,21,32,43,42,41,40,39,50,49,48,47,58,57,68,79,78,89;86,97,108,107,118,117,116;122,123,124,125,114,115,104,105,106,95,96;19,18,17,16,15,4,3,2,1,0,11,22,23;64,75,74,73,72,61,60,59,70,69;12,13,24,35,36,37,38,27,28,29;51,52,53,54,65,76,87,98,109,120,119,130,129,128,127,126,137,136,135,134,133,132,121,110,111,112,113,102,103,92,93,94,83,84,85
11:13,0,15,8,,49_0B:59_0B:60_0B:91_0B:102_0B:103_0B:107_0B:118_0B:119_0B;24,23,34,45,56,67,78,89,90,101,112,113,114,115,104;130,129,128,117,106,95,96,97,108,109,120;68,79,80,81,92,93,94,105,116,127,126,125,124,123,122,111,100,99,88,77,66,55,44,33,22,11,0,1,2,3,4,5,6,7,8,9,10,21,32;75,64,53,52,41,30,29,28,27,26,25,36,35,46,57,58,69,70,71,82,83;98,87,86,85,84,73,72,61,50;47,48,37,38,39,40,51,62,63,74;110,121,132,133,134,135,136,137,138,139,140,141,142,131;76,65,54,43,42,31,20,19,18,17,16,15,14,13,12
11:13,0,16,7,,23_0B:24_0B:34_0B:51_0B:52_0B:62_0B:93_0B:94_0B:104_0B:105_0B;102,91,80,79,68,57,58,47,48,37,26,15,4,3,2,1,0;69,70,81,92,103,114,113,112,101,90,89,78,67,56,45,46,35,36,25,14,13,12,11,22;59,60,71,82,83;40,39,28,17,18,19,20,31,32,43,54,65,76,75,86,97,108,119,130,141,140,139,138,137,136,135,134,133,132,121,110,99,88,77,66,55,44,33;142,131,120,109,98,87;100,111,122,123,124,125,126,127,128,129,118,107,96,85,74,63,64,53,42,41,30,29;115,116,117,106,95,84,73,72,61,50,49,38,27,16,5,6,7,8,9,10,21
11:13,0,17,9,,18_0B:29_0B:30_0B:78_0B:83_0B:84_0B:89_0B:90_0B:94_0B:95_0B;40,41,52;75,64,53,42,31,20,19,8,7,6,17,28,39,38,37,36;63,62,51,50,49,48,47,58,69;112,113,114,115,116,117,118,107,96,97,98,87,76,65,54,43,32,21,10,9;86,85,74,73,72,61,60,59,70,81,92,103,104,105,106;71,82,93;15,14,13,12,23,34,45,56,67;68,57,46,35,24,25,26,27,16,5,4,3,2,1,0,11,22,33,44,55,66,77,88,99,110,121,132,133,134,135,136,137,138,139,140,141,142,131,120;79,80,91,102,101,100,111,122,123,124,125,126,127,128,129,130,119,108,109
11:13,0,18,8,,52_0B:59_0B:63_0B:64_0B:69_0B:70_0B:113_0B:114_0B:124_0B;75,86,97,108,119,130,129,128,127,126,125,136,135,134,133,122,111;21,20,19,18,17,28,39,50,61,72,83,84,95;53,42,41,40,51,62,73,74,85,96,107,106,105,94,93,82,71,60,49,48,37,26,15,4,3,2,1,0,11,22,33,44,55,66,77,88,99,110,121,132;29,30,31,32,43,54,65,76,87,98,109,120,131,142,141,140,139,138,137;100,101,112,123;24,35,46,45,56,67,78,89,90,91,102,103,104,115,116,117,118;34,23,12,13,14,25,36,47,58,57,68,79,80,81,92;10,9,8,7,6,5,16,27,38
11:13,0,19,6,,13_0B:14_0B:24_0B:25_0B:63_0B:64_0B:68_0B:74_0B:75_0B:79_0B;31,20,19,18,17,16,15,26,37,36,35,46,57,56,67,78,89,100,111,122,123,124,125,126;45,34,23,12;142,131,130,129,118,107,96,95,94,93,92,91,80,69,58,47,48,49,38,27,28,29,30;71,72,73,62,51,52,53,54,65,76,87,98,109;90,101,112,113,114,115,116,127,138,137,136,135,134,133,132,121,110,99,88,77,66,55,44,33,22,11,0,1,2,3,4,5,6,7,8,9,10,21,32,43,42,41,40,39,50,61,60,59,70,81,82,83,84,85,86,97,108,119,120;102,103,104,105,106,117,128,139,140,141
11:13,0,20,7,,41_0B:42_0B:46_0B:57_0B:58_0B:115_0B:116_0B:126_0B:127_0B;10,21,32,43,54,53;137,138,139,128,117,106,105,104,103,102,91,80,81,82,83,84,85;35,24,25,26,37,38,49,60,71,72,73,74,75,86,97,108,119,130,141,140;62,61,50,39,28,17,18,19;36,47,48,59,70,69,68,79,90,101,112,113,114,125,136,135,134,133,132,121,110,99,88,77,66,55,44,33,22,11,0,1,2,3,4,5,6,7,8,9,20,31,30,29,40,51,52,63,64,65,76,87,98,109,120,131,142;124,123,122,111,100,89,78,67,56,45,34,23,12,13,14,15,16,27;129,118,107,96,95,94,93,92
12:14,0,21,10,,28_0B:29_0B:33_0B:34_0B:40_0B:46_0B:78_0B:79_0B:136_0B:137_0B;109,97,85,73,61,49;45,57,58;154,153,141,129,117,116,115,114,102,101,100,88,76,64,52,53,41,42,30,18,6,5,4,3,2,1,0,12,24,36,48,60,72,84,96,108,120,132,144,156,157,158,159,160,161;11,10,9,8,7,19,31,43,55,67,68,80,92;56,44,32,20,21,22,23,35,47,59,71,83,95,107,119,131,143,155,167,166,165,164,152,140,128,127;151,139,138,126,125,124,123,135,134;113,112,111,99,87,75,63,51,39,27,26;54,66,65,77,89,90,91,103,104,105,93,81,69,70;163,162,150,149,148,147,146,145,133,121,122,110,98,86,74,62,50,38,37,25,13,14,15,16,17;82,94,106,118,130,142
12:14,0,22,9,,38_0B:50_0B:51_0B:116_0B:117_0B:129_0B:136_0B:148_0B;132,133,145,146,147,135,123,111,110,109,108,96,84,72,60,48,36,24,12,0,1,2,3,4,5,6,7,8,9,10,11,23,35,34,33,32,31,30,42,54,53,52;128,140,141,142,130,118,119,107,95,83,71,59,47,46,45,44,43,55,67,66,65,64,63;144,156,157,158,159,160,161,149,137,125,124,112,100,99,98,97,85,73,61,49,37,25,26,27,39,40,41,29,17,18,19,20,21,22;69,81,93;131,143,155,154,153,152,151,139,127,115,103,104,105,106,94,82,70,58,57,56,68,80,79,78,77,76,75,74,62;86,87,88,89,101,113,114,126,138,150,162,163,164,165,166,167;13,14,15,16,28;120,121,122,134;92,91,90,102
12:14,0,23,9,,28_0B:29_0B:41_0B:91_0B:102_0B:103_0B:140_0B:151_0B:152_0B;26,38,50,49,61,60,72;53,65,77;123,124,112,113,101,89,90,78,66,54,42,30,18,17,16,15,14,13,25,37;154,153,141,129,128,127,139,138,150,149,148,147,146,145,133,121,109,97,98,86,87,75,63,51,39,27;19,20,21,22;57,58,70,82,94,106,118,130,142,143,155,167,166,165,164,163,162,161,160,159,158,157,156,144,132,120,108,96,84,85,73,74,62;40,52,64,76;104,92,80,79,67,55,43,31,32,33,34,35,23,11,10,9,8,7,6,5,4,3,2,1,0,12,24,36,48;88,100,99,111,110,122,134,135,136,137,125,126,114,115,116,117,105,93,81,69,68,56,44,45,46,47,59,71,83,95,107,119,131
12:14,0,24,8,,33_0B:34_0B:41_0B:42_0B:46_0B:53_0B:54_0B:93_0B:105_0B:106_0B;11,10,9,8,7,6,5,4,3,2,1,13,25,37,49,50,51,52,40,28,29,30,31,43,55,56,68,80,81,82,94,95,107,119,131,130,129,128,127,126,125,124,123,111,99,87,88,89,90;67,66,65,64,63,62,61,73,85,97,109,121,133,145,146,147,148,149,150,151,152,153,154;0,12,24,36,48,60,72,84,96,108,120,132,144,156,157,158,159,160,161,162,163,164,165,166,167,155,143,142,141,140,139,138,137,136,135,134,122,110,98,86,74,75,76,77,78,79,91,92,104;38,39,27;26,14,15,16,17,18,19,20,21,22,23,35,47,59,58;118,117,116,115,114,113;112,100,101,102,103;32,44,45,57,69,70,71,83
12:14,0,25,9,,40_0B:51_0B:52_0B:85_0B:86_0B:103_0B:114_0B:115_0B:123_0B:135_0B;59,71,83,95,107,119,131,143,155,167,166;134,122,110,111,112,113;55,67,79,91,90,102;39,27,15,3,4,5,6,7,8,9,10,11,23,35,47;126,125,124,136,148,160,159,158,157,156,144,132,120,108,96,84,72,60,48,36,24,12;100,101,89,77,78,66,54,42,43,44,56,68,80,92,104,116,128,127,139,138,137,149,161,162,163,164,165,153,154,142,130,118,106,94,82,70,58,46,34,22,21,20,19,18,17,16,28;0,1,13,25,37,49,61,73,74,75,87,99,98,97,109,121,133,145,146,147;65,53,41,29,30,31,32,33,45,57,69,81,93,105,117,129,141,140,152,151,150;2,14,26,38,50,62,63,64,76,88
12:14,0,26,7,,21_0B:33_0B:34_0B:42_0B:54_0B:89_0B:90_0B:102_0B:121_0B:122_0B;99,98,86,74,73,61,49,37,25,26,27,28,29,30,31,43,55,56,57,69,70,71,59,47,35,23,11;136,137,138,139,140,141,129,117;58,46,45,44,32,20,19,18,17,16,15,14,13;83,82,81,80,79,78,77,76,64,52,51;156,157,158,159,160,161,162,163,164,165,166,167,155,143,131,119,107,95,94,93,92,91,103,115,114,113,101,100,88,87,75,63,62,50,38,39,40,41,53,65,66,67,68;22,10,9,8,7,6,5,4,3,2,1,0,12,24,36,48,60,72,84,85,97,109,110,111,123,135,134,133;112,124,125,126,127,128,116,104,105,106,118,130,142,154,153,152,151,150,149,148,147,146,145,144,132,120,108,96
12:14,0,27,11,,31_0B:32_0B:43_0B:44_0B:117_0B:118_0B:130_0B:136_0B:147_0B:148_0B;0,1,13;62,74,73,72,84,96;15,16,17,18,19,20,21,33,45,57,56,55,67,79,91,103,115,127,139,140,152,153,154,142;30,42,54,66,78,90,102,114,126,138,150,151,163,164,165,166,167,155,143,131,119,107,95;159,160,161,162;141,129,128,116,104,105,106,94,82,83,71,59,47,35,23,11,10,9,8,7,6,5,4,3,2,14;145,133,121,122,110,111,112,113,101,89,77,65,53,41,29,28,27,26,25,24,12;68,80,92,93;61,49,50,51,63,75,87,86,85;22,34,46,58,70,69,81;60,48,36,37,38,39,40,52,64,76,88,100,99,98,97,109,108,120,132,144,156,157,158,146,134,135,123,124,125,137,149
12:14,0,28,9,,20_0B:32_0B:39_0B:40_0B:73_0B:74_0B:86_0B:128_0B:140_0B;41,42,30,18,6;113,101,89,90,91,92,93,94,82,70,71;85,97,109,121;16,15,14,13,25,37,49,61,62,63,64,65,66,67,68,56,44,45,33;75,87,99,98,110,122,134;83,95,107,119,131,143,155,154,153,152,151,150,149,148,147,146,145,133;21,22,34,46,58,57,69,81,80,79,78,77,76,88,100,112,111,123,135,136,137,138,139,127,115,116,117,129,141,142;124,125,126,114,102,103,104,105,106,118,130;59,47,35,23,11,10,9,8,7,19,31,43,55,54,53,52,51,50,38,26,27,28,29,17,5,4,3,2,1,0,12,24,36,48,60,72,84,96,108,120,132,144,156,157,158,159,160,161,162,163,164,165,166,167
12:14,0,29,9,,50_0B:61_0B:62_0B:134_0B:135_0B:141_0B:146_0B:147_0B:153_0B;154,142,130,129,128,127,126,125,113,112,111,110;12,0,1,2,3;156,144,132,120,108,109,97,98,99,100,101,89,77,65,66,67,68,56;160,148,149,150,138,139,140,152,164,165,166,167,155,143,131,119,118,117,116,115,114,102,90,91,92,93,94,82,70,58,46,34,22,21,20,19,18,17,29,28,27,26,38;44,43,55,54,53,52,64,76,88,87,86,85,84,96;103,104,105,106,107,95,83,71,59,47,35,23,11,10,9,8,7,6,5,4,16,15,14,13,25,24,36;37,49,48,60,72,73,74,75,63,51,39,40,41,42,30,31,32,33,45,57,69,81,80,79,78;137,136,124,123,122,121,133,145,157,158,159;161,162,163,151
12:14,0,30,10,,70_0B:82_0B:85_0B:97_0B:112_0B:124_0B:125_0B:128_0B:129_0B;78,66,65,53,41,40,28,16,4,5,6,7,8,9,10,11,23,35,47,59,71,83,95,94;101,113,114,115,103,91,79,67,55,54,42,30;149,148,147,146,134;21,22,34,46,58,57,69,81,93,105,106,107,119,131,143,155,154,153,152,151,150,138,137,136,135;167,166,165,164,163,162,161,160,159,158,157,145,133,121,122,123,111,99,100,88,89,90,102;20,32,33,45;96,84,72,60,48,36,24,12,0,1,2,3,15,27,39,51,52,64,76,77;74,73,61,49,37,25;29,17,18,19,31,43,44,56,68,80,92,104,116,117,118,130,142,141,140,139,127,126;13,14,26,38,50,62,63,75,87,86,98,110,109,108,120,132,144,156
