10:11+B,0,1,7,,0:1:3:4:5:6:8:9:20:29:60:69:70:79:80:89:90:99:100:101:102:103:106:107:108:109;10,11,21,22,23,24,25,35,36,37,47,48;7,17,18,19;82,83,73,74,75,76,66,56,55,54;61,51,50,40,30,31,32,33,34,44,45,46;52,62,72,71,81,91,92,93,94,84,85,86,87,77,67,57;65,64,63,53,43,42,41;104,105,95,96,97,98,88,78,68,58,59,49,39,38,28,27,26,16,15,14,13,12,2
10:13+B,0,2,8,,0:1:3:4:5:6:8:9:10:11:14:15:18:19:20:21:24:25:28:29:30:31:38:39:40:49:60:69:70:79:80:89:90:99:100:109:110:119:120:123:124:125:126:129;2,12,22,32,42,41,51,50;122,121,111,101,91,81,71,61;7,17,27,37,47,48,58,59;78,68,67,57,56,46,36,26,16;102,112,113,114,115,116,117,107,97,96,86,85,75,74,64,54,44,34;127,128,118,108,98,88,87,77,76,66,65,55,45,35;95,94,84,83,73,63;13,23,33,43,53,52,62,72,82,92,93,103,104,105,106
10:14+B,0,3,7,,0:1:2:4:5:7:8:9:10:11:14:15:18:19:20:21:28:29:30:39:40:49:50:59:60:69:80:89:90:99:100:101:108:109:110:111:118:119:120:121:122:127:128:129:130:131:132:134:135:137:138:139;103,93,83,73,63,53,54,44;12,13,3;52,42,43,33,34,35,45,55,65,64,74,84,94,104,114,124,125,126,136;70,71,81,91,92,102,112,113,123,133;106,96,86,87,77,67,68,58,48,38;79,78,88,98,97,107,117,116,115,105,95,85,75,76,66,56,46,36,26,25,24,23,22,32,31,41,51,61,62,72,82;57,47,37,27,17,16,6
10:13+B,0,4,6,,0:1:2:7:8:9:10:11:18:19:20:29:30:39:40:49:50:54:55:59:60:69:80:89:90:91:98:99:100:101:108:109:110:111:118:119:120:121:128:129;70,71,81,82,92,102,112,122,123,124,125,126,127,117,107,97,87,88,78,79;14,24,23,33,32,42,52,62,72,73,83,93,103,113,114,115,116,106,96,86,76,77,67,57,47,37,36;105,95,85,75,65,66,56,46,45;68,58,48,38,28,27,26;6,5,4,3,13,12,22,21,31,41,51,61;17,16,15,25,35,34,44,43,53,63,64,74,84,94,104
10:14+B,0,5,9,,0:1:2:4:5:7:8:9:10:11:18:19:20:29:30:39:40:41:48:49:50:59:60:61:68:69:70:79:80:84:85:89:90:94:95:99:104:105:120:124:125:129:130:133:134:135:136:139;21,31,32,42,52,51;122,123,113,114,115,116,106,96;82,92,102,112,111,121,131,132;28,38,37,47,57,58;12,22,23,33,43,53,63,62,72,71,81,91,101,100,110;103,93,83,73,74,64,54,44,34,24,14,13,3;97,87,86,76,75,65,55,45,35,25,15,16,6;17,27,26,36,46,56,66,67,77,78,88,98,108,107,117,127,126;137,138,128,118,119,109
10:13+B,0,6,7,,0:4:5:9:10:19:30:39:40:49:50:59:60:69:70:79:80:89:90:91:98:99:100:101:108:109:110:111:118:119:120:121:124:125:128:129;53,63,64,74,84,94,104,105,106,107,117;127,126,116,115,114,113,103,93,83,73,72,62,52,42,43,44,54,55,65,75,85,95,96,97;17,27,26,25,24,23,33,32,31,41,51,61,71,81,82,92,102,112,122,123;20,21,11,1,2,3;34,35,45,46,47,57,67,77;36,37,38,48,58,68,78,88,87,86,76,66,56;22,12,13,14,15,16,6,7,8,18,28,29
12+B,0,7,9,,0:2:3:8:9:11:12:23:24:35:36:47:60:65:66:71:72:76:77:78:79:83:84:89:90:95:96:97:101:102:106:107:108:109:113:114:118:119:120:121:130:131:132:133:137:138:142:143;123,111,99;38,26,14,15,16,4,5,6,7;33,21,20,19,18,17,29,28,27,39,51,50,62,74;67,68,56,44,32,31,30,42,41,40;37,25,13,1;136,135,134,122,110,98,86,85,73,61,49,48;10,22,34,46,45,57,69,81,80,92,91,103,115;43,55,54,53,52,64,63,75,87,88,100,112,124,125,126,127,128,116,104;139,140,141,129,117,105,93,94,82,70,58,59
10:13+B,0,8,9,,0:1:4:5:8:9:10:11:18:19:20:21:28:29:30:39:40:49:54:55:94:95:104:105:114:115:120:123:124:125:126:129;112,113,103,93,83;128,118,119,109,99,98,88,78,68,67,57,47,37,36,35;108,107,97,87,77,76,75,65,64,63,53,43,33,23,13,14;42,52,62,61,71,81,91,90,100,110;38,48,58,59,69,79,89;122,121,111,101,102,92,82,72,73,74,84,85,86,96,106,116,117,127;3,2,12,22,32,31,41,51,50,60,70,80;66,56,46,45,44,34,24,25,15,16,6,7;26,27,17
12:13+B,0,9,9,,0:1:2:3:8:9:10:11:12:13:14:21:22:23:24:25:26:33:34:35:36:47:48:49:58:59:60:71:72:73:82:83:84:95:101:102:113:114:120:125:126:131:132:137:138:143:144:145:146:148:149:150:151:153:154:155;61,62,74,75,76,77,65,53,52,40,39,27,15,16,17,18,30,31;122,123,111,99,87,86,85,97,96,108;152,140,139,127,115,103,91,79,67,55,43,44,32,20,19,7,6,5,4;28,29,41,42,54,66,78,90,89,88,100,112,124,136,135,147;46,45,57,56,68,80,92,104,105,117,118,130,142,141;119,107,106,94,93,81,69,70;64,63,51,50,38,37;116,128,129;98,110,109,121,133,134
10:15+B,0,10,9,,1:3:4:5:6:8:13:14:15:16:24:25:34:35:44:45:50:54:55:59:60:61:64:65:68:69:70:79:110:111:118:119:120:121:128:129:130:131:132:137:138:139:140:141:142:147:148:149;42,32,31,21,11,10,0;9,19,18,28,38,37,47,57,67,77,78,88,89,99,109,108,107,117,116,115,105,104,103,102,112,122,123,133,134,135,136;82,83,84,85,86,87,97,98;58,48,49,39,29;106,96,95,94,93,92,91,101,100;2,12,22,23,33,43,53,63,73,74,75,76,66,56,46,36,26,27,17,7;127,126,125,124,114,113;20,30,40,41,51,52,62,72,71,81,80,90;143,144,145,146
12+B,0,11,8,,0:1:2:9:10:11:12:13:22:23:24:35:36:47:72:83:84:85:94:95:96:97:106:107:108:109:118:119:120:121:130:131:132:133:136:137:138:139:142:143;49,37,25;98,86,74,73,61,60,48;69,57,45,44,32,31,19,18,17,16;62,50,51,52,64,76,88,89;70,82,81,93,105,117,129,141,140;27,28,29,30,42,54,66,67,79,91,103,115,114,113,112,111,110,122,134,135;63,75,87,99,100,101,102,90,78,77,65,53,41,40,39,38,26,14,15,3,4,5,6,7,8,20,21,33,34,46,58,59,71;43,55,56,68,80,92,104,116,128,127,126,125,124,123
10:16+B,0,12,9,,0:1:2:4:5:7:8:9:10:11:18:19:20:21:28:29:30:31:38:39:40:41:48:49:50:59:60:69:80:89:90:99:100:109:110:119:120:129:130:131:138:139:140:141:142:147:148:149:150:151:152:157:158:159;121,111,101,91,81,82,72,73,74,64,54;106,105,115,114,124,134,144;6,16,26,36,46,56,66,67,77,87,97,107,117,116,126,125,135;17,27,37,47,57,58,68;3,13,14,15,25,35,45,55,65,75,76,86,96,95,94,104,103,113,123;33,32,42,52,51,61,71,70;156,146,136,137,127,128,118,108,98,88,78,79;62,63,53,43,44,34,24,23,22,12;145,155,154,153,143,133,132,122,112,102,92,93,83,84,85
12:13+B,0,13,9,,0:1:5:6:10:11:12:13:17:18:22:23:24:25:29:30:34:35:36:37:38:45:46:47:48:49:58:59:60:61:70:71:72:77:78:83:89:90:96:101:102:107:144:145:146:153:154:155;134,133,132,120,108,109,97,98,86,87,75,63,64,52,40,28,16,15;93,92,80,68,67,66,65,53,41,42,43,44,32,33,21,9,8,7;4,3,2,14,26,27,39,51,50,62,74,73,85,84;95,94,82,81,69,57,56,55,54;151,152,140,141,142,143,131,119,118,106,105,104,103,91,79;136,137,125,126,114,115,116,117,129,130;128,127,139,138,150,149,148,147,135,123,124,112,113;20,19,31;76,88,100,99,111,110,122,121
12:13+B,0,14,9,,0:1:3:4:5:6:7:8:10:11:12:13:17:18:22:23:24:29:30:35:48:59:60:71:72:77:78:83:84:89:90:95:96:107:108:113:114:119:125:126:137:138:144:149:150:155;47,46,34,33,32;36,37,38,50,62,63,64,76,88,87,99,111,123;117,105,93,81,69,57,45,44,43,31,19,20,21,9;2,14,15,16,28,40,41,42,54,55,56,68,80;140,141,129,130,118,106,94,82,70,58;110,98,86,74,75;131,143,142,154,153,152,151,139,127,128,116,104,92,91,79,67,66,65,53,52,51,39,27,26,25;120,132,133,145,146,147,148;115,103,102,101,100,112,124,136,135,134,122,121,109,97,85,73,61,49
12:15+B,0,15,9,,0:1:2:5:6:9:10:11:12:13:14:17:18:21:22:23:24:25:34:35:36:37:41:42:46:47:48:49:58:59:60:61:70:71:72:83:96:101:102:107:108:113:114:119:120:125:126:131:132:137:138:143:144:149:150:155:156:160:161:162:163:167:168:172:173:174:175:179;140,128,127,115,103,91,90,89,88,100,112,124,123,135,134,146,158;139,151,152,164,176,177,178,166,154,142,130,118,106,105,93;165,153,141,129,117,116,104,92,80,79,78,77,76,75,87,86,98,97,109;8,7,19;3,4,16,28,40,52,53,54,55,56,57,45,33,32,20;95,94,82,81,69,68,67,66,65,64,63,51,39,27,15;99,111,110,122,121,133,145,157,169,170,171,159,147,148,136;44,43,31,30,29;26,38,50,62,74,73,85,84
12:14+B,0,16,9,,0:1:2:4:5:6:7:9:10:11:12:13:16:17:18:19:22:23:24:35:36:47:72:73:82:83:84:85:94:95:96:97:106:107:108:113:114:119:120:131:132:133:142:143:144:145:154:155:156:157:161:162:166:167;118,130,129,141,153,165,164,163;59,71,70,69,81,93,105,117;48,60,61,62,74,86,98,110,111,112;3,15,14,26,25,37,49,50,51,63,75,87,99,100,101,102,103,115,127,139,138,137,136,135,147;126,125,124,123,122,121,109;38,39,27,28,29,30,31,32,44,45;54,53,65,77,89,90,91,92,104,116,128,140,152,151,150,149,148,160,159,158,146,134;8,20,21,33,34,46,58,57,56,68,80,79;88,76,64,52,40,41,42,43,55,67,66,78
12:14+B,0,17,9,,0:1:2:3:8:9:10:11:12:13:14:21:22:23:29:30:36:41:42:47:48:53:54:59:60:71:72:83:84:95:96:107:108:119:120:121:130:131:132:143:144:145:149:150:154:155:156:157:161:162:166:167;105,93,81,69,57,45,33,32,20,19,7,6,5,4;133,134,146,158,159,160,148,136,124,125,126,127,128,140,152,153,165;137,138,139,151,163,164;44,56,68,80,92,104,116,115,114,113,112,111,110,109;15,27,39,51,63,75,76,77;142,141,129,117,118,106,94,82,70,58,46,34,35;24,25,37,49,61,73,85,97,98,99,100,101,102,103,91,79,67,55,43,31;18,17,16,28,40,52,64,65,66,78,90,89,88,87,86,74,62,50,38,26;147,135,123,122
12:13+B,0,18,9,,0:1:5:6:10:11:24:35:36:47:48:59:60:71:72:83:84:95:96:101:102:107:113:114:120:121:130:131:132:133:142:143:144:145:148:151:154:155;51,39,40,41,42,43,44,45,33,34;137,136,135,123,111,112;149,150,138,139,140,128,116,104,105,106,94,82,70,58,46;23,22,21,20,32,31,30,29,28,27,15;80,68,67,66,65,77,76,75,74,73,61,49,37,25,13,12;108,109,97,85,86,87,88,89,90,78,79;119,118,117,129,141,153,152;147,146,134,122,110,98,99,100;124,125,126,127,115,103,91,92,93,81,69,57,56,55,54,53,52,64,63,62,50,38,26,14,2,3,4,16,17,18,19,7,8,9
12:16+B,0,19,9,,0:1:2:9:10:11:12:13:14:21:22:23:24:25:26:33:34:35:36:37:38:45:46:47:48:49:53:54:58:59:60:61:62:69:70:71:72:73:74:81:82:83:84:85:86:89:90:93:94:95:96:98:105:107:108:119:120:131:132:143:144:155:156:161:162:167:168:173:174:179:185:186;165,153,141,140,139,138,126,114,102,103,91,79,78,66,65,64,52,40,39,27,15,3,4,5,6,7,8,20;41,29,28;147,159,171,170,169,157,145,133,121,122,123,124,112;115,127,128,129,130,142,154,166,178,177,176,164,152,151,150,149,148,160,172,184,183,182,181,180;106,118,117,116,104,92,80,68,67,55,43,42,30;97,109,110,111,99,87,75,63,51,50;163,175,187,188,189,190,191;158,146,134,135,136,137,125,113,101,100,88,76,77;57,56,44,32,31,19,18,17,16
12:15+B,0,20,9,,0:1:2:3:5:6:8:9:10:11:12:13:22:23:24:29:30:35:36:41:42:47:48:53:54:59:60:65:66:71:72:83:84:95:96:107:108:119:120:125:126:131:137:138:144:149:150:155:156:161:162:167:168:169:173:174:178:179;7,19,18,17;143,142,154,166,165,177,176,175,163,151,139,127,115,114,113,112,124,136,148,160,172,171,170,158,157,145,133,132;164,152,153,141,129,130;64,76,77,78,79,67,55,43,31;40,52,51,63,75,87,88,89,90,91,92,80,68,56,44,32,20,21;4,16,28,27,39,38,50,62,74,86,98,110,122,134,146,147,159;34,46,58,70,82,94,106,118,117,116,128,140;15,14,26,25,37,49,61,73,85,97,109,121;135,123,111,99,100,101,102,103,104,105,93,81,69,57,45,33
12:14+B,0,21,8,,0:1:2:4:5:6:7:9:10:11:12:13:22:23:24:25:34:35:36:47:48:59:60:71:72:83:84:95:113:114:120:125:126:131:132:137:138:143:144:155:156:157:166:167;29,30,42,43,55,67,66,78,90,89,88,100,112;41,40,52,64,63,62,61,49,37,38,26,14,15,3;86,87,99,111,123,124,136,148,149,150,151,139,127,115,116,104,92,93,81,69,57,45,33,21,20,8;54,53,65,77,76,75,74,73,85,97,98,110,122,134,135,147;101,102,103,91,79,80,68,56,44,32,31,19,18,17,16,28,27,39,51,50;46,58,70,82,94,106,105,117,129,128;96,108,109,121,133,145,146,158,159,160,161,162,163,164,152,140,141,142,130,118,119,107;165,153,154
12:15+B,0,22,9,,0:1:2:3:8:9:10:11:12:13:14:15:20:21:22:23:24:25:34:35:36:37:46:47:48:49:58:59:60:61:70:71:84:95:96:107:108:119:132:143:144:145:154:155:156:157:158:165:166:167:168:169:178:179;4,5,6,7;161,162,163,164,152,153,141,142,130,131;66,65,77,76,88,100,112,111,110,109,97,85,86;64,52,53,54,55,67,79,78,90,89,101,113,125,124,123,122,121,120;133,134,135,136,137,138,126,127,115,116,104,105,93,81,69,57,45,33,32,31,19,18,17,16,28,27,26,38,50,62,74,73,72;30,42,43,44,56,68,80,92,91,103,102,114;83,82,94,106,118,117,129,128,140,139,151,150,149,148,160,172,173,174,175,176,177;98,99,87,75,63,51,39,40,41,29;146,147,159,171,170
12:15+B,0,23,8,,0:1:2:4:5:6:7:9:10:11:12:13:16:17:18:19:22:23:24:29:30:35:36:47:48:53:54:59:77:78:84:95:101:102:113:114:125:126:137:138:161:162:168:169:170:172:173:174:175:177:178:179;8,20,21,33,34,46,58,70,71;171,159,160,148,149,150,151,163;76,64,65,66,67,79,80,92,104,116,128,129,141;145,133,121,109,110,98,86,74,62,50,38,39,27,28;60,61,49,37,25,26,14,15,3;83,82,94,106,107,119,131,143,155,167,166,165,164,176;68,56,55,43,42,41,40,52,51,63,75,87,99,111,123,122,134;31,32,44,45,57,69,81,93,105,117,118,130,142,154,153,152,140,139,127,115,103,91,90,89,88,100,112,124,136,135,147,146,158,157,156,144,132,120,108,96,97,85,73,72
12:16+B,0,24,9,,0:1:4:5:6:7:10:11:12:13:16:17:18:19:22:23:24:25:29:30:34:35:36:41:42:47:48:53:54:59:60:71:84:95:96:107:108:119:120:121:130:131:132:133:142:143:144:145:154:155:156:157:166:167:168:179:180:181:182:189:190:191;33,21,9;15,27,28,40,52,64,76,88,100,112,124,136;57,69,81,93,105,104,116,128,140,152,164,176,188,187,186,185,184,183;37,49,50,62,74,86,85,97,109,110,122,134,146,158,159,160,161,162,150,138,126,114,102,90,78,79,80,68,56,44,45,46,58,70,82,83;8,20,32,31,43,55,67,66,65,77,89,101,113,125,137,149,148,147,135,123,111,99,98;87,75,63,51,39,38,26,14,2,3;94,106,118,117,129,141,153,165,177,178;72,73,61;92,91,103,115,127,139,151,163,175,174,173,172,171,170,169
12:16+B,0,25,9,,0:1:2:4:5:6:7:9:10:11:12:13:17:18:22:23:24:29:30:35:36:41:42:47:48:53:54:59:65:66:84:95:96:107:132:137:138:143:144:149:150:155:156:157:161:162:166:167:168:169:173:174:178:179:180:181:185:186:190:191;3,15,14,26,25,37,49,61,62,74,86,98,99,100,101,102,103,104,105,93,81,69,57,45,44,32;108,120,121,133,145,146,158,170,182,183,184,172,160,148,136,124,125,126,127,139,151,163,175,187,188,189,177,165,153,154,142,130,131,119;83,71,70,58,46,34,33,21;38,50,51,63,75,87,88,89,90,91,92,80,68,56,55,43,31,19,20,8;171,159,147,135,123,111,112,113,114,115,116,128;16,28,27,39;176,164,152,140,141,129,117,118,106,94,82;60,72,73,85,97,109,110,122,134;67,79,78,77,76,64,52,40
12:16+B,0,26,10,,0:1:10:11:12:13:22:23:24:35:36:37:46:47:72:73:82:83:84:85:94:95:96:107:108:119:120:131:132:137:138:143:144:149:150:155:156:157:166:167:168:169:170:173:174:177:178:179:180:181:182:183:185:186:188:189:190:191;89,88,76,64,52,40,28,16,17,18,19,20,32,44,45,57,58;2,14,26,25;38,50,49,48;184,172,171,159,158,146,145,133,121,109,97,98,86,74,62,61,60;140,152,164,176,175,187;100,99,87,75,63,51,39,27,15,3,4,5,6,7,8,9,21,33,34;123,111,112,113,101,102,90,78,77,65,53,41,29,30,31,43,55,56,68,80,92,104,116,117,118,130,142,154,153,165;141,129,128,127,139,151,163,162,161,160,148,147,135,134,122,110;42,54,66,67,79,91,103,115,114,126,125,124,136;59,71,70,69,81,93,105,106
12:16+B,0,27,10,,0:1:5:6:10:11:12:13:17:18:22:23:24:25:29:30:34:35:36:37:41:42:46:47:48:53:54:59:60:65:66:71:108:113:114:119:132:143:144:155:156:157:166:167:168:169:178:179:180:181:182:185:186:189:190:191;83,95,107;115,103,102,101,100,112,111,123;96,84,72,73,61,49,50,38,26,14,2,3,4,16,28,40,52,64;184,172,173,174,175,163,164,152,140,141,129,117,118,106,94,82,70,58,57,45,33,21,9,8,7,19,31,43,55,67,79,78,77,76,75,63,51,39,27,15;159,160,161,162,150,151,139,127,128,116,104,105,93,81,69;98,99,87,88,89,90,91,92,80,68,56,44,32,20;187,188,176,177,165,153,154,142,130,131;126,125,124,136;120,121,133,145,146,158,170,171,183;62,74,86,85,97,109,110,122,134,135,147,148,149,137,138
12:16+B,0,28,10,,0:4:5:6:7:11:12:16:17:18:19:23:24:28:29:30:31:35:36:40:41:42:43:47:48:53:54:59:65:66:77:78:101:102:113:114:132:143:161:162:172:173:174:175:181:182:183:184:185:186:187:188:189:190;115,127,126,125,137,149,150,151,163,164,176,177;156,144,145,133,134,122,110,98,86,74,73,61,49,37,25,13,1,2,3,15,27,39,51,52,64,76,88,89,90,91,103,104,116,128;60,72,84,96,108,120;152,153,165,166,178,179,191;180,168,169,170,171,159,160,148,136,124,112,100,99,87,75,63,62,50,38,26,14;157,158,146,147,135,123,111;138,139,140,141,129,117,105,93,92,80,68,56,44,32,20,8,9,10,22,34,46,58,70,71,83,95,107,119,131;79,67,55;167,155,154,142,130,118,106,94,82,81,69,57,45,33,21;85,97,109,121
12:16+B,0,29,9,,0:1:5:6:10:11:12:13:22:23:24:25:34:35:36:37:38:45:46:47:48:49:50:51:56:57:58:59:60:61:70:71:72:83:84:95:96:107:108:119:161:162:172:173:174:175:180:184:185:186:187:191;9,8,20;26,14,2,3,4;75,76,77,65,53,41,29,28;168,156,157,145,133,134,122,123,124;177,165,166,154,142,141,129,117,105,93,92,80,79,78,66,54,42,30,18,17,16,15,27,39,40,52,64,63,62,74,73,85,97,98,99,100,101,102,114,115,127,139,138,137,136,135,147,146,158,170,169;153,152,140,128,116,104,103,91,90,89,88,87,86;7,19,31,43,55,67,68,69,81,82,94,106,118,130,131,143,155,167,179,178,190,189,188,176,164,163,151,150,149,148,160,159,171,183,182,181;21,33,32,44;144,132,120,121,109,110,111,112,113,125,126
12:16+B,0,30,9,,0:1:2:4:5:6:7:9:10:11:12:13:16:17:18:19:22:23:24:29:30:35:41:42:65:66:89:90:100:101:102:103:108:113:114:119:125:126:132:143:144:145:154:155:156:167:168:179:180:191;58,57,69,81,80,92,91;8,20,32,31,43,55,54,53,52,40,28;34,33,21;51,63,64,76,77,78,79,67,68,56,44,45,46,47,59,71,70,82,94,93,105,104,116,115,127,139,151,150,149,148,147,135,123,122,110,109,97,96,84,72,60,48,36,37,25,26,14,15,3;88,87,75,74,62,50,38,39,27;120,121,133,134,146,158,157,169,181,182,183,184,185,186,187,188,189,190,178,166,165,153,141,142,130,131;159,160,161,162,163,164,152,140,128,129,117,118,106,107,95,83;49,61,73,85,86,98,99,111,112,124,136,137,138;170,171,172,173,174,175,176,177
