13+B,0,1,10,,0:1:2:3:9:10:11:12:13:14:15:16:17:21:22:23:24:25:26:27:28:29:30:34:35:36:37:38:39:40:41:42:43:47:48:49:50:51:52:53:54:55:56:60:61:62:63:64:65:66:67:68:69:73:74:75:76:77:78:79:80:81:87:88:89:90:91:92:93:101:102:103:104:105:115:116:117:118:128:129:130:142:156:168;83,70,57,44,31,18,5,4;167,166,165,164,163,162;86,99,100,113,114;139,138,137,124,123,110,97,84,71,58,45,32,19,6;94,107,108,121,134,147;157,144,143;82,95,96,109,122,135,136;158,145,132,131;155,154,141,140,127,126,125,112,111,98,85,72,59,46,33,20,7,8;153,152,151,150,149,148,161,160,159,146,133,120,119,106
7:9,0,2,7,,,7|8:9|16:10|17:11|18:12|13:14|15:19|20:21|22:26|27:28|29:33|34:35|36:40|41:42|43:44|51:45|52:46|53:47|48:49|50:54|55;26,19,18,17,16;59,58,57,56,49,42,35,28,21,14,7,0,1;33,32,25;8,9,10,11,12,5,6,13,20,27,34,41,48,55,62,61,60,53,52,51,50,43,36;54,47,46,45,44,37,30,29,22,15;23,24,31,38,39,40;2,3,4
10+B,0,3,8,,0:1:2:3:6:7:8:9:10:11:18:19:20:29:30:39:60:69:70:79:80:81:88:89:90:91:92:93:96:97:98:99;50,40,41,31,21;95,94,84,83,82,72,62,63,53;78,68,58,57,47,46,45,35,34;15,16,17,27,28;71,61,51,52,42,32,22,12,13,14,4,5;65,64,74,73;86,87,77,67,66,56,55,54,44,43,33,23,24,25,26,36,37,38,48,49,59;76,75,85
10+B,0,4,11,,,4|5:14|15:24|25:40|50:41|51:42|52:47|57:48|58:49|59:74|75:84|85:94|95;63,64,54,44,34,24,14,4,3,2,1,0,10,20,30;27,37,47;49,39,29,19,9,8,7,6,5,15,25,35,45,55,65,66;53,43,33,23,13,12,11,21,31,41,40;83,82,81,71,61,60,50;59,58,57,56,46,36,26,16,17,18,28,38,48;51,52,62,72,73,74,84,94;42,32,22;68,78,88,87,86;67,77,76,75,85,95,96,97,98,99,89,79,69;93,92,91,90,80,70
10,0,5,9,,,1|11:2|12:3|13:4|14:6|16:7|17:8|18:10|11:12|22:14|24:15|25:16|26:17|27:18|19:20|21:21|22:27|28:28|29:30|31:31|32:38|39:41|42:47|48:48|49:50|51:51|52:57|58:60|61:67|68:68|69:70|71:71|72:72|82:73|83:74|84:75|85:77|78:77|87:78|79:80|81:81|91:82|92:83|93:85|95:86|96:87|97:88|89:88|98;50,40,30,20,10,0,1,2,3,4;60,70,80,90,91,92,93,94,95,96,97,98,99,89,79,69,59,49,39,29,19,9,8,7,6,5,15,14,13,12,11,21,31,41,51,61,62,72,73,74,75,76,77,67,57,47,46,45,35,25,26;27,37,36;86,85,84,83,82,81,71;55,56,66;16,17,18,28,38,48,58,68,78,88,87;63,53,52,42,32;65,64,54,44,43,33;34,24,23,22
14:12+B,0,6,13,,0:1:2:3:4:5:6:7:8:9:10:11:12:13:14:15:20:28:29:34:36:37:41:42:43:44:47:48:50:51:55:56:57:64:65:70:84:98:112:113:126:127:140:157:160:163:164:167;141,155,154;17,18,19;54,68,69,83,97,111,125,124,138;33,32,46,60,61,62,63,49,35,21,22,23;143,144,130,116,117,118,119,120,121,135,149,150,151,137,123,109,110,96,82;165,166,152,153,139;114,100,99,85;146,147,161,162;27,26,40,39,53,67,81,95,94,93,92,91,90,89,88,102,101,115,129,128,142,156;86,87,73,74,75,76,77,78,79,80,66,52,38,24,25;136,122,108,107,106,105,104,103;148,134,133,132,131,145,159,158;71,72,58,59,45,31,30,16
10,0,7,10,,,12|22:13|23:16|26:17|27:21|22:27|28:31|32:37|38:61|62:67|68:71|72:72|82:73|83:76|86:77|78:77|87;36,46,56,55;29,28,18,17,16,6,5,4,3,2,1,0,10,20,30,40,50,60,70,80,90,91,92,93,94,95,96,97,98,99,89,79,69,59,49;84,74,64,65,66,67,57,47,37,27,26;7,8,9,19;54,44,45,35;58,68,78,88,87,86,85,75,76,77;15,25,24,23,22,32,42,52,62,72,73;39,38,48;63,53,43,33,34;14,13,12,11,21,31,41,51,61,71,81,82,83
9+B,0,8,9,,0:8:72:80,11|20:15|24:19|20:20|29:23|24:24|25:51|60:55|56:56|57:56|65:60|61:60|69;24,33,42,51,50,49;65,66,67,76,77,78,79,70,71,62,53,44,35,26,17,16,15,14,23,32,41,40,39;18,9,10,1,2,3,4,5,6,7;60,59,68,69;58,57,48,47,56;75,74,73,64,63,54,45,36,27,28,19;61,52,43,34,25;13,22,31,30,29,38,37,46,55;11,12,21,20
10+B,0,9,8,,3:4:5:6:13:14:15:16:23:24:25:26:73:74:75:76:83:84:85:86:93:94:95:96;18,28,38;32,22,12,2;0,1,11,21,31,41,42,43,44,45,46,56,57,58,68,78;39,29,19,9,8,7,17,27;33,34,35,36,37,47,48,49,59,69,79,89,99,98,97;82,72,62,63,64;88,87,77,67,66,65,55,54,53,52,51,61,71,81,91,92;10,20,30,40,50,60,70,80,90
10+B,0,10,9,,4:5:40:44:45:49:50:54:55:59:94:95;60,70,80,90,91,92,93,83,73;9,19,29,39;34,35,36,46,56,66;82,72,62,63,64,65,75,76,77,67,57,47,37,27,17,16,15,14,13,12,22,32,42;30,20,10,0;96,97,98,99,89,79,69;74,84,85,86,87,88,78,68,58,48,38,28,18,8,7,6;41,31,21,11,1,2,3;26,25,24,23,33,43,53,52,51,61,71,81
8:10,0,11,10,,,8|9:10|18:11|19:12|20:13|21:14|15:16|17:22|23:24|25:30|31:32|33:38|39:40|41:46|47:48|49:54|55:56|57:58|66:59|67:60|68:61|69:62|63:64|65:70|71;9,1,0,8,16,24,32,40,48,56,64,72;18,17,25,33,34,35,36,28;60,61,62,54;10,11,12,13,14,22,30,29,37;53,45,46,38;21,20,19,27,26;41,49,57,58,59,51;50,42,43,44,52;2,3,4,5,6,7,15,23,31,39,47,55,63,71,79,78,70,69,68,67,66,65,73;74,75,76,77
14+B,0,12,8,,0:1:2:3:4:5:6:7:14:15:16:28:29:30:42:43:44:50:51:52:56:57:58:62:63:64:65:66:70:71:72:76:77:78:79:80:84:85:86:90:91:92:93:94:98:99:100:104:105:106:107:108:112:113:114:118:119:120:126:132:133:146:147:160:161:162:167:168:173:174:175:176:177:180:181:182:183:186:187:188:189:190:191:192:193:194:195;166,165,179,178;163,149,148;134,135,136,137,138,124,110,96,82,68,54,40,26,25,24,23,22,21,20,34,33,32,46,60,74,88,102,116,130,144,143,157,156,155,154;127,128,129,115,101,87,73,59,45,31,17,18,19;169,170,184;142,141,140;164,150,151,152,153,139,125,111,97,83,69,55,41,27,13,12,11,10,9,8;185,171,172,158,159,145,131,117,103,89,75,61,47,48,49,35,36,37,38,39,53,67,81,95,109,123,122,121
11+B,0,13,10,,5:16:27:55:56:57:63:64:65:93:104:115;28,17,18,19,20,31,42,41;110,111,112,113,114;103,102,101,100,99,88,77,66,67,68,69,58;30,29,40,39,50;44,33,22,11,0,1,2,3,4,15,26,37,38,49,60,61,62,51,52,53,54,43,32,21,10,9,8,7,6;89,78,79,80,81,82,83,94,105,116,117,118,119,120,109,98;46,35,24;45,34,23,12,13,14,25,36,47,48,59,70,71,72,73,84,95,106,107,108,97,86,87;92,91,90;76,75,74,85,96
11,0,14,9,,,13|24:14|25:15|26:18|29:19|30:23|24:30|31:34|35:41|42:52|53:67|68:78|79:85|86:89|90:90|101:91|102:94|105:95|106:96|97:96|107;6,17,16,15,14,13,12,23,34;64,53,42,31,20,19;47,48,49,50,61,72;90,79,68,69,70,81,82,83,94,95,96;24,25,36,37,38,39,40,51,62,73,84,85;5,4,3,2,1,0,11,22,33,44,55,66,77,88,99,110,111,112,113;57,58,59,60,71;18,7,8,9,10,21,32,43,54,65,76,87,98,109,120,119,118,117,116,115,114,103,102,101,100,89,78,67,56,45,46,35;80,91,92,93,104,105,106,107,108,97,86,75,74,63,52,41,30,29,28,27,26
10+B,0,15,10,,0:9:90:99,12|22:17|27:21|22:22|32:26|27:27|28:67|77:71|72:72|73:72|82:77|78:77|87;49,39,29,19,18,17,16,26,36,46,45,44,43,53;51,61,71,81,82,83,84,85,86,87,88,78,68,67,66,65,64,54;21,31,41;12,13,23,22;63,73,74,75,76,77;72,62,52,42,32,33,34,24,14,4,3,2,1,11,10,20,30,40,50,60,70,80;8,7,6,5,15,25,35;27,37,47,57,56,55;28,38,48,58,59,69,79,89;91,92,93,94,95,96,97,98
12:14+B,0,16,10,,0:1:2:3:4:5:6:7:8:9:10:11:12:13:22:23:37:46:49:58:61:70:73:82:96:107:108:109:118:119:120:121:122:123:128:129:130:131:132:133:134:141:142:143:144:145:154:155:156:167,85|86:93|94:147|148:148|160:149|161:150|162:151|152:151|163;102,103,104,92,93,81;114,113,101,100,88,76,75,63,51,52,40,41,42,43,44,32;157,158,146,147,135,136,137,138,139,140,152,153,165,166;31,30,29,28,27,39,38,50,62,74,86,87,99;64,65,53,54,55,56,57,45,33,21,20,19,18,17,16,15,14,26,25,24,36,48,60,72,84,85,97,98,110,111;164,163,162,161,160,159;80,79,91,90;148,149,150,151;89,77,78,66,67,68,69;112,124,125,126,127,115,116,117,105,106,94,95,83,71,59,47,35,34
11,0,17,11,,,1|12:2|13:3|14:4|15:5|16:6|17:8|19:9|20:11|12:14|25:15|26:16|27:17|28:18|29:19|30:20|21:22|23:23|24:31|32:34|35:41|42:42|43:44|45:45|46:52|53:53|54:55|56:56|57:63|64:64|65:66|67:67|68:74|75:75|76:77|78:78|79:85|86:88|89:90|101:91|102:92|103:93|104:94|105:95|106:96|97:97|98:99|100:100|111:101|112:103|114:104|115:105|116:106|117:107|118:108|109:108|119;2,1,0,11,22,33,44,55,66,77,88,99,110,111,112,113,114,115,116,117,118,119,120,109,98,87,76,65,54,43,32,21,10,9,8,7,18,19,20;3,4,5,6;83,82,71,70,69;80,81,92,93,94,95,84,73,72,61,60,59,58;68,57,46,47,48,49,50,51,62,63,74,85,96,107,106,105,104,103,102,101,100,89,78,67,56,45,34,23,12,13,24;39,40,41,52;35,36,37;91,90,79;25,26,27,38;28,29,30,31,42,53,64,75,86,97,108;14,15,16,17
11+B,0,18,10,,3:4:5:6:7:14:15:16:17:18:25:26:27:28:29:91:92:93:94:95:102:103:104:105:106:113:114:115:116:117;24,35,36,37,38,39,40,41,30,19,8,9,10;2,1,0,11,22,33,44,45,56;71,70,81,80,79,90,101,112,111,110,99,88,77,66,55;118,107,96;34,23,12,13;82,83,72;73,84,85,86,97,108,119;120,109,98,87,76,75,74,63,62,61,60,59,58,69,68,67,78,89,100;32,43,54,65,64;57,46,47,48,49,50,51,52,53,42,31,20,21
11+B,0,19,8,,0:1:2:3:7:8:9:10:11:12:20:21:22:32:33:43:77:87:88:98:99:100:108:109:110:111:112:113:117:118:119:120;66,55,56,57,46,35,24,13,14,15,16,27,28,29,40,41,52,63,74,85,96,107,106,105,116,115,114,103,102,101;76,65,54;4,5,6,17,18,19,30,31,42,53,64,75,86,97;23,34,45,44;79,90,91,92;25,36,47,58,59,70,71;104,93,94,95,84,73,62,51,50,39,38,37,26;48,49,60,61,72,83,82,81,80,69,68,67,78,89
11+B,0,20,10,,5:55:60:65:115;101,100,89,88,77,66;91,90,79,78,67,56,45,34,23,12,13,14;84,73,62,51,40,39,38;37,48,49,50,61,72,83,94,95,96,85,86;106,107,108,97;20,31,30,29,28,27,26,25,24,35,46,57,68,69,80,81,92,103,114;99,110,111,112,113,102;6,7,8,9,10,21,32,43,54,53,64,75,76,87,98,109,120,119,118,117,116,105,104,93,82,71,70,59,58,47,36;42,41,52,63,74;44,33,22,11,0,1,2,3,4,15,16,17,18,19
12,0,21,12,,,14|26:15|27:16|28:19|31:20|32:21|33:25|26:33|34:37|38:45|46:49|50:57|58:85|86:93|94:97|98:105|106:109|110:110|122:111|123:112|124:115|127:116|128:117|118:117|129;32,31,30;29,28,27,39,51,63;33,45,44,43,42,41,53,65;110,111,112,113,114,115,116,117,105,93;40,52,64,76,77;6,7,8,9,10,11,23,35,47,59;71,83,95,107,119,131,143,142,141,140,139,138,137,136,135,134,133,132,120,108,96,84,72,60,48,36,24,12,0,1,2,3,4,5,17,18,19,20,21,22,34,46,58;86,98,99,100,101,102,103,104,92,80,68;61,49,37,25,13,14,15,16;26,38,50,62,74,73,85,97,109,121,122,123,124,125,126,127,128,129,130,118,106,94,82,81;78,66,54;70,69,57,56,55,67,79,91,90,89,88,87,75
12,0,22,13,,,29|30:40|41:41|42:42|43:51|52:52|53:53|54:54|55:55|56:62|63:62|74:63|64:63|75:64|65:64|76:65|66:65|77:66|67:66|78:67|68:67|79:68|69:68|80:69|81:74|75:75|76:76|77:77|78:78|79:79|80:80|81:87|88:88|89:89|90:90|91:91|92:100|101:101|102:102|103:113|114;67,55,43,44,56,68;75,87,99;34,22,21,20,19,18,17,16,15,14,13,25,37,49,48,60,72,84,85,97,109,121,133;78,90,102,114,126,138,137,136,135,134,122,110,98,86,74,73,61,62,50,38,26,27,28,29,41,53,65;94,106,118,130,129;64,52,40,39,51,63;36,24,12,0,1,2,3,4,5,6,7,8,9,10,11,23,35,47;96,108,120,132;79,91,103,115,127,139,140,141,142,143,131,119,107,95,83,71,59,58,46,45,33,32,31,30,42,54,66;77,89,101,113,112,100,88,76;117,105,93,81,82,70,69,57;128,116,104,92,80;111,123,124,125
9:11,0,23,10,,,9|10:11|20:12|21:13|22:14|23:15|24:16|17:18|19:25|26:27|28:34|35:36|37:43|44:45|46:52|53:54|55:61|62:63|64:70|71:72|73:74|83:75|84:76|85:77|86:78|87:79|80:81|82:88|89;83,84,85,86;32,41,42;92,93,94,95,96,87;37,46,55,64,65,66,67,76,77;33,34,43,52;19,28,29,38,47,56,57,58,59,68,69,70;61,60,51,50,49,40,31;22,23,24,25,16,15,14,13,12,11,10;78,79,88,97,98,89,80,71,62,53,44,35,26,17,8,7,6,5,4,3,2,1,0,9,18,27,36,45,54,63,72,81,90,91,82,73,74,75;20,21,30,39,48
12,0,24,14,,,1|13:2|14:3|15:4|16:5|17:6|18:7|19:8|20:10|22:12|13:14|26:15|27:16|28:17|29:18|30:19|31:20|32:22|23:33|34:34|35:36|37:37|38:45|46:46|47:48|49:49|50:57|58:58|59:60|61:61|62:69|70:70|71:72|73:73|74:81|82:82|83:84|85:85|86:93|94:94|95:96|97:97|98:105|106:106|107:108|109:109|110:111|123:112|124:113|125:114|126:115|127:116|128:117|129:120|121:121|133:123|135:124|136:125|137:126|138:127|139:128|140:129|141:130|131:130|142;1,0,12,24,25,37,49,61,73,85,97,109,121,122,123,124,125,126,127,128,129,130,118;102,101,89,77,65,66,67;105,117,116,115,114,113,112,111,110,98,86;51,52,53;63,75,87,99,100;2,3,4,5,6,7,8,9,10,11,23,35,47,59,71,83,95,107,119,131,143,142,141,140,139,138,137,136,135,134,133,132,120,108,96,84,72,60,48,36;13,14,15,16,17,18,19,20,21,33,32,31,30,29,28;91,103,104;39,40,41,42,54,55,56,68,80,92,93;90,78,79;43,44,45,57,69,81;106,94,82,70,58,46,34,22;64,76,88;27,26,38,50,62,74
11+B,0,25,13,,0:10:110:120,13|24:19|30:23|24:24|35:29|30:30|31:85|96:89|90:90|91:90|101:96|97:96|107;53,52,41,30;47,58,69,68,67,56,45,34,23;90,79,78,89;96,95,94,83,82,71,60,49,38,27,16,5,4;97,86,85,84;19,18,29,40,51,62,73,74,75,76,87,98,109,108,107,106,105,104,93,92,81,70,59,48,37,26,15,14,3,2,1;103,114,115,116,117,118,119;13,12,11,22,33,44,55,66,77,88,99,100,111,112,113;57,46,35,36,25,24;31,42,43,54;72,61,50,39,28,17,6,7,8,9,20,21,32;101,102,91,80;65,64,63
12+B,0,26,14,,,5|6:17|18:29|30:60|72:61|73:62|74:69|81:70|82:71|83:113|114:125|126:137|138;20,19,31;39,51,50,49,37;28,16,15,14,2,1,0,12;126,138,139,140,141,142,143,131,119,107,95,83,82,81,93,105,117,116;30,18,6,7,8,9,21,33,32;66,67,68,69,70,71,59,47,35,23,11;29,17,5,4,3;10,22,34,46,45,44,43,42,41,40;136,137,125,113,112,111,110,98;103,104,92,80,79,78,77,65,53,54,55,56,57,58;94,106,118,130,129,128,127,115,114,102,101,100,99,87,86,85,97,109,121,122;13,25,24,36,48,60,61,62,63,75,74,73,72,84,96,108,120,132,133,134,135,123,124;91,90,89,88,76,64,52;27,26,38
12+B,0,27,13,,5:6:60:65:66:71:72:77:78:83:137:138;82,94,95,107,119,131,143,142,141,140,139,127;12,0,1,2,3,4,16,28,40,41,42,30,31,32,20,21,22,23,35,47,59;33,34,46,58,70;63,64,52,53,54,55,56;81,80,92,104,103,102,101,100,99,87,75,74,62,50,51,39,27,15,14,13,25,24;57,69,68,67,79,91,90,89,88,76;110,98,86,85,73,61,49;108,120,132,133,134,135,136,124,125,126;48,36,37,38,26;84,96,97,109,121,122,123,111,112,113,114,115,116,117;11,10,9,8,7,19,18,17,29;43,44,45;128,129,130,118,106,105,93
10,0,28,10,,,12|22:13|23:16|26:17|27:21|22:27|28:31|32:37|38:61|62:67|68:71|72:72|82:73|83:76|86:77|78:77|87;40,30,20,10,0,1,2,3,4,5,6,7,8,9,19,29,39,49,59,69,79,89,99,98,97;65,66,56,46,45;32,33,34,35,36,37,47,57,67,77,76,75,85,95;22,23,24,14,13,12,11,21,31;27,26,25,15,16,17,18,28,38,48,58,68,78,88,87,86,96;52,53,63,64,74,84,94,93,92;62,72,73;90,80,70,71,61;55,54,44,43,42,41,51,50,60;83,82,81,91
12+B,0,29,11,,0:1:2:3:4:7:8:9:10:11:12:13:14:21:22:23:24:25:34:35:36:47:48:59:84:95:96:107:108:109:118:119:120:121:122:129:130:131:132:133:134:135:136:139:140:141:142:143;20,32,33;71,83,82,81,80,79,78,77,76,64,52,40,28;5,6,18,19,31,43,44,45,46,58,70,69,68,67,66,65,53,41;112,100,99;37,38,26,27,15,16,17,29,30,42,54,55,56,57;102,90,91,92,93,94,106;101,89,88,87,86,74;75,63,62,61;104,103,115,114,113,125,124,123,111,110,98,97,85,73,72,60;105,117,116,128,127,126,138,137;49,50,51,39
12+B,0,30,13,,4:5:6:7:16:17:18:19:28:29:30:31:112:113:114:115:124:125:126:127:136:137:138:139;89,88,87,99,111,123,135,134,133,132,120,108,109,97,85,73,74,62,50;130,129,117,105,93,92,80,79;21,33,45,57,56,55,43,42;121,122,110,98,86;12,0,1,2,3,15,27;118,106,94,82,81,69,68,67,66,54,53,41,40,39;100,101,102,90,78,77,65,64,52;96,84,72,60;70,58,46,34,22;51,63,75,76;61,49,48,36,24,25,13,14;37,38,26;91,103,104,116,128,140,141,142,143,131,119,107,95,83,71,59,47,35,23,11,10,9,8,20,32,44
13+B,0,31,9,,0:1:2:3:9:10:11:12:13:14:15:16:17:21:22:23:24:25:26:27:28:29:30:34:35:36:37:38:39:40:41:42:43:47:48:49:50:51:52:53:54:55:56:60:61:62:63:64:65:66:67:68:69:73:74:75:76:77:78:79:80:81:87:88:89:90:91:92:93:101:102:103:104:105:115:116:117:118:128:129:130:142:156:168;121,108,109,96,97,98,111,112,125,126,127,140,141;119,120,133,134,135,122;114,113,100,99,86,85,72,59,46,33,20,7,8;150,163,162,161,160,159,158,157,144,143;151,164,165,166,167,154,155;106,107,94,95,82,83,70,57,44,31,18,5,4;6,19,32,45,58,71,84;153,152,139,138,137,136,149,148,147,146,145,132,131;124,123,110
7:9,0,32,7,,,7|8:9|16:10|17:11|18:12|13:14|15:19|20:21|22:26|27:28|29:33|34:35|36:40|41:42|43:44|51:45|52:46|53:47|48:49|50:54|55;25,24,31,30;59,60,61,62,55,48,41,34,27,20,13,6,5,4,3,2,1;8,9,10,11,12,19,26,33,40;23,22,29,36,37,38,45;58,51,52,53,54,47,46,39,32;18,17,16,15;0,7,14,21,28,35,42,49,56,57,50,43,44
10+B,0,33,8,,0:1:2:3:6:7:8:9:10:11:18:19:20:29:30:39:60:69:70:79:80:81:88:89:90:91:92:93:96:97:98:99;59,49,48,38,28,27,17,16,15,5,4;43,53,63,73,74,75,85,86,87,77,78,68,58;95,94,84,83,82,72,62,52,42,32;50,40,41,31,21,22,23,33,34,44,54,64;71,61,51;35,45,55,65;67,57,47,37,36,26,25,24,14,13,12;76,66,56,46
10+B,0,34,10,,,4|5:14|15:24|25:40|50:41|51:42|52:47|57:48|58:49|59:74|75:84|85:94|95;9,8,18,28,38,48,47,46,56,57,67,68,78,88,87,86;31,32,33,34,24,14,4;64,74,84,94,93,92,91,90,80,70,71,61;58,59,69,79,89,99,98,97,96,95,85,75,76,77;49,39,29,19;0,1,2,3,13,23,22,21;12,11,10,20,30,40,41,42,43,44,45,35,25,15,5,6,7,17,27;37,36,26,16;81,82,83,73,63,53,54,55,65,66;60,50,51,52,62,72
10,0,35,9,,,1|11:2|12:3|13:4|14:6|16:7|17:8|18:10|11:12|22:14|24:15|25:16|26:17|27:18|19:20|21:21|22:27|28:28|29:30|31:31|32:38|39:41|42:47|48:48|49:50|51:51|52:57|58:60|61:67|68:68|69:70|71:71|72:72|82:73|83:74|84:75|85:77|78:77|87:78|79:80|81:81|91:82|92:83|93:85|95:86|96:87|97:88|89:88|98;85,84,83,82,81,71,61,51;32,33,43,53;45,55,56,66,76,86,87,88,78,68,58,48,38,28,18,17,16,15,14;72,73,74,75,65;5,4,3,2,1,0,10,20,30,40,41,31,21;24,25,26,27,37,47,57,67,77;6,7,8,9,19,29,39,49,59,69,79,89,99,98,97,96,95,94,93,92,91,90,80,70,60,50;46,36,35,34,44,54,64,63,62,52,42;11,12,13,23,22
14:12+B,0,36,12,,0:1:2:3:4:5:6:7:8:9:10:11:12:13:14:15:20:28:29:34:36:37:41:42:43:44:47:48:50:51:55:56:57:64:65:70:84:98:112:113:126:127:140:157:160:163:164:167;33,19,18,17;16,30,31,45,59,58,72,71,85,99,100,114;40,54,68,69,83,97,111,125,139,153,152;116,130,131,145,146,147,133,134,135,136,137,138,124,110,96,82,81,67,53,39,25,26,27;161,162,148,149,150,151,165,166;156,155,154;132,118,119,120,121,122,123,109,95,94,93,92,91,90;159,158,144,143;80,79,78,77,76,75,74,73,87,86;117,103,104,105,106,107,108;141,142,128,129,115,101,102,88,89;66,52,38,24,23,22,21,35,49,63,62,61,60,46,32
10,0,37,8,,,12|22:13|23:16|26:17|27:21|22:27|28:31|32:37|38:61|62:67|68:71|72:72|82:73|83:76|86:77|78:77|87;44,43,42,32;72,73,74,84,83,82,81,71,61;20,21,11,12,2,3,4,5,15,16,17,18,28,38,48,58,68,78,88;36,46,56,66,65,64,63,62;96,95,94,93,92,91,90,80,70,60,50,40;22,23,33,34,35,45,55,54,53,52,51,41,31,30;6,7,8,9,19,29,39,49,59,69,79,89,99,98,97,87,86,85,75,76,77,67,57,47,37,27,26,25,24,14,13;10,0,1
9+B,0,38,9,,0:8:72:80,11|20:15|24:19|20:20|29:23|24:24|25:51|60:55|56:56|57:56|65:60|61:60|69;49,40,31,30,21,20;1,2,3,4,5,14,15;55,54,45;19,28,29,38,39,48,57,58,59,60;6,7,16,25,34,43,52,61,70,69,68,67,66,65,64,63;41,32,23,22,13,12,11,10,9,18,27,36,37,46,47,56;17,26,35,44,53,62,71;79,78,77,76,75,74,73;50,51,42,33,24
10+B,0,39,6,,3:4:5:6:13:14:15:16:23:24:25:26:73:74:75:76:83:84:85:86:93:94:95:96;55,54,53,52,51,61,71;11,21,31,41,42,43,44,45,46,56,66,65,64,63,62,72,82,81;17,18,19,29,39,49,59,69,79,89,99,98,97,87,77,67,57,47,37,36,35,34,33,32,22,12,2,1,0;9,8,7;10,20,30,40,50,60,70,80,90,91,92;27,28,38,48,58,68,78,88
10+B,0,40,8,,4:5:40:44:45:49:50:54:55:59:94:95;28,18,17,7;47,48,38,39,29,19,9,8;13,12,11,21;78,88,87,86,76,75,74,73,72,62,52,42,32,22,23,24,14,15,16,6;77,67,66,65,64,63,53,43,33,34,35,25,26,27;37,36,46,56,57,58,68,69,79,89,99,98,97,96;82,81,71;3,2,1,0,10,20,30,31,41,51,61,60,70,80,90,91,92,93,83,84,85
8:10,0,41,9,,,8|9:10|18:11|19:12|20:13|21:14|15:16|17:22|23:24|25:30|31:32|33:38|39:40|41:46|47:48|49:54|55:56|57:58|66:59|67:60|68:61|69:62|63:64|65:70|71;20,19,18,17,9,10,11,3;59,58,50,42;4,5,6,7,15,23,31,39,47,55,63,71,79,78,77,76,75,74,73,72,64,56,48,40,32,24,16,8,0,1,2;12,13,14;28,27,26,25;34,33,41,49,57,65,66,67,68,69,70,62,54;22,30,38,46,45,53,61,60;52,44,36,37,29,21;51,43,35
14+B,0,42,10,,0:1:2:3:4:5:6:7:14:15:16:28:29:30:42:43:44:50:51:52:56:57:58:62:63:64:65:66:70:71:72:76:77:78:79:80:84:85:86:90:91:92:93:94:98:99:100:104:105:106:107:108:112:113:114:118:119:120:126:132:133:146:147:160:161:162:167:168:173:174:175:176:177:180:181:182:183:186:187:188:189:190:191:192:193:194:195;184,170,169;178,164,163;179,165,166,152,153,139,125,111,97,83,69,55,41,27,13,12,11,10,9,8;185,171,157,143,144,130,116,102,88,74,75,61;89,103,117,131,145,159,158,172;154,140,141,127;121,135,136;134,148,149,150,151,137,138,124,110,96,82,68,54,40,26,25,24,23,22,21,20,19,18,17;49,48,47,46,60;122,123,109,95,81,67,53,39,38,37,36,35,34,33,32,31,45,59,73,87,101,115,129,128,142,156,155
11+B,0,43,11,,5:16:27:55:56:57:63:64:65:93:104:115;43,42,31,20,19,18;103,102,101,100,89,78,79,80,81,70;12,23,34,35,36,25,14,3;116,117,118,119,120,109,98,87,76,75,74,85,96,95,94;86,97,108,107,106,105;4,15,26,37,38,39,40,51,62,73,84,83,82,71,60,59,58,69,68,67,66,77,88,99,110,111,112,113,114;7,8,9,10,21,32;24,13,2,1,0,11;22,33,44,45,46,47,48,49,50,61,72;92,91,90;54,53,52,41,30,29,28,17,6
11,0,44,11,,,13|24:14|25:15|26:18|29:19|30:23|24:30|31:34|35:41|42:52|53:67|68:78|79:85|86:89|90:90|101:91|102:94|105:95|106:96|97:96|107;36,47,58,69,80,91;94,83,72,61,50,39,40,29;95,96,85,74,75,86,97,108,107,106,105,104,93,82,71,60,49,48,37;28,27,38;26,25,24,35,46,57,68,79,90;116,117,118,119,120,109,98,87,76,65,54,43,32,21,10,9,8,7,6,5,4,3,2,1,0;51,62,73,84;30,41,52,63,64,53,42,31,20,19,18,17,16,15,14,13,12;113,112,111,110,99,88,77,66,55,44,33;115,114,103,92,81,70,59;11,22,23,34,45,56,67,78,89,100,101,102
10+B,0,45,10,,0:9:90:99,12|22:17|27:21|22:22|32:26|27:27|28:67|77:71|72:72|73:72|82:77|78:77|87;1,2,3,4,14,24,34,44,45,55,56,57,58,48,38,28;32,31,30,20,10;98,97,96,95,94,93,92,91,81,80,70,60,50,40,41,42,43,33,23,22;77,76,75,74,73,63;36,26,16,17,18,19,29,39,49,59,69,79,89,88,87,86,85,84,83,82;21,11,12,13;27,37,47,46;78,68,67,66,65,64,54,53,52,51;72,62,61,71;35,25,15,5,6,7,8
12:14+B,0,46,10,,0:1:2:3:4:5:6:7:8:9:10:11:12:13:22:23:37:46:49:58:61:70:73:82:96:107:108:109:118:119:120:121:122:123:128:129:130:131:132:133:134:141:142:143:144:145:154:155:156:167,85|86:93|94:147|148:148|160:149|161:150|162:151|152:151|163;79,67,66,54,42,41,40,39,38,26,14,15,16,17,18,19,20,32,44,45,57,69,81,93,92,104,103,102,114,113;159,160,161,162,163,164,165,166;137,125,124,112,100,88,76,64,63,62,50;110,111,99,87,75,74;153,152,140,139,151,150,149,148,136,135,147,146,158,157;91,90,89,101;138,126,127,115,116,117,105,106,94,95,83,71,59,47,35,34,33,21;25,24,36,48,60,72,84,85,97,98,86;80,68,56,55,43,31,30,29,28,27;51,52,53,65,77,78
11,0,47,12,,,1|12:2|13:3|14:4|15:5|16:6|17:8|19:9|20:11|12:14|25:15|26:16|27:17|28:18|29:19|30:20|21:22|23:23|24:31|32:34|35:41|42:42|43:44|45:45|46:52|53:53|54:55|56:56|57:63|64:64|65:66|67:67|68:74|75:75|76:77|78:78|79:85|86:88|89:90|101:91|102:92|103:93|104:94|105:95|106:96|97:97|98:99|100:100|111:101|112:103|114:104|115:105|116:106|117:107|118:108|109:108|119;80,81,82,93,94,95,96,107,108,97,86,75,64,53,42,31,20,19,18,7,6,5,4,3,2,1,0,11,22,33,44,55,66,77,88,99,110,111,112,113,114,115,116,117,118,119,120;109,98,87,76,65,54,43,32,21,10,9,8;89,90,91,92;30,41,52,63,62,73;106,105,104,103,102,101,100;74,85,84,83;37,38,49;60,59,48,47,36;78,67,56,45,34,23,12,13,14,15,16,17;58,57,46,35,24,25,26,27,28,39,50;61,72,71,70,69,68,79;51,40,29
11+B,0,48,11,,3:4:5:6:7:14:15:16:17:18:25:26:27:28:29:91:92:93:94:95:102:103:104:105:106:113:114:115:116:117;61,72,71,70,69,68,67,78,89,100;64,63,52,51,50,49,48,47,46;57,56,55,66;45,34,23,12,1,2;77,88,99,110,111,112,101,90,79,80,81,82,83,84,85,96,107,118,119,120,109,98,87,76,65,54,43,32,21,10,9,8;53,42,31,20,19;108,97,86,75,74,73,62;36,35,24,13;44,33,22,11,0;60,59,58;30,41,40,39,38,37
11+B,0,49,9,,0:1:2:3:7:8:9:10:11:12:20:21:22:32:33:43:77:87:88:98:99:100:108:109:110:111:112:113:117:118:119:120;28,29,30,31,42,53,64,63,74,85,84,83,72,71;95,94,93,82,81,70,59,60,49,50,51;4,5,6,17,18,19;102,101,90,89,78,67,56;26,25,36,35,46,57,68,79,80,91,92,103,104,105,106,107,96,97,86,75,76,65,54;61,62,73;116,115,114;69,58,47,48,37,38,39,40,41,52;66,55,44,45,34,23,24,13,14,15,16,27
11+B,0,50,13,,5:55:60:65:115;4,3,14,25,24,35,46;58,57,68,79,78,89,100,101,102;62,63,52,53,54,43,32,21,10,9,8,7,6,17,16,15;42,31,20,19,18,29,28,27,26,37,36,47;81,80,69;51,50,49,48,59,70,71,82,93,94,95,84,73;44,33,22,11,0,1,2;74,85,96,107,106;64,75,86,97,108;38,39,40,41,30;61,72,83;90,91,92,103,114,113,112,111,110,99,88,77,66,67,56,45,34,23,12,13;76,87,98,109,120,119,118,117,116,105,104
12,0,51,10,,,14|26:15|27:16|28:19|31:20|32:21|33:25|26:33|34:37|38:45|46:49|50:57|58:85|86:93|94:97|98:105|106:109|110:110|122:111|123:112|124:115|127:116|128:117|118:117|129;48,36,37,25,13,14,15,16,17,29,28,27,26,38,50,62,74,86,98,110,111,112,100,88;76,77,65,66,67,68,56,57,45,33,32,31,30,18,19,20,21,22,34,46,58,70,71,83,95,107,119,131,143,142,141,140,139,138,137,136,135,134,133,132,120,108,96,84,72,60;51,39,40,41,42;99,87,75,63,64,52,53,54,55,43,44;127,128,129,130,118,106,94,82;113,101,89;104,92,80,79,78;91,90,102,114,126,125,124,123,122,121,109,97,85,73,61,49;103,115,116,117,105,93,81,69;24,12,0,1,2,3,4,5,6,7,8,9,10,11,23,35,47,59
12,0,52,10,,,29|30:40|41:41|42:42|43:51|52:52|53:53|54:54|55:55|56:62|63:62|74:63|64:63|75:64|65:64|76:65|66:65|77:66|67:66|78:67|68:67|79:68|69:68|80:69|81:74|75:75|76:76|77:77|78:78|79:79|80:80|81:87|88:88|89:89|90:90|91:91|92:100|101:101|102:102|103:113|114;76,88,100,99;77,89,101,113,112,111,110,98,86,87,75;80,92,93,81,82,70,69,57,45,33,32,31,30,42,54,66;37,25,13,14,15,16,17,18,19,20,21,22,34,46,58,59,71,83,95,94,106,105,104,103,91,79;64,52,40,39,51,63;74,73,85,97,109,121,122,123,124,125,126,127,128,129,130,131;47,35,23,11,10,9,8,7,6,5,4,3,2,1,0,12,24,36,48,49,50,38,26,27,28,29,41,53,65;62,61,60,72,84,96,108,120,132,133,134,135,136,137,138,139,140,141,142,143;107,119,118,117,116,115,114,102,90,78;68,56,44,43,55,67
9:11,0,53,10,,,9|10:11|20:12|21:13|22:14|23:15|24:16|17:18|19:25|26:27|28:34|35:36|37:43|44:45|46:52|53:54|55:61|62:63|64:70|71:72|73:74|83:75|84:76|85:77|86:78|87:79|80:81|82:88|89;29,38,47,56,65,74,73;52,61,70,79,88,87;82,91,90,81,72,63,54,45,36,27,18,9,0,1,10,11,12,13,14,15;6,5,4,3,2;67,68,59;94,93,92;50,51,42,43,34,25,16,7,8,17,26,35,44,53,62,71,80,89,98,97,96,95,86,85,84,83;31,30,39,48;32,41,40,49,58,57,66,75,76,77,78,69,60;64,55,46,37,28,19,20,21,22,23,24,33
12,0,54,10,,,1|13:2|14:3|15:4|16:5|17:6|18:7|19:8|20:10|22:12|13:14|26:15|27:16|28:17|29:18|30:19|31:20|32:22|23:33|34:34|35:36|37:37|38:45|46:46|47:48|49:49|50:57|58:58|59:60|61:61|62:69|70:70|71:72|73:73|74:81|82:82|83:84|85:85|86:93|94:94|95:96|97:97|98:105|106:106|107:108|109:109|110:111|123:112|124:113|125:114|126:115|127:116|128:117|129:120|121:121|133:123|135:124|136:125|137:126|138:127|139:128|140:129|141:130|131:130|142;44,43,42;56,55,54,66;81,93,105,117,116,115,114,113,112,111,99,87,75,63,51;104,103,102,101,100;65,77,78,79,67;41,53,52,64,76,88,89,90,91,92,80,68;142,141,140,139,138,137,136,135,134,133,132,120,108,96,84,72,60,48,36,24,25,13,14,15,16,17,18,19,20,21,22,34,46,58,70,82,94,106,118,130,129,128,127,126,125,124,123;12,0,1,2,3,4,5,6,7,8,9,10,11,23,35,47,59,71,83,95,107,119,131,143;69,57,45,33,32,31,30,29,28,27,26;40,39,38,50,62,74,86,98,110,122,121,109,97,85,73,61,49,37
11+B,0,55,11,,0:10:110:120,13|24:19|30:23|24:24|35:29|30:30|31:85|96:89|90:90|91:90|101:96|97:96|107;23,34,45,56,67,78,89;30,41,40,29,18,19;63,52,51,50,39,28,17,6,7,8,9;68,57,46,35;92,91,80,79,90;96,95,94,93,82,81;107,106,105,104,103,102,101,112;13,14,15,26,37,48,59,70,71,72,83,84,85,86,97,108,119,118,117,116,115,114,113;20,31,42,53,64,75,74,73,62,61,60,49,38,27,16,5,4,3,2,1,12,11,22,33,44,55,66,77,88,99,100,111;69,58,47,36,25,24;21,32,43,54,65,76,87,98,109
12+B,0,56,14,,,5|6:17|18:29|30:60|72:61|73:62|74:69|81:70|82:71|83:113|114:125|126:137|138;26,38,50,62;81,93,94,106,118,130,129,128,116,115,103,91,79,78;6,7,8,9,10,11,23,35,47,46,58,57,56,55,67,66,65,64,63,51,39,27,15,14,13,25,37,49,61;123,124,125;44,43,31;121,109,97,85,86,87,88,100,101;113,112,111,99;32,33,45;138,139,140,141,142,143,131,119,107,95,83,82;59,71,70,69,68,80,92,104,105,117;16,28,40,52,53,54,42,30,18,19,20,21,22,34;133,132,120,108,96,84,72,73,74,75,76,77,89,90,102,114,126,127;60,48,36,24,12,0,1,2,3,4,5,17,29,41;137,136,135,134,122,110,98
12+B,0,57,13,,5:6:60:65:66:71:72:77:78:83:137:138;11,23,35,47,59,58,70,82,94,95,107,119,131,143,142,141,140,139,127,115,114,113,112;13,25,37;54,53,52,64,76,88,89,90,102,103;33,21,20;92,91,79,67,55,43,42,41,40,28;50,38,26,14,2,3,4;84,96,108,120;87,86,98,110,122,134,135,136,124,125,126;123,111,99,100,101;1,0,12,24,36,48,49,61,62;130,129,128,116,104,105,93,81,80,68,56,44,32,31,30,29,17,16,15,27,39,51,63,75,74,73,85,97,109,121,133,132;117,118,106;18,19,7,8,9,10,22,34,46,45,57,69
10,0,58,10,,,12|22:13|23:16|26:17|27:21|22:27|28:31|32:37|38:61|62:67|68:71|72:72|82:73|83:76|86:77|78:77|87;35,36,46,56,57,58,48,38;62,63,64;77,67,66,65,55,54,53,43,33;30,20,10,0,1,2,3,4,5,6,7,8,9,19;72,73,74,75,76;68,78,88;40,41,31,21,11,12,13,14,15,16,17,18,28,29,39,49,59,69,79,89,99,98,97,87,86;25,26,27,37,47;85,84,83,82,81,71,61;96,95,94,93,92,91,90,80,70,60,50,51,52,42,32,22,23,24,34,44,45
12+B,0,59,11,,0:1:2:3:4:7:8:9:10:11:12:13:14:21:22:23:24:25:34:35:36:47:48:59:84:95:96:107:108:109:118:119:120:121:122:129:130:131:132:133:134:135:136:139:140:141:142:143;71,83,82,94,93,92;137,138,126,127,128,116,104,103,91,79,80,81,69,70,58,46,45,44,43,42,41,53,65,77,76,88,87,99;106,105,117;123,124,125,113,114,115;75,63,64,52,40,28;54,55,56,57;89,90,78,66,67,68;97,85,73,72;60,61,49,37,38,26,27,15,16,17,29,30,31,32,33;39,51,50,62,74,86,98,110,111,112,100,101,102;20,19,18,6,5
12+B,0,60,12,,4:5:6:7:16:17:18:19:28:29:30:31:112:113:114:115:124:125:126:127:136:137:138:139;81,69,68,67,79,91,103,102,101,100;20,32,33,45,57,56,55,54,66,78,90,89,88,87,86,98,110,122,134,133,132,120,108,96;99,111,123,135;121,109,97,85,73,74,75,63,51,50,38,26,14;10,11,23,35,47,59,71,83,95,107;49,37,25,13,1,2,3,15,27,39,40,52,64,76;130,129,117;0,12,24,36,48;44,43,42,41,53,65,77;104,116,128,140,141,142,143,131,119,118,106,94,82,70,58,46,34,22,21,9,8;105,93,92,80;62,61,60,72,84
13+B,0,61,8,,0:1:2:3:9:10:11:12:13:14:15:16:17:21:22:23:24:25:26:27:28:29:30:34:35:36:37:38:39:40:41:42:43:47:48:49:50:51:52:53:54:55:56:60:61:62:63:64:65:66:67:68:69:73:74:75:76:77:78:79:80:81:87:88:89:90:91:92:93:101:102:103:104:105:115:116:117:118:128:129:130:142:156:168;143,144,131,132,119,106,107,94,95,82,83,70,57,44,31,18;155,154,141,140,139,126,125,112,111,98,85,72,59,46,33,20,7,8;167,166,153,152,151,138;86,99,100,113,114,127;120,133,146,145,158,157;165,164,163,150,137,124,123,110,97,84,71,58,45,32,19,6,5,4;96,109,108,121,134,147,148;159,160,161,162,149,136,135,122
7:9,0,62,7,,,7|8:9|16:10|17:11|18:12|13:14|15:19|20:21|22:26|27:28|29:33|34:35|36:40|41:42|43:44|51:45|52:46|53:47|48:49|50:54|55;40,33,32;25,24,31,38,39,46,47,54,53,52,51,50;42,49,56,57,58,59,60,61,62,55,48,41,34,27,20,13,6,5;37,44,45;12,11,4,3,2,1,0,7,14,21,28,35;43,36,29,30,23,16,17,18,19,26;22,15,8,9,10
10+B,0,63,7,,0:1:2:3:6:7:8:9:10:11:18:19:20:29:30:39:60:69:70:79:80:81:88:89:90:91:92:93:96:97:98:99;4,5,15,25,26,36,37,47,57,58,68,78,77,76,75,65,55;73,74,64,54,44,43,33,23;95,94,84,83,82,72,62,63,53;85,86,87;71,61,51,52,42,32;59,49,48,38,28,27,17,16;67,66,56,46,45,35,34,24,14,13,12,22,21,31,41,40,50
10+B,0,64,11,,,4|5:14|15:24|25:40|50:41|51:42|52:47|57:48|58:49|59:74|75:84|85:94|95;95,96,86;72,73,74,64,65,66,67,68,78,88;6,16,17,18;22,23,33,34,35,45,46,47,48,49,39,29,19,9,8,7;44,54,55,56,57,58,59,69,79,89,99,98,97,87,77,76,75,85;63,62,61,71,81,82,83;12,13,14,24;32,31,21,11;5,15,25,26,27,28;4,3,2,1,0,10,20,30,40,41,42,43,53,52,51,50,60,70,80,90,91,92,93,94,84;38,37,36
10,0,65,9,,,1|11:2|12:3|13:4|14:6|16:7|17:8|18:10|11:12|22:14|24:15|25:16|26:17|27:18|19:20|21:21|22:27|28:28|29:30|31:31|32:38|39:41|42:47|48:48|49:50|51:51|52:57|58:60|61:67|68:68|69:70|71:71|72:72|82:73|83:74|84:75|85:77|78:77|87:78|79:80|81:81|91:82|92:83|93:85|95:86|96:87|97:88|89:88|98;39,29,19,9,8,7,6,5,4,3,2,1,0,10,20,30,40,50,60,70,80,90,91,92,93,94,95,96,97,98,99,89,79,69;37,36,35,45;74,75,65,66,56,46;49,59,58,68,78,88,87,86,76,77,67,57,47;14,15,16,17,18,28,38,48;44,43,42,32,22,23,13,12,11,21,31,41,51;27,26,25,24,34,33;72,73,63,64,54,55;53,52,62,61,71,81,82,83,84,85
14:12+B,0,66,12,,0:1:2:3:4:5:6:7:8:9:10:11:12:13:14:15:20:28:29:34:36:37:41:42:43:44:47:48:50:51:55:56:57:64:65:70:84:98:112:113:126:127:140:157:160:163:164:167;17,18,19;154,155,156;73,74,75,76,77,78,79,93;124,125,139,153,152,166,165;71,85,99,100,114,128;27,26,25,39,53,67,81,82,96,110,109,123,122,121,120,119,118,132;40,54,68,69,83,97,111;138,137,151,150,149,148,162,161;33,32,46,60,61,62,63,49,35,21,22,23,24,38,52,66,80;136,135,134,133,147,146,145,131,117,103,104,105;141,142,143,129,115,101,87,86,72,58,59,45,31,30,16;95,94,108,107,106,92,91,90,89,88,102,116,130,144,158,159
10,0,67,8,,,12|22:13|23:16|26:17|27:21|22:27|28:31|32:37|38:61|62:67|68:71|72:72|82:73|83:76|86:77|78:77|87;59,49,39,29,19,9,8,7,6,5,15;66,65,55,45,46,36;37,47,48,38,28,18,17,16;33,43,53,63;56,57,58,68,78,88,87,86,85,84,83,82,81,71,61,51,41,31,21,11,12;4,14,24,23,22,32,42,52,62,72,73;69,79,89,99,98,97,96,95,94,93,92,91,90,80,70,60,50,40,30,20,10,0,1,2,3,13;27,26,25,35,34,44,54,64,74,75,76,77,67
9+B,0,68,9,,0:8:72:80,11|20:15|24:19|20:20|29:23|24:24|25:51|60:55|56:56|57:56|65:60|61:60|69;56,47,48,57;65,66,67,58,49,50,41,32,23,14,15,16,17,26,35;7,6,5,4,3,2;60,59,68,69;9,18,27,36,45,54,63,64,73,74,75,76,77,78,79,70,61,52,51,42,33,24;1,10,11,12,13,22,31,40,39,38,37,46,55;19,28,29,30,21,20;25,34,43;44,53,62,71
10+B,0,69,8,,3:4:5:6:13:14:15:16:23:24:25:26:73:74:75:76:83:84:85:86:93:94:95:96;98,88,78,68,58,59;55,45,35,34,33,32,22,12,2,1,0,10,20,30,40,50,60,70;80,81,71,61,51,52,53,63,64,65,66,56,46,36,37,38,28,18;27,17,7,8,9,19,29,39,49,48,47,57,67,77,87,97;99,89,79,69;11,21,31,41,42,43,44,54;90,91,92;82,72,62
10+B,0,70,8,,4:5:40:44:45:49:50:54:55:59:94:95;53,63,73;82,72,62,52;87,88,78;74,64,65,66,56,46,36,35,34,33,43,42,41,51,61,71,81;60,70,80,90,91,92,93,83,84,85,86,96,97,98,99,89,79,69,68,58,48,38,39,29,19,9,8,7,6;28,18,17,16,15,14,13,12,11,21,20;10,0,1,2,3;75,76,77,67,57,47,37,27,26,25,24,23,22,32,31,30
8:10,0,71,8,,,8|9:10|18:11|19:12|20:13|21:14|15:16|17:22|23:24|25:30|31:32|33:38|39:40|41:46|47:48|49:54|55:56|57:58|66:59|67:60|68:61|69:62|63:64|65:70|71;67,68,69,70,62,61,60,59,58;28,29,37;45,44,36,35,27,19,20,21,22,30,38;50,49,57,65,73,72,64,56,48,40,32,24,16,8,0;17,9,1,2,3,4,5,6,7,15,23,31,39,47,55,63,71,79,78,77,76,75,74,66;10,11,12,13,14;46,54,53,52,51,43,42,41,33,25;34,26,18
14+B,0,72,10,,0:1:2:3:4:5:6:7:14:15:16:28:29:30:42:43:44:50:51:52:56:57:58:62:63:64:65:66:70:71:72:76:77:78:79:80:84:85:86:90:91:92:93:94:98:99:100:104:105:106:107:108:112:113:114:118:119:120:126:132:133:146:147:160:161:162:167:168:173:174:175:176:177:180:181:182:183:186:187:188:189:190:191:192:193:194:195;140,154,155,169,170;149,163,164;153,139,125,124,110,109,95,81,67,53,39,38;96,82,68,54,40,26,25,24,23,37,36,35,49,48,47,61,75,89,103,117,131,145,159;127,141,142,156;115,101,87,73,59,45,31,17,18,19,20,21,22,8,9,10,11,12,13,27,41,55,69,83,97,111;178,179,165,166,152,138,137,123,122,121;34,33,32,46,60,74,88,102,116,130,144,158,172;184,185,171,157,143,129,128;151,150,136,135,134,148
11+B,0,73,11,,5:16:27:55:56:57:63:64:65:93:104:115;96,95,94,105;70,71,72,61,50,39,28,17,6,7,8,9,10,21,32,43,54;40,29,18,19,20,31,42,53;0,11,12,13,24;116,117,118,119,120,109,98,87,76,75,74,73,62,51,52,41,30;1,2,3,4,15,26,37,48;89,100,101,102,91,80,69,58,59,60,49,38;33,44,45,46,47,36,25,14;78,77,88,99,110,111,112,113,114,103,92,81,82,83,84,85,86,97,108,107,106;22,23,34,35;66,67,68,79,90
11,0,74,8,,,13|24:14|25:15|26:18|29:19|30:23|24:30|31:34|35:41|42:52|53:67|68:78|79:85|86:89|90:90|101:91|102:94|105:95|106:96|97:96|107;26,25,24,35;51,62,61,60,59,48,37,36;77,88,99,110,111,112,113,114,115,116,117,118,119,120,109,98,87,76,65,54,43,32,21,10,9,8,7,6,5,4,3,2,1,0,11,22,33,34,45,46,47,58,69,70,71,72;30,29,28,39,50;73,84,83,82,81,80,79,68,57,56,67,78,89,100,101,102,103,104,105,106,107,108,97,86,75,64,53,42,31,20,19,18,17,16,27,38,49;40,41,52,63,74,85,96,95,94,93,92,91,90;23,12,13,14,15;44,55,66
10+B,0,75,8,,0:9:90:99,12|22:17|27:21|22:22|32:26|27:27|28:67|77:71|72:72|73:72|82:77|78:77|87;43,42,41,40,30,20,10,11,1,2,3,4,5,6,7,17;87,86,85,84,83,73,63,53,52,51,50,60,70,80;21,31,32,33,34,44,54,64,74,75,76,77;22,23,24,25,35,45,55,65,66,67,68,78;19,29,39,49,48,47,37,27;91,81,71,61,62,72;8,18,28,38;12,13,14,15,16,26,36,46,56,57,58,59,69,79,89,88,98,97,96,95,94,93,92,82
12:14+B,0,76,10,,0:1:2:3:4:5:6:7:8:9:10:11:12:13:22:23:37:46:49:58:61:70:73:82:96:107:108:109:118:119:120:121:122:123:128:129:130:131:132:133:134:141:142:143:144:145:154:155:156:167,85|86:93|94:147|148:148|160:149|161:150|162:151|152:151|163;157,158,146,147,135,136;30,31,32,44,45,57,69,81,93;78,90,91,92,80,68,56,55,43,42,41,29,28,27,39,38;166,165,164,163,162,161,160,159;40,52,53,54,66,67,79;153,152,140,139,127,115,116,117,105,106,94,95,83,71,59,47,35,34,33,21,20,19,18,17,16,15,14,26,25,24,36,48,60,72,84,85,97,98,110,111,112,124,125,137,149,148;50,51,63,64,65,77;104,103,102,114,126,138,150,151;113,101,89,88,76,75;62,74,86,87,99,100
11,0,77,10,,,1|12:2|13:3|14:4|15:5|16:6|17:8|19:9|20:11|12:14|25:15|26:16|27:17|28:18|29:19|30:20|21:22|23:23|24:31|32:34|35:41|42:42|43:44|45:45|46:52|53:53|54:55|56:56|57:63|64:64|65:66|67:67|68:74|75:75|76:77|78:78|79:85|86:88|89:90|101:91|102:92|103:93|104:94|105:95|106:96|97:97|98:99|100:100|111:101|112:103|114:104|115:105|116:106|117:107|118:108|109:108|119;112,111,110,99,88,77,66,55,44,33,22,11,0,1,2,3,4,5,6,7,8,9,10,21,32,43,54,65,76,87,98,109,120,119,118,117;51,50,61,60,71,70,69;37,36,25,24,13,12,23,34,45,56,67,78,89,100,101,102,113,114,115,116;40,39,38,49,48,59,58,57,68,79,90,91,92,93,94,95,96,107;26,27,28,29,30,41,52;103,104,105,106;35,46,47;108,97,86,75,64,53,42,31,20,19,18,17,16,15,14;63,74,85,84;62,73,72,83,82,81,80
11+B,0,78,8,,3:4:5:6:7:14:15:16:17:18:25:26:27:28:29:91:92:93:94:95:102:103:104:105:106:113:114:115:116:117;35,34,23,12;97,86,75,74,73,72,71,70,69;58,57,56,55,66,77,88,99,110,111,112,101,90,79,80,81,82,83,84,85,96,107,108;48,59,60,61,62,63,64,53,42,31,20;24,13,2,1,0,11,22,33,44,45,46,47,36,37,38,39,40;118,119,120,109,98,87,76,65,54,43,32;100,89,78,67,68;49,50,51,52,41,30,19,8,9,10,21
11+B,0,79,9,,0:1:2:3:7:8:9:10:11:12:20:21:22:32:33:43:77:87:88:98:99:100:108:109:110:111:112:113:117:118:119:120;56,57,46,35,36,37,38,27,16,17,18,19,30,31,42,53,54,65,76;13,14,15,4,5,6;116,115,114;40,51,62,61,60,59,70;69,58,47,48,49,50,39,28,29;95,94,93,92,91,80,79,68,67,66,55,44,45,34,23,24,25,26;41,52,63,74,73,72,71,82,81;78,89,90,101,102,103,104,105,106,107,96,97;83,84,85,86,75,64
11+B,0,80,11,,5:55:60:65:115;66,77,78;34,23,12,13,14,25,26,27,28,29,30,41,52,63,64,75,76,87,98,109,120;43,32,21,10,9,8,7,6;107,118,117,116;88,89,90,79,68,67,56,45,44,33,22,11,0,1,2,3,4,15,16,17,18,19,20,31,42,53,54;49,50,61,62,73,74,85,86;119,108,97,96,95,106,105,104,103,114,113,112,111,110;57,58,69,80,81,82;94,93,92,91,102,101,100,99;51,40,39,38,37,36,35,24;84,83,72,71,70,59,48,47,46
12,0,81,11,,,14|26:15|27:16|28:19|31:20|32:21|33:25|26:33|34:37|38:45|46:49|50:57|58:85|86:93|94:97|98:105|106:109|110:110|122:111|123:112|124:115|127:116|128:117|118:117|129;77,65,64,63,75,87,99,111;110,98,86,74,73,85,97,109,121,122,123,124,125,126,127,128,129,130,118,106,94,95;3,15,14,13,25,37,49,61,62,50,51,52,53,54,66,78,90,91,103,104,116,117;2,1,0,12,24,36,48,60,72,84,96,108,120,132,133,134,135,136,137,138,139,140,141,142,143,131,119,107;38,39,40,41,42,43,44,45,57,69,70,58,46,34,22,21,20,19,18,17;33,32,31,30,29,28,27,26;79,67,55;92,80,68,56;102,101,89;105,93,81,82,83,71,59,47,35,23,11,10,9,8,7,6,5,4,16;76,88,100,112,113,114,115
12,0,82,14,,,29|30:40|41:41|42:42|43:51|52:52|53:53|54:54|55:55|56:62|63:62|74:63|64:63|75:64|65:64|76:65|66:65|77:66|67:66|78:67|68:67|79:68|69:68|80:69|81:74|75:75|76:76|77:77|78:78|79:79|80:80|81:87|88:88|89:89|90:90|91:91|92:100|101:101|102:102|103:113|114;62,61,49,37,25,13,1,2,3,4,5,6,18,19,31,43,55,67;80,92,104,103,91,79;74,73,72,60,48,36,24,12,0;98,99,100,88,76;63,51,39,27;112,111,110,109,97;50,38,26,14,15,16,17;75,87,86,85,84,96,108,120,121,122,123,124,125,113,101,89,77;69,57,45,33;81,93,105,117,116,115,114,102,90,78;30,42,54,66;132,133,134,135,136,137,138,139,140,141,142,143,131,119,107,95,83,71,59,47,35,23,11,10,9,8,7;126,127,128,129,130,118,106,94,82,70,58,46,34,22,21,20,32,44,56,68;65,53,41,29,28,40,52,64
9:11,0,83,11,,,9|10:11|20:12|21:13|22:14|23:15|24:16|17:18|19:25|26:27|28:34|35:36|37:43|44:45|46:52|53:54|55:61|62:63|64:70|71:72|73:74|83:75|84:76|85:77|86:78|87:79|80:81|82:88|89;21,30,39,48;83,92,93,94,95;24,23,22;77,68,59,50,41,42,43,52,61,70,79;88,87,86,85,84;76,67,58,49,40,31,32,33,34,25,16,15,14,13,12,11,10,19;46,55,64;78,69,60,51;65,74,73,82,91,90,81,72,63,54,45,36,27,18,9,0,1,2,3,4,5,6,7,8,17,26,35,44,53,62,71,80,89,98,97,96;37,38,47,56,57,66,75;20,29,28
12,0,84,11,,,1|13:2|14:3|15:4|16:5|17:6|18:7|19:8|20:10|22:12|13:14|26:15|27:16|28:17|29:18|30:19|31:20|32:22|23:33|34:34|35:36|37:37|38:45|46:46|47:48|49:49|50:57|58:58|59:60|61:61|62:69|70:70|71:72|73:73|74:81|82:82|83:84|85:85|86:93|94:94|95:96|97:97|98:105|106:106|107:108|109:109|110:111|123:112|124:113|125:114|126:115|127:116|128:117|129:120|121:121|133:123|135:124|136:125|137:126|138:127|139:128|140:129|141:130|131:130|142;105,117,116,115,103,102;131,143,142,141,140,139,138,137,136,135,134,133,132,120,108,96,84,72,60,48,36,24,12,0,1,2,3,4;65,53,54;22,34,46,58,70,82,94,106;39,27,28,29,30,31,32;62,74,86,98,99,100,101,89,77,76,64,52,40,41,42,43,44;55,56,68,80,79,91;114,113,112,111,110;13,14,15,16,17,18,19,20,21,33,45,57,69,81,93,92,104;88,87,75,63,51,50,38,26,25,37,49,61,73,85,97,109,121,122,123,124,125,126,127,128,129,130,118,119,107,95,83,71,59,47,35,23,11,10,9,8,7,6,5;67,66,78,90
11+B,0,85,12,,0:10:110:120,13|24:19|30:23|24:24|35:29|30:30|31:85|96:89|90:90|91:90|101:96|97:96|107;111,112,113,114,115,104;89,78,67,68,69,70;32,21,20,9,8,7,6,5,4,3,2,1,12,11,22,33,44,55,66,77,88,99,100,101,102,103;90,79,80,91,92,93,94,105,116,117,118,119;19,18,29,40,51,52,53,54,43;30,41,42,31;96,95,106,107,108,109,98,87,76,65,64,63,62,61,50,49,38,27,26,25,24;39,28,17,16,15,14,13;85,84,83,82,81;36,35,46;23,34,45,56,57,58,47,48,37;59,60,71,72,73,74,75,86,97
12+B,0,86,13,,,5|6:17|18:29|30:60|72:61|73:62|74:69|81:70|82:71|83:113|114:125|126:137|138;8,7,6,18,30,31,32,44,45,46,47,59,71,70;26,27,28,29;116,104,92,80,79,78,77,65,64,63,62,61,60,48,36,24,12,0,1,2,3,4;49,50,51,52,53,54,66,67,68,69;14,15,16,17,5;73,72,84,96,108,120,132,133,134,135,136;33,34,35,23,11,10,9;22,21,20,19;13,25,37,38,39,40,41,42,43,55,56,57,58;95,107,119,131,143;83,82,94,106,118,130,142,141,140,139,138,126,114,102,101,100,99,87;113,112,111,110,98,86,74,75,76,88,89,90,91,103,115,127,128,129,117,105,93,81;85,97,109,121,122,123,124,125,137
12+B,0,87,9,,5:6:60:65:66:71:72:77:78:83:137:138;53,41,29,30,31,32,33,45,57,69;124,123,122,121,109,97,85,73,61,49,37,25,13,14,2;48,36,24,12,0,1;84,96,108,120,132,133,134,135,136;55,67,79,91,103,104,105,117;7,8,9,10,11,23,35,47,59;90,89,88,76,64,52,40,28,16,17,18,19,20,21,22,34,46,58,70,82,81,80,68,56,44,43,42,54;39,51,63,75,87,99,100,101,102,114,115,116,128,129,130,118,106,94,93,92;95,107,119,131,143,142,141,140,139,127,126,125,113,112,111,110,98,86,74,62,50,38,26,27,15,3,4
10,0,88,10,,,12|22:13|23:16|26:17|27:21|22:27|28:31|32:37|38:61|62:67|68:71|72:72|82:73|83:76|86:77|78:77|87;56,66,65,64,63,53,43,33,34,35,25;44,54,55;89,79,69;45,46,36,26;12,11,21,31,41,42,32,22,23,24,14,15,16,17,18,28,38;13,3,2,1,0,10,20,30,40,50,60,70,80,90,91,92,93,94,95,96,97,87;86,85,84;4,5,6,7,8,9,19,29,39,49,59,58,68,78,88,98,99;57,67,77,76,75,74,73,72,62,52,51,61,71,81,82,83;27,37,47,48
12+B,0,89,11,,0:1:2:3:4:7:8:9:10:11:12:13:14:21:22:23:24:25:34:35:36:47:48:59:84:95:96:107:108:109:118:119:120:121:122:129:130:131:132:133:134:135:136:139:140:141:142:143;72,73,85,97,98,110,111,123,124,125,113,101;117,105,93,92,80,68,67,66,65,64,52,40,39;60,61,49,37,38,26,27,28,29,41,53,54;6,5,17,16,15;116,104,103,91,79,78,77;42,30,18,19,20,32,33,45,46,58,70,71,83;128,127,115,114,102,90,89,88,76,75,63,51,50;31,43,44;62,74,86,87,99,100,112;126,138,137;55,56,57,69,81,82,94,106
12+B,0,90,10,,4:5:6:7:16:17:18:19:28:29:30:31:112:113:114:115:124:125:126:127:136:137:138:139;135,134,122,110,98,86,87,75,63,51,52,53,54,55,56,57,45,33,32,20,8,9;39,40,41,42,43,44;21,22,34,46,58,70,69,68,67,66;14,13,25,37,49,61;60,48,36,24,12,0,1,2,3,15,27,26,38,50,62,74,73,85,97,109,121,133;129,130,118,106,107,95,83,71,59,47,35,23,11,10;119,131,143,142,141,140,128,116,117,105,93,92,91,90;65,64,76,88,100,99,111,123;72,84,96,108,120,132;104,103,102,101,89,77,78,79,80,81,82,94
13+B,0,91,9,,0:1:2:3:9:10:11:12:13:14:15:16:17:21:22:23:24:25:26:27:28:29:30:34:35:36:37:38:39:40:41:42:43:47:48:49:50:51:52:53:54:55:56:60:61:62:63:64:65:66:67:68:69:73:74:75:76:77:78:79:80:81:87:88:89:90:91:92:93:101:102:103:104:105:115:116:117:118:128:129:130:142:156:168;124,137,136,135;167,166,153;155,154,141,140,127,114;46,59,72,85,98,111,110,123,122,121,120,133,146,159,160,161,162,163,164,165,152,139,126,113,100;134,147,148,149,150,151,138,125,112,99,86;145,158,157;143,144,131,132,119,106,107,108,109,96,97,84,71,58,45,32,33,20;8,7,6,5,4;19,18,31,44,57,70,83,82,95,94
7:9,0,92,6,,,7|8:9|16:10|17:11|18:12|13:14|15:19|20:21|22:26|27:28|29:33|34:35|36:40|41:42|43:44|51:45|52:46|53:47|48:49|50:54|55;44,37,30,23,16,15,8;45,38,31,24,17,18;51,58,59,60,61,62,55,48,41,34,27,20,13,6,5;25,32,39,46,47,54,53,52;22,29,36,43,50,57,56,49,42,35,28,21,14,7,0,1,2,9,10;3,4,11,12,19,26,33,40
10+B,0,93,9,,0:1:2:3:6:7:8:9:10:11:18:19:20:29:30:39:60:69:70:79:80:81:88:89:90:91:92:93:96:97:98:99;25,26,36,37;95,85,86,87,77,67,57;4,5,15,16,17,27,28,38,48,47,46,56,66,76,75,74,73,63,62;55,45,35,34,24,14,13,12,22,21,31;23,33,43,53,52;78,68,58,59,49;94,84,83,82,72,71,61,51;44,54,64,65;50,40,41,42,32
10+B,0,94,11,,,4|5:14|15:24|25:40|50:41|51:42|52:47|57:48|58:49|59:74|75:84|85:94|95;75,76,86,87,88,78,68;38,39,29,19,9,8,7,6,5,15,25,35,45,44,54,53,63,73,83,84;49,48,47,37,27,28,18;66,65,64,74;91,81,71,61;22,32,42,41,40,30,20,10,0,1,2,3,4,14;43,33,34;55,56,46,36,26,16,17;90,80,70,60,50,51,52,62,72,82,92,93,94;24,23,13,12,11,21,31;85,95,96,97,98,99,89,79,69,59,58,57,67,77
10,0,95,9,,,1|11:2|12:3|13:4|14:6|16:7|17:8|18:10|11:12|22:14|24:15|25:16|26:17|27:18|19:20|21:21|22:27|28:28|29:30|31:31|32:38|39:41|42:47|48:48|49:50|51:51|52:57|58:60|61:67|68:68|69:70|71:71|72:72|82:73|83:74|84:75|85:77|78:77|87:78|79:80|81:81|91:82|92:83|93:85|95:86|96:87|97:88|89:88|98;22,32,33,43,44,45,55,65,66;1,0,10,20,30,40,50,60,70,80,90,91,92,93,94,95,96,97,98,99,89,79,69,59,49,39,29,19,9,8,7,6;87,88,78,68,58,48,38,28,18,17,16,15,5,4,3,2;72,62,63;77,67,57,47,37,27,26,25;56,46,36;35,34,24,23;14,13,12,11,21,31,41,51,61,71,81,82,83,84,85,86,76,75;42,52,53,54,64,74,73
14:12+B,0,96,12,,0:1:2:3:4:5:6:7:8:9:10:11:12:13:14:15:20:28:29:34:36:37:41:42:43:44:47:48:50:51:55:56:57:64:65:70:84:98:112:113:126:127:140:157:160:163:164:167;33,19,18,17;139,153,152,166,165;154,155,156;27,26,25,24,23,22,21,35,49,63,62,76,90,104,118,117,116,115,101,87,86,72,58,59,45;151,137,138,124,125,111,97,83,69;89,75,61,60,46,32,31,30,16;38,39,40,54,68,82,96,110,109,123,122,136,150,149,148,134,120,106,92,93;71,85,99,100,114,128,129,130,131,145,146,147,161,162;141,142,143,144,158,159;103,102,88,74,73;135,121,107,108,94,95,81,67,53,52;66,80,79,78,77,91,105,119,133,132
10,0,97,9,,,12|22:13|23:16|26:17|27:21|22:27|28:31|32:37|38:61|62:67|68:71|72:72|82:73|83:76|86:77|78:77|87;76,75,85;55,56,57,47,37;83,82,81,71,61,51,41,31,21,11;27,26,36,46,45,44,54,64,65,66,67,77;93,92,91,90,80,70,60,50,40,30,20,10,0,1,2,12,13;3,4,5,6,7,8,9,19;32,42,52,62,72,73,74,84,94,95,96,86,87,88,78,68,58,48,38;25,35,34,33,43,53,63;22,23,24,14,15,16,17,18,28,29,39,49,59,69,79,89,99,98,97
9+B,0,98,8,,0:8:72:80,11|20:15|24:19|20:20|29:23|24:24|25:51|60:55|56:56|57:56|65:60|61:60|69;9,18,27,36,45,54,63;11,12,13,14,15,16,25,34,33,24;17,26,35,44,53,62,71;20,21,22,23,32,41,42,43;37,38,39,48,57,58,59,60;7,6,5,4,3,2,1,10,19,28,29,30,31,40,49,50,51,52,61,70,79,78,77,76,75,74,73,64;55,46,47,56;65,66,67,68,69
10+B,0,99,7,,3:4:5:6:13:14:15:16:23:24:25:26:73:74:75:76:83:84:85:86:93:94:95:96;88,78,68,58,57,56,55,54;9,19,29,39,49,59,69,79,89,99,98,97,87,77,67,66,65,64,63,62,72,82,92,91,90,80;0,1,2,12;11,10,20,30,40,50,60,70;17,27,37,36,35,34,33,32,42;81,71,61,51,52,53,43,44,45,46,47,48,38,28,18,8,7;22,21,31,41
10+B,0,100,9,,4:5:40:44:45:49:50:54:55:59:94:95;76,77,67,57,47,37,27;93,92,91,90,80,70,60,61,62,52,42,32,22,23,24,14,15;87,88,78;51,41,31,30,20,10,0,1,2,3;6,7,8,9,19,29,39,38,48,58,68,69,79,89,99,98,97,96,86,85,75,65;13,12,11,21;25,35,34,33,43,53,63,73,72,71;81,82,83,84,74,64;66,56,46,36,26,16,17,18,28
8:10,0,101,6,,,8|9:10|18:11|19:12|20:13|21:14|15:16|17:22|23:24|25:30|31:32|33:38|39:40|41:46|47:48|49:54|55:56|57:58|66:59|67:60|68:61|69:62|63:64|65:70|71;36,37,45,53,61,60;6,7,15,23,31,39,47,55,63,71,79,78,77,76,75,74,73,72,64,56,48,40,32,24,16,8,0,1,2;44,52,51,59;43,35,27,28,29,30;58,50,42,34,26,18,19,20,21,22,14,13,12;5,4,3,11,10,9,17,25,33,41,49,57,65,66,67,68,69,70,62,54,46,38
14+B,0,102,8,,0:1:2:3:4:5:6:7:14:15:16:28:29:30:42:43:44:50:51:52:56:57:58:62:63:64:65:66:70:71:72:76:77:78:79:80:84:85:86:90:91:92:93:94:98:99:100:104:105:106:107:108:112:113:114:118:119:120:126:132:133:146:147:160:161:162:167:168:173:174:175:176:177:180:181:182:183:186:187:188:189:190:191:192:193:194:195;142,143,144,130,116,102,88,74,60,46,32,33,34,20,21,22,23,24,25,26,40,54,68,82,96,110,124,138,137;134,148,149,163,164,178,179;155,169,170;166,165,151,150,136;184,185,171,157,156;8,9,10,11,12,13,27,41,55,69,83,97,111,125,139,153,152;154,140,141,127,128,129,115,101,87,73,59,45,31,17,18,19;172,158,159,145,131,117,103,89,75,61,47,48,49,35,36,37,38,39,53,67,81,95,109,123,122,121,135
11+B,0,103,10,,5:16:27:55:56:57:63:64:65:93:104:115;24,35,34;87,98,109,120,119,118,117,116,105,94,83,72,71;23,12,13,14,25,36,37,38,39,40,41,42;90,91,92,103;10,9,8,7,6,17,28,29,30,31,32,43,54,53,52,51,50,49,48;96,85,74;114,113,112,111,110,99,88,77,66,67,68,69,58,47,46,45,44,33,22,11,0,1,2,3,4,15,26;76,75,86,97,108,107,106,95,84,73,62,61,60,59,70;21,20,19,18;82,81,80,79,78,89,100,101,102
11,0,104,11,,,13|24:14|25:15|26:18|29:19|30:23|24:30|31:34|35:41|42:52|53:67|68:78|79:85|86:89|90:90|101:91|102:94|105:95|106:96|97:96|107;91,80,69,70,71,60,49;28,29,40,51,62,73,84,83,82,81,92;59,58,47,46,35,24,25,26,27,38;72,61,50,39;99,88,77;90,79,68,57,56,45,34,23,12,13,14,15,16,17,18,19,20,31,42,53;87,98,109,120,119,118,117;89,78,67,66,55,44,33,22,11,0,1,2,3,4,5,6,7,8,9,10,21,32,43,54,65,76,75,86,97,108,107,106,105,116,115,114,113,112,111,110;30,41,52;64,63,74,85,96,95,94,93,104,103,102,101,100;48,37,36
10+B,0,105,11,,0:9:90:99,12|22:17|27:21|22:22|32:26|27:27|28:67|77:71|72:72|73:72|82:77|78:77|87;22,23,24,34;2,1,11,21,31,32,33;17,16,26,36,46,56;19,29,39,49,59,69,79,89,88,98,97,96,95,94,93,92,91;12,13,14,15,25,35,45,44,43,42,41,51,61,71,81,82,83,73,63;75,76,77;64,74,84,85,86,87;78,68,58,48,38,28,18,8,7,6,5,4,3;27,37,47,57,67,66,65,55,54;10,20,30,40,50,60,70,80;53,52,62,72
12:14+B,0,106,11,,0:1:2:3:4:5:6:7:8:9:10:11:12:13:22:23:37:46:49:58:61:70:73:82:96:107:108:109:118:119:120:121:122:123:128:129:130:131:132:133:134:141:142:143:144:145:154:155:156:167,85|86:93|94:147|148:148|160:149|161:150|162:151|152:151|163;166,165,153;137,125,113,114,102,90,78,66,67,68,69,57,45;157,158,146,147,135,136,124,112,100,88,76,75,63,51,50;117,116,104,92;111,110,98,97,85,84,72,60,48,36,24,25,26,38,39,40,52,53,54,55,56,44,32;99,87,86,74,62;101,89,77,65,64;148,149,150,151,139,140,152,164,163,162,161,160,159;21,20,19,31,43,42,41,29,28,27,15,14;16,17,18,30;33,34,35,47,59,71,83,95,94,106,105,93,81,80,79,91,103,115,127,126,138
11,0,107,9,,,1|12:2|13:3|14:4|15:5|16:6|17:8|19:9|20:11|12:14|25:15|26:16|27:17|28:18|29:19|30:20|21:22|23:23|24:31|32:34|35:41|42:42|43:44|45:45|46:52|53:53|54:55|56:56|57:63|64:64|65:66|67:67|68:74|75:75|76:77|78:78|79:85|86:88|89:90|101:91|102:92|103:93|104:94|105:95|106:96|97:97|98:99|100:100|111:101|112:103|114:104|115:105|116:106|117:107|118:108|109:108|119;88,77,66,55,44,33,22,11,0,1,2,3,4,5,6,7,8,9,10,21,32,43,54,65,76,87,98,109,120,119,118,117,116,115,114;95,94,83,72,73,74,63,52,41,30,31,20,19,18,17,16,15,14,13,12,23,34,45,56,67,78,89,90,91,80;99,110,111,112,113,102,101,100;79,68,69,58,47,36,37,38;28,39,50,49,48,59,70,81,92,93;82,71,60,61,62,51,40,29;103,104,105,106,107,108,97,86,75,64,53,42;84,85,96;27,26,25,24,35,46,57
11+B,0,108,9,,3:4:5:6:7:14:15:16:17:18:25:26:27:28:29:91:92:93:94:95:102:103:104:105:106:113:114:115:116:117;87,98,109,120,119,118;107,96,85,74,63,64,53,42,31,20;60,59,58,69,68,67,78,77,88;108,97,86,75,76,65,54,43,32,21,10,9,8,19,30,41,52,51,62,73,84,83,82;1,12,23,34,45,44,55,66;99,100,89;40,39,38,37,36,35,24,13,2;110,111,112,101,90,79,80,81,70,71,72,61,50,49,48,47,46,57,56;0,11,22,33
11+B,0,109,9,,0:1:2:3:7:8:9:10:11:12:20:21:22:32:33:43:77:87:88:98:99:100:108:109:110:111:112:113:117:118:119:120;101,102,103,114,115,116;49,48,47,36,35;70,81,92;71,82,93,94,95;46,57,68,79;64,63,52,41,40,29,28,27,16,15,14,13,24,23,34,45,56,67,78,89,90,91,80,69,58,59,60,61,72,83,84,85,96,107,106,105,104;44,55,66;97,86,75,74,73,62,51,50,39,38,37,26,25;4,5,6,17,18,19,30,31,42,53,54,65,76
11+B,0,110,9,,5:55:60:65:115;27,26,37,36;90,91,92,93,94,95,106,107,108,97,86;117,118,119,120,109,98,87,76,75,64,53,54,43,32,21,10,9,8,7,6,17,28,39,38;30,31,42;96,85,74,63,52,41,40,29,18,19,20;61,72,71,70,59,58,57,56,45,44,33,22,11,0,1,2,3,4,15,16;14,25,24;79,78,89,100,101,102;13,12,23,34,35,46,47,48,49,50,51,62,73,84,83,82,81,80,69,68,67,66,77,88,99,110,111,112,113,114,103,104,105,116
12,0,111,14,,,14|26:15|27:16|28:19|31:20|32:21|33:25|26:33|34:37|38:45|46:49|50:57|58:85|86:93|94:97|98:105|106:109|110:110|122:111|123:112|124:115|127:116|128:117|118:117|129;10,11,23,35,47,59,71,83,95,107,119,131,143,142,141,140,139;79,67,55,54,42,30,18,19,20;31,43,44,56,68,80,92,91,90,78;64,52,53;40,28,27,26;66,65,77,89;113,112,111,110,98,86,87;2,1,0,12,24,36,48;3,15,14,13,25,37,49,61,60,72,84,96,108,120,132,133,134,135,136,137,138,126,127,128,129,130,118,106,94,82,81,93,105,104,103,102,101;32,33,45,57,69,70,58,46,34,22,21,9,8,7,6,5,4,16;50,62,74,73,85,97,109,121,122,123,124,125;99,100,88,76,75,63,51,39,38;17,29,41;114,115,116,117
12,0,112,13,,,29|30:40|41:41|42:42|43:51|52:52|53:53|54:54|55:55|56:62|63:62|74:63|64:63|75:64|65:64|76:65|66:65|77:66|67:66|78:67|68:67|79:68|69:68|80:69|81:74|75:75|76:76|77:77|78:78|79:79|80:80|81:87|88:88|89:89|90:90|91:91|92:100|101:101|102:102|103:113|114;64,52,40,39,38,37,49;24,36,48,60,72,84,96,108,120,132,133,134,135,136,137,138,139,127,115,114,102,90,78;126,125,113,101,89,77;67,55,43,44,56,68;65,53,41,29,28,27,26,25,13,12;79,91,103,104,116,128,140,141,142,143,131,119,107,95,83,71,59,58,46,34,22,21,20,19,18,17,16,15,14,2,1,0;121,109,97,85;75,87,99,111;76,88,100,112,124,123,122,110,98,86,74,73,61,62,50,51,63;118,106,94;3,4,5,6,7,8,9,10,11,23,35,47;80,92,93,81,82,70,69,57,45,33,32,31,30,42,54,66;105,117,129,130
9:11,0,113,9,,,9|10:11|20:12|21:13|22:14|23:15|24:16|17:18|19:25|26:27|28:34|35:36|37:43|44:45|46:52|53:54|55:61|62:63|64:70|71:72|73:74|83:75|84:76|85:77|86:78|87:79|80:81|82:88|89;79,88,97,96,95,94,93,92,91,90,81,72,63,54,45,36,27,18,9,0,1,2,3,4,5,6;25,24,23,22,21,20,29;40,49,48;34,43,52,61,70,69,78,77;98,89,80,71,62,53,44,35,26,17,8,7,16,15,14,13,12,11,10,19,28,37,38,39,30,31,32,41,50,59,58;66,57,56,47;68,67,76,75,74,65;33,42,51,60;46,55,64,73,82,83,84,85,86,87
12,0,114,11,,,1|13:2|14:3|15:4|16:5|17:6|18:7|19:8|20:10|22:12|13:14|26:15|27:16|28:17|29:18|30:19|31:20|32:22|23:33|34:34|35:36|37:37|38:45|46:46|47:48|49:49|50:57|58:58|59:60|61:61|62:69|70:70|71:72|73:73|74:81|82:82|83:84|85:85|86:93|94:94|95:96|97:97|98:105|106:106|107:108|109:109|110:111|123:112|124:113|125:114|126:115|127:116|128:117|129:120|121:121|133:123|135:124|136:125|137:126|138:127|139:128|140:129|141:130|131:130|142;110,98,86,74,62,50,38,26,27,28,29,30;12,0,1,2,3;44,45,57,69,81,93;105,104,92,80,68,56,55,54;101,89,77,78;90,102,114,113,112,111,99,87,75,63,51,39,40,41,53,65,66,67,79;96,84,72,60,48,36,24,25,13,14,15,16,17,18,19,20;100,88,76,64,52;42,43,31,32,33,21,22,34,46,58,70,82,94,106,118,130,129,128,127,126,125,124,123,122,121,109,97,85,73,61,49,37;4,5,6,7,8,9,10,11,23,35,47,59,71,83,95,107,119,131,143,142,141,140,139,138,137,136,135,134,133,132,120,108;91,103,115,116,117
11+B,0,115,10,,0:10:110:120,13|24:19|30:23|24:24|35:29|30:30|31:85|96:89|90:90|91:90|101:96|97:96|107;30,41,52,63,62,61,60,49,48,47,46,45;90,79,78,89,100,101;111,112,113,114,115,116,117,118,119,108,109,98,87,76,65,54,43,32,21,20,9,8,7,6,17,28,39,38,37,36,35,34,23;31,42,53,64,75,74,73,72,71;19,18,29,40,51,50;15,14,13;24,25,26,27,16,5;102,103,104,105,106,107;4,3,2,1,12,11,22,33,44,55,56,57,58,59,70,81,82,83,84,85,86,97;99,88,77,66,67,68,69,80,91,92,93,94,95,96
12+B,0,116,14,,,5|6:17|18:29|30:60|72:61|73:62|74:69|81:70|82:71|83:113|114:125|126:137|138;101,89,77,65,66,54,42,30,18,6,7,8,9,10,11,23,35,47,59,71;81,80,68,56,44,32;37,36,24,12,0,1,2,3,4,5,17,29,41,53,52,64,76,88,87,86,85,97,109,121,122,123,111,112,113,125,137;25,13,14,15,16,28,40;91,103,115,116,117,105,106;127,128,129,130,118;34,22,21,20,19,31,43,55,67,79,78,90,102,114,126,138,139,140,141,142,143,131,119,107,95,83,82;49,48,60;27,26,38,50,62,61;94,93,92,104;100,99,98,110;57,45,33;46,58,70,69;39,51,63,75,74,73,72,84,96,108,120,132,133,134,135,136,124
12+B,0,117,9,,5:6:60:65:66:71:72:77:78:83:137:138;46,34,22,21,20;54,55,67,79,91,90,89,101,100,99,98,110;106,118,130,129,128;114,102,103,104,92,80,68,56,44,43,42,41,53,52,64,76,88,87,86,85,84;12,0,1,2,3,4,16,17,18,19,7,8,9,10,11,23,35,47,59,58,70,82,94,95,107,119,131,143,142,141,140,139,127,126,125,124,136,135,134,133,132,120,108,96;97,109,121,122,123,111,112,113;37,38,26,27,28,29,30,31,32,33,45,57,69,81,93,105,117,116,115;63,75,74,73,61,49,48,36,24,25,13,14,15;40,39,51,50,62
10,0,118,7,,,12|22:13|23:16|26:17|27:21|22:27|28:31|32:37|38:61|62:67|68:71|72:72|82:73|83:76|86:77|78:77|87;19,9,8,7,6,5,4,3,2,1,0,10,20,30,40,50,60,70,80,90,91,92,93,94,95,96,97,98,99,89,79,69,68;33,34,35,45,55,65;66,56,46,36,26,25,24,23,22,32,42,41;62,63,64,54,44;78,88,87,86,85,84,83,82,81,71,61,51,52,53,43;38,48,47,37,27;31,21,11,12,13,14,15,16,17,18,28,29,39,49,59,58,57,67,77,76,75,74,73,72
12+B,0,119,11,,0:1:2:3:4:7:8:9:10:11:12:13:14:21:22:23:24:25:34:35:36:47:48:59:84:95:96:107:108:109:118:119:120:121:122:129:130:131:132:133:134:135:136:139:140:141:142:143;44,56,68,80,92,93,94;99,100,88,76,64,52;106,105,117,116,115;104,103,91,79,67,55,43,42,41,53,65,77,89,101,113,112;31,32,33,45,57,69,81,82,83,71;72,60,61,49,37,38,26,27,15,16,17,5,6;86,87,75,63;20,19,18,30,29,28,40,39,51,50,62,74,73,85,97,98,110,111,123,124;128,127,126,114,102,90,78,66,54;70,58,46;125,137,138
12+B,0,120,8,,4:5:6:7:16:17:18:19:28:29:30:31:112:113:114:115:124:125:126:127:136:137:138:139;11,23,22,34,46,58,70,82,81,93,105,117,116,128,140;21,33,45,57,69,68,80,79,78,77,76,75,74,73,85,97,109,121,122;35,47,59,71,83,95,94,106,118,130;129,141,142,143,131,119,107;14,13,25,37,49,61,62,63,64,65,66,67,55,56,44,32,20,8,9,10;39,40,41;43,42,54,53,52,51,50,38,26,27,15,3,2,1,0,12,24,36,48,60,72,84,96,108,120,132,133,134,135,123,111,99,100,101,102,103,104,92;91,90,89,88,87,86,98,110
13+B,0,121,8,,0:1:2:3:9:10:11:12:13:14:15:16:17:21:22:23:24:25:26:27:28:29:30:34:35:36:37:38:39:40:41:42:43:47:48:49:50:51:52:53:54:55:56:60:61:62:63:64:65:66:67:68:69:73:74:75:76:77:78:79:80:81:87:88:89:90:91:92:93:101:102:103:104:105:115:116:117:118:128:129:130:142:156:168;106,107,94,95,82;161,162,163,150,151,138,125,112;141,140,127,114;6,19,32,45,58,71,84,97,110,123,122,135,134,133,146,145,144,143;131,132,119,120,121,108,109,96,83,70,57,44,31,18,5,4;155,154,153,152,139,126,113,100,99,98,111,124,137,136,149,148,147,160,159,158,157;8,7,20,33,46,59,72,85,86;164,165,166,167
7:9,0,122,7,,,7|8:9|16:10|17:11|18:12|13:14|15:19|20:21|22:26|27:28|29:33|34:35|36:40|41:42|43:44|51:45|52:46|53:47|48:49|50:54|55;6,13,20,27,34,41,48,55,62,61,60,59,58;57,50,51,52,53,54;5,4,3,2;39,32,31;18,25,24,23,30,29,36,43,44;17,16,15,22;56,49,42,35,28,21,14,7,0,1,8,9,10,11,12,19,26,33,40,47,46,45,38,37
10+B,0,123,9,,0:1:2:3:6:7:8:9:10:11:18:19:20:29:30:39:60:69:70:79:80:81:88:89:90:91:92:93:96:97:98:99;73,74,75,85,86,87;71,61,51,50,40;49,59,58,68;95,94,84,83,82,72,62,52,53,54,55,56,57,67,77,78;35,45,46,47,48,38,28,27,17,16,15,5,4;12,13,14,24,25,26,36,37;44,43,42,32;34,33,23,22,21,31,41;63,64,65,66,76
10+B,0,124,11,,,4|5:14|15:24|25:40|50:41|51:42|52:47|57:48|58:49|59:74|75:84|85:94|95;28,18,8;83,82,72,62,52,51,50;0,1,2,3,13;64,54,44;60,61,71,81,91,92,93,94,84,74,73,63,53,43,42,41,40,30,20,10,11,12,22,23,24,14,4;16,17,27,37,38;7,6,5,15,25,26,36;66,56,46,47,48,49,39,29,19,9;76,77,67,57,58,59,69,79,89,99,98,97,96,95;68,78,88,87,86,85,75,65,55,45,35,34,33,32,31,21;70,80,90
10,0,125,8,,,1|11:2|12:3|13:4|14:6|16:7|17:8|18:10|11:12|22:14|24:15|25:16|26:17|27:18|19:20|21:21|22:27|28:28|29:30|31:31|32:38|39:41|42:47|48:48|49:50|51:51|52:57|58:60|61:67|68:68|69:70|71:71|72:72|82:73|83:74|84:75|85:77|78:77|87:78|79:80|81:81|91:82|92:83|93:85|95:86|96:87|97:88|89:88|98;28,18,17,16,15,14;33,34,35,36,37,38,48,58,59,49,39,29,19;64,63,62;69,79,89,99,98,97,96,95,94,93,92,91,90,80,70,60,50,40,30,20,10,0,1,2,3,4,5,6,7,8,9;43,44,45,46,56,66;13,12,11,21,31,41,51,61,71,81,82,83,84,85,86,76,77,67,57,47;72,73,74,75,65,55,54,53,52,42,32,22,23,24,25,26,27;87,88,78,68
14:12+B,0,126,11,,0:1:2:3:4:5:6:7:8:9:10:11:12:13:14:15:20:28:29:34:36:37:41:42:43:44:47:48:50:51:55:56:57:64:65:70:84:98:112:113:126:127:140:157:160:163:164:167;33,19,18,17;156,142,128,114,100,99,85,71,72,58;16,30,31,45,59,73,74,88,102,116,130,131,132,133,134,135,136,137,138;158,159,145,146,147,161;154,155,141;86,87,101,115,129,143,144;162,148,149,150,151;27,26,40,54,68,82,96,95,94,93,92,91,90,104;69,83,97,111,110,109,108,107,106,105;165,166,152,153,139,125,124,123,122,121,120,119,118,117,103,89,75,76,77,78,79,80,66,52,38;81,67,53,39,25,24,23,22,21,35,49,63,62,61,60,46,32
10,0,127,10,,,12|22:13|23:16|26:17|27:21|22:27|28:31|32:37|38:61|62:67|68:71|72:72|82:73|83:76|86:77|78:77|87;36,46,56,55,54,53;22,32,42,52,62;96,97,98,99,89,79,69,59,49,39,29,19,9,8,7,6,5,4,3,2,1,0,10,20;23,24,14,13,12,11,21,31,30;45,35,34;76,66,65,64,63,73,72;41,51,61,71,81,82,83,84,74,75;77,67,57,47,37,27,26;44,43,33;40,50,60,70,80,90,91,92,93,94,95,85,86,87,88,78,68,58,48,38,28,18,17,16,15,25
9+B,0,128,9,,0:8:72:80,11|20:15|24:19|20:20|29:23|24:24|25:51|60:55|56:56|57:56|65:60|61:60|69;54,55,46,37,38,29;19,28,27,36,45;24,33,42,51,52,61,70,79,78,77;73,74,75,76,67,68,69;15,14,23,32,41,50,59,60;56,47,48,39,30,21,20;71,62,53,44,35,26,17,16,7,6,5,4,3,2,1,10,9,18;43,34,25;63,64,65,66,57,58,49,40,31,22,13,12,11
10+B,0,129,9,,3:4:5:6:13:14:15:16:23:24:25:26:73:74:75:76:83:84:85:86:93:94:95:96;7,8,9,19,29,39,49,59,69,68,78;97,98,99;11,21,31,41,51,61,71,81;63,64,54,44,34,35,36,37,27;33,32,22,12;17,18,28,38,48,58,57,56;79,89,88,87,77,67,66,65,55,45,46,47;53,43,42;2,1,0,10,20,30,40,50,60,70,80,90,91,92,82,72,62,52
10+B,0,130,10,,4:5:40:44:45:49:50:54:55:59:94:95;96,86,87;21,11,12;74,73,72,62,52,42,32,22,23,24,25,35;17,7,6;82,81,71,61,51,41,31,30,20,10,0,1,2,3,13;36,46,56,66,65,64,63,53,43,33,34;97,98,88,78,77,76,75,85,84,83,93,92,91,90,80,70,60;9,19,29,39,38,48,58;14,15,16,26,27,28,18,8;37,47,57,67,68,69,79,89,99
8:10,0,131,9,,,8|9:10|18:11|19:12|20:13|21:14|15:16|17:22|23:24|25:30|31:32|33:38|39:40|41:46|47:48|49:54|55:56|57:58|66:59|67:60|68:61|69:62|63:64|65:70|71;54,46,38;76,75,74;30,29,21,20,19,18,17,9;34,42,50,51;66,67,68;58,59,60;69,77,78,79,71,63,55,47,39,31,23,15,7,6,5,4,3,2,1,0,8,16,24,32,40,48,56,64,72,73,65,57,49,41,33,25,26,27,35,43,44,52;70,62,61,53,45,37,36,28;22,14,13,12,11,10
14+B,0,132,8,,0:1:2:3:4:5:6:7:14:15:16:28:29:30:42:43:44:50:51:52:56:57:58:62:63:64:65:66:70:71:72:76:77:78:79:80:84:85:86:90:91:92:93:94:98:99:100:104:105:106:107:108:112:113:114:118:119:120:126:132:133:146:147:160:161:162:167:168:173:174:175:176:177:180:181:182:183:186:187:188:189:190:191:192:193:194:195;154,140,141,142,143,144,130,116,102,88,74,60,46,32,33,34,20,21,22,23,24,25,26,40,54,68,82,96,110,124,138,137,136,135,134;19,18,17,31,45,59,73,87,101,115,129,128,127;163,149,148;164,150,151,152,153,139,125,111,97,83,69,55,41,27,13,12,11,10,9,8;185,184,170,169,155;166,165,179,178;121,122,123,109,95,81,67,53,39,38,37,36,35,49,48,47,61,75,89,103,117,131,145,159,158;172,171,157,156
11+B,0,133,11,,5:16:27:55:56:57:63:64:65:93:104:115;45,44,33,22,11,0,1,2,3,4,15,26,37,38;18,29,28,39,50,49,48;42,31,20;36,25,14,13,12,23,34;17,6,7,8,19,30,41,40,51,62,61,60,59,58,47,46,35,24;9,10,21,32,43,54,53,52;96,85,74,75,76;97,108,107,106,95,84,73,72,71,70,69,68,67,66,77,88;113,114,103,92,91,90,89,100,99,110;86,87,98,109,120,119,118,117,116,105,94,83,82,81,80,79,78;111,112,101,102
11,0,134,8,,,13|24:14|25:15|26:18|29:19|30:23|24:30|31:34|35:41|42:52|53:67|68:78|79:85|86:89|90:90|101:91|102:94|105:95|106:96|97:96|107;39,38,49,48,59,58,57,56,45,34,23,12,13,14,15,16,5,6,7,8,9,10,21,32,43,54,65,76,87,86,97,108,107,106,105,104,93,94,95,84,73,62,63,52,41,30;90,79,68,69,70,71,60,61,50,51,40;96,85,74,75,64,53,42,31,20,19,18,17,28,29;47,36,37;77,88,99,110,111,112,113,114,115,116,117,118,119,120,109,98;4,3,2,1,0,11,22,33,44,55,66,67,78,89,100,101,102,103,92,91;72,83,82,81,80;27,26,25,24,35,46
10+B,0,135,10,,0:9:90:99,12|22:17|27:21|22:22|32:26|27:27|28:67|77:71|72:72|73:72|82:77|78:77|87;19,29,39,49,59,69,79,89;91,92,93,94,84,74,64,54,44,45,35,36;77,76,86,87,88,78,68,58,48,38,28,18,8,7,6;4,3,2,1,11,10,20,30,40,50,60,70,80,81,82,83,73,63,53,43,33,34;71,61,51,41,31,21;66,67,57;72,62,52,42,32;22,23,24,25,26,16,17;98,97,96,95,85,75,65,55,56,46,47,37,27;5,15,14,13,12
12:14+B,0,136,12,,0:1:2:3:4:5:6:7:8:9:10:11:12:13:22:23:37:46:49:58:61:70:73:82:96:107:108:109:118:119:120:121:122:123:128:129:130:131:132:133:134:141:142:143:144:145:154:155:156:167,85|86:93|94:147|148:148|160:149|161:150|162:151|152:151|163;85,84,72,60,48,36,24,25,26,14,15,16,17,18,30;146,158,157;31,19,20,21;110,111,99,87,75,63,51;68,69,81,93,92,91,103,115,127;151,150,149,148,136,135,147,159,160,161,162,163,164;97,98,86,74,62,50,38,39,40,52,53,54;64,76,88,100,112,124,125,137;27,28,29,41,42,43,44,32,33,34,35,47,59,71,83,95,94,106,105;117,116,104;102,90,78,79,80;45,57,56,55,67,66,65,77,89,101,113,114,126,138,139,140,152,153,165,166
11,0,137,12,,,1|12:2|13:3|14:4|15:5|16:6|17:8|19:9|20:11|12:14|25:15|26:16|27:17|28:18|29:19|30:20|21:22|23:23|24:31|32:34|35:41|42:42|43:44|45:45|46:52|53:53|54:55|56:56|57:63|64:64|65:66|67:67|68:74|75:75|76:77|78:78|79:85|86:88|89:90|101:91|102:92|103:93|104:94|105:95|106:96|97:97|98:99|100:100|111:101|112:103|114:104|115:105|116:106|117:107|118:108|109:108|119;88,99,110,111,112,113,102,101,100;82,93,92,91;83,94,95,96,107,108,97,86,75,64,53,42,31,20,19,18,17,16,15,14,13,12,23,34,45,56,67,78,89,90,79,80;114,115,116,117,118,119,120,109,98,87,76,65,54,43,32,21,10,9,8,7,6,5,4,3,2,1,0,11,22,33,44,55,66,77;25,26,27;41,30,29,28,39,38,49,60,71,72,73;40,51,52;103,104,105,106;50,61,62,63,74,85,84;36,37,48;69,68,57,46,35,24;81,70,59,58,47
11+B,0,138,10,,3:4:5:6:7:14:15:16:17:18:25:26:27:28:29:91:92:93:94:95:102:103:104:105:106:113:114:115:116:117;10,9,8;86,97,98,109,120,119,118;30,19,20,21,32,43,54,65,64;100,89,78,67,68,57,58,59,60,61;34,23,12,13,2;111,110,99,88,77,66,55,44,33,22,11,0,1;112,101,90,79,80,69,70,71,72,73,62,51,50,49,48,47,46,45,56;81,82,83,84,85,96,107,108;24,35,36,37,38,39,40,41;31,42,53,52,63,74,75,76,87
11+B,0,139,10,,0:1:2:3:7:8:9:10:11:12:20:21:22:32:33:43:77:87:88:98:99:100:108:109:110:111:112:113:117:118:119:120;61,60,71,82;44,55,66;47,58,59,70,81,92,93,104;95,94,83,72,73,62,51,50,49,48;15,4,5,6,17,28,39,38,37,36,35,46,57,68,79;14,25,26,27,16;84,85,74;13,24,23,34,45,56,67,78,89,90,101;69,80,91,102,103,114,115,116,105,106,107,96,97,86,75,64,63,52,41,40,29;76,65,54,53,42,31,30,19,18
11+B,0,140,13,,5:55:60:65:115;111,110,99,88,77;54,53,42,31,20,19,18,7,6;43,32,21,10,9,8;1,2,13,24;84,83,72,61,50,49,48;66,67,78,89,100,101,112,113,114;0,11,12;17,16,15;76,87,98,109,120,119,118,117,116;45,46,47,58,69,80,81,92;34,35,36,37,38,39,40,51,62,73,74,85,96,95,94,93,82,71,70,59;4,3,14,25,26,27,28,29,30,41,52,63,64,75,86,97,108,107,106,105,104,103,102,91,90,79,68,57,56;44,33,22,23
12,0,141,11,,,14|26:15|27:16|28:19|31:20|32:21|33:25|26:33|34:37|38:45|46:49|50:57|58:85|86:93|94:97|98:105|106:109|110:110|122:111|123:112|124:115|127:116|128:117|118:117|129;80,92,91;27,26,38,50,62,63,64,52,53,41,42,30,31,32,33,45,57,69,81,93,105,117,116;29,28,40,39,51;131,143,142,141,140,139,138,137,125,124,123,122,121,109,97,85,73,74,75,76,77,89,101,100,99,98;56,68,67,79,78,90,102,114,126,127,128,129,130;104,103,115;106,94,82,70,58,46,34,22,21,20,19,18,17,16,15,14,13,25,37,49,61,60,72,84,96,108,120,132,133,134,135,136;113,112,111,110;65,66,54,55,43,44;86,87,88;118,119,107,95,83,71,59,47,35,23,11,10,9,8,7,6,5,4,3,2,1,0,12,24,36,48
12,0,142,13,,,29|30:40|41:41|42:42|43:51|52:52|53:53|54:54|55:55|56:62|63:62|74:63|64:63|75:64|65:64|76:65|66:65|77:66|67:66|78:67|68:67|79:68|69:68|80:69|81:74|75:75|76:76|77:77|78:78|79:79|80:80|81:87|88:88|89:89|90:90|91:91|92:100|101:101|102:102|103:113|114;75,87,99,100,88,76;65,53,41,29,28,27,26,38,50,62;85,97,109,121,122,123,124,125,126,127,128,116,104,92,80;78,90,102,114,115,103,91,79;68,56,44,43,55,67;77,89,101,113,112,111,110,98,86,74,73,61,49,37,25,13,14,15,16,17,18;83,95,107;81,93,105,117,129,130,131,119;58,46,34,22,21;63,51,39,40,52,64;69,57,45,33,32,31,30,42,54,66;118,106,94,82,70,71,59,47,35,23,11,10,9,8,20,19;7,6,5,4,3,2,1,0,12,24,36,48,60,72,84,96,108,120,132,133,134,135,136,137,138,139,140,141,142,143
13+B,0,143,8,,0:1:2:3:9:10:11:12:13:14:15:16:17:21:22:23:24:25:26:27:28:29:30:34:35:36:37:38:39:40:41:42:43:47:48:49:50:51:52:53:54:55:56:60:61:62:63:64:65:66:67:68:69:73:74:75:76:77:78:79:80:81:87:88:89:90:91:92:93:101:102:103:104:105:115:116:117:118:128:129:130:142:156:168;6,19,32,45,58,71,84,97,96,109,108,107,106,119,132,131,144,143;150,149,136,135,122,121,120,133,146,145;4,5,18,31,44,57,70,83,82,95,94;155,154,153,152,139,126,125,112,111,98,85,72,59,46,33,20,7,8;160,159,158,157;86,99,100,113,114,127,140,141;151,138,137,124,123,110;134,147,148,161,162,163,164,165,166,167
12,0,144,10,,,1|13:2|14:3|15:4|16:5|17:6|18:7|19:8|20:10|22:12|13:14|26:15|27:16|28:17|29:18|30:19|31:20|32:22|23:33|34:34|35:36|37:37|38:45|46:46|47:48|49:49|50:57|58:58|59:60|61:61|62:69|70:70|71:72|73:73|74:81|82:82|83:84|85:85|86:93|94:94|95:96|97:97|98:105|106:106|107:108|109:109|110:111|123:112|124:113|125:114|126:115|127:116|128:117|129:120|121:121|133:123|135:124|136:125|137:126|138:127|139:128|140:129|141:130|131:130|142;33,45,57,69,81,93;63,51,52,53,54,66,78,90,102,101,113,112;5,6,7,8,9,10,11,23,35,47,59,71,83,95,107,119,131,143,142,141,140,139,138,137,136,135,134,133,132,120,108,96,84,72,60,48,36,24,25,26,38,50,62,74,75,76;106,94,82,70,58,46,34,22,21,20,19,18,17,16,15,14,13;111,99,100,88,89,77,65,64;114,115,116,104,92,80,68,56,44,32,31,30,29,28,27;4,3,2,1,0,12;39,40,41,42,43,55,67,79,91,103;37,49,61,73,85,97,109,121,122,110,98,86,87;123,124,125,126,127,128,129,130,118,117,105
11+B,0,145,10,,0:10:110:120,13|24:19|30:23|24:24|35:29|30:30|31:85|96:89|90:90|91:90|101:96|97:96|107;31,42,53,64,75,74,73,72,71;96,95,94,93,92,91,80,79,90;68,57,46,35,36,25,24;19,18,29;1,2,3,4,5,16,27,38,49,50,51;119,118,117,116,115,114,113,112,111;97,98,87,76,65,54,43,32,21,20,9,8,7,6,17,28,39,40,41,30;99,88,77,66,55,44,33,22,11;109,108,107,106,105,104,103,102,101,100,89,78,67,56,45,34,23,12,13,14,15,26,37,48,47,58,69,70,81,82,83,84,85,86;52,63,62,61,60,59
12+B,0,146,14,,,5|6:17|18:29|30:60|72:61|73:62|74:69|81:70|82:71|83:113|114:125|126:137|138;92,104,105,106,118,130,129,128,127,126,114,102,101,89,77,65,66,67,68,69,57,58,46,34,22,21,20,19,18,30,42,41,29,17,5,4,3,2,1,0,12,24;63,62,61,60,48,36,37,25,13,14;135,134,133,132,120,108,96,84,72,73,74,75,76,64,52,53,54,55,56,44;16,15,27,26,38,50,49;70,71,59,47,35,23,11,10,9,8,7,6;90,78,79,80,81,82,83;51,39,40,28;45,33,32,31,43;100,88,87,86;110,109,121;138,139,140,141,142,143,131,119,107,95,94,93;122,123,124,136;137,125,113,112,111,99,98,97,85;91,103,115,116,117
12+B,0,147,8,,5:6:60:65:66:71:72:77:78:83:137:138;84,96,108,120,132,133,134,135,136;90,89,88,76,64,52,53,41,29,17;44,43,55,67,79,91;27,26,38,50,62,74,86,98,110,111,112,113,114,115,116,128,129,130,118,106,94,82,70,58,59,47,35,23,11,10,9,8,7;54,42,30,18,19,20,21,22,34,46,45,57,69,81,93,105,117;48,36,24,12,0,1,2,3,4,16,28,40,39,51,63,75,87,99,100,101,102,103,104,92,80,68,56;33,32,31;15,14,13,25,37,49,61,73,85,97,109,121,122,123,124,125,126,127,139,140,141,142,143,131,119,107,95
10,0,148,8,,,12|22:13|23:16|26:17|27:21|22:27|28:31|32:37|38:61|62:67|68:71|72:72|82:73|83:76|86:77|78:77|87;63,64,54,55;19,18,28,38,48,58,68,78,88,87,86,85,84,83,82,81,71,61,51,50,40,30,20,10,0,1,2,3,4,5;22,23,33,43,53,52,62,72,73,74,75,76,77,67,57,47,37,27,26,25;17,7,8,9;45,44,34,24;35,36,46,56,66,65;32,42,41,31,21,11,12,13,14,15,16,6;29,39,49,59,69,79,89,99,98,97,96,95,94,93,92,91,90,80,70,60
12+B,0,149,11,,0:1:2:3:4:7:8:9:10:11:12:13:14:21:22:23:24:25:34:35:36:47:48:59:84:95:96:107:108:109:118:119:120:121:122:129:130:131:132:133:134:135:136:139:140:141:142:143;69,68,67,66,65,64,63,51,39,27,15,16,17,5,6;112,100,99,87,86;53,52,40,28,29,30,18,19,20,32,33,45,46,58,70;72,60,61,49,37;71,83,82,94,106,105,104,103,115,114,113,125,124,123,111,110,98,97,85,73,74,62,50,38,26;90,91,92,93;75,76,88,89,101,102;77,78,79,80,81;117,116,128,127,126,138,137;31,43,44,56,57;55,54,42,41
12+B,0,150,11,,4:5:6:7:16:17:18:19:28:29:30:31:112:113:114:115:124:125:126:127:136:137:138:139;120,132,133,134,122,110,98,97,85,73,61,49,37,25,13,14;33,32,20,8;75,76,77,78,79,80,81,69,70,71,83,95,107,119,118;82,94,106;10,11,23;9,21,22,34,46,45,44,43,42,41,40,39,51;55,54,53,52,64,63,62,50,38,26,27,15,3,2;135,123,111,99,100,101,102,103,104,116,128,140,141,142,143;74,86,87,88,89,90,91,92,93,105,117,129,130,131;1,0,12,24,36,48,60,72,84,96,108,109,121;35,47,59,58,57,56,68,67,66,65
