7,0,1,4,,,2|9:1|8:7|8:14|15:28|29:35|36:36|43:37|44:39|46:40|47:40|41:33|34:19|20:12|13:5|12:4|11;35,28,21,22,15,8,9,10,11,12,19,26,33,40,39,38,37,36;14,7,0,1,2,3,4,5,6,13,20,27,34,41,48,47,46,45,44,43,42;29,30,31,32,25,18,17;24,23,16
7,0,2,6,,,2|9:1|8:7|8:14|15:28|29:35|36:36|43:37|44:39|46:40|47:40|41:33|34:19|20:12|13:5|12:4|11;30,31,38,45;37,36,29,22,23,24;9,10,11,12,19,26,33;40,39,32,25,18,17,16,15,8;7,14,21,28,35,42,43,44;46,47,48,41,34,27,20,13,6,5,4,3,2,1,0
7,0,3,6,,,2|9:1|8:7|8:14|15:28|29:35|36:36|43:37|44:39|46:40|47:40|41:33|34:19|20:12|13:5|12:4|11;2,1,0,7,14,21,28,35,42,43,44,45,46,47,48,41,34;24,23,16;36,37,30,31,32,25,18,17;9,8,15,22,29;27,20,13,6,5,4,3,10,11,12,19;38,39,40,33,26
7,0,4,6,,,2|9:1|8:7|8:14|15:28|29:35|36:36|43:37|44:39|46:40|47:40|41:33|34:19|20:12|13:5|12:4|11;28,21,14,7,0,1,2,3,10,9,16,23,24;22,15,8;11,12,19,26,33,40;17,18,25,32,39,38,37;4,5,6,13,20,27,34,41,48,47,46,45,44,43,42,35;31,30,29,36
7,0,5,7,,,2|9:1|8:7|8:14|15:28|29:35|36:36|43:37|44:39|46:40|47:40|41:33|34:19|20:12|13:5|12:4|11;19,18,25,32,33,40;37,36,29,22,23,24,17;8,15,16;30,31,38,39;28,21,14,7,0,1,2,3,4,5,6,13,20,27,26;9,10,11,12;34,41,48,47,46,45,44,43,42,35
7,0,6,7,,,2|9:1|8:7|8:14|15:28|29:35|36:36|43:37|44:39|46:40|47:40|41:33|34:19|20:12|13:5|12:4|11;33,40,39,38,37,36;16,17,18;34,41,48,47,46,45,44,43,42,35,28,21,14;29,30,31,32;19,12,11,10,9,8,15;6,5,4,3,2,1,0,7;22,23,24,25,26,27,20,13
7,0,7,8,,,2|9:1|8:7|8:14|15:28|29:35|36:36|43:37|44:39|46:40|47:40|41:33|34:19|20:12|13:5|12:4|11;9,16,23,24;19,12,11;28,35,42,43,44,45;46,47,48,41,34,27,20,13,6,5,4;30,31,32,25,26;18,17,10,3,2,1,0,7,14,21;33,40,39,38;37,36,29,22,15,8
7,0,8,6,,,2|9:1|8:7|8:14|15:28|29:35|36:36|43:37|44:39|46:40|47:40|41:33|34:19|20:12|13:5|12:4|11;24,17,18;8,9,10,11,12,19,26,33,40,39;15,16,23,30,31,32,25;37,38,45,46,47,48,41,34,27,20,13,6,5,4,3,2,1,0,7;36,29,22;14,21,28,35,42,43,44
7,0,9,5,,,2|9:1|8:7|8:14|15:28|29:35|36:36|43:37|44:39|46:40|47:40|41:33|34:19|20:12|13:5|12:4|11;33,26,19,12;14,7,0,1,2,3,4,5,6,13,20,27,34,41,48,47,46,45,44,43,42,35,28;17,24,31,38,37;16,23,30,29,36;40,39,32,25,18,11,10,9,8,15,22,21
7,0,10,5,,,2|9:1|8:7|8:14|15:28|29:35|36:36|43:37|44:39|46:40|47:40|41:33|34:19|20:12|13:5|12:4|11;12,11,10,9,8,15,22,29,36;44,43,42,35,28;31,30,37;40,33,26,19,18,17,16;21,14,7,0,1,2,3,4,5,6,13,20,27,34,41,48,47,46,45,38,39,32,25,24,23
7,0,11,6,,,2|9:1|8:7|8:14|15:28|29:35|36:36|43:37|44:39|46:40|47:40|41:33|34:19|20:12|13:5|12:4|11;16,23,24;30,31,32,25,18,19;21,22,29,36,37,38,39,40,33,26;28,35,42,43,44,45,46,47,48,41,34,27,20,13,6,5,4,3,2,1,0,7,14;15,8,9;12,11,10,17
7,0,12,5,,,2|9:1|8:7|8:14|15:28|29:35|36:36|43:37|44:39|46:40|47:40|41:33|34:19|20:12|13:5|12:4|11;25,32,39,40;33,26,19,12,11,10,9,8,15,22,21,28,35,42,43,44,45,46;18,17,16,23,30,29,36;37,38,31,24;14,7,0,1,2,3,4,5,6,13,20,27,34,41,48,47
7,0,13,7,,,2|9:1|8:7|8:14|15:28|29:35|36:36|43:37|44:39|46:40|47:40|41:33|34:19|20:12|13:5|12:4|11;12,19,18,17;15,8,9,10,11;40,39,32,31,30,23,16;22,21,28,35,42,43,44,45,46;33,26,25,24;29,36,37,38;47,48,41,34,27,20,13,6,5,4,3,2,1,0,7,14
7,0,14,7,,,2|9:1|8:7|8:14|15:28|29:35|36:36|43:37|44:39|46:40|47:40|41:33|34:19|20:12|13:5|12:4|11;9,8,15,22;19,12,11,10,3,4,5,6,13,20,27,34,41,48,47,46,45,44,43,42,35,28,21,14,7;16,17,18;0,1,2;26,33,32,31;30,23,24,25;29,36,37,38,39,40
7,0,15,5,,,2|9:1|8:7|8:14|15:28|29:35|36:36|43:37|44:39|46:40|47:40|41:33|34:19|20:12|13:5|12:4|11;23,24,25,32;12,19,26,33,40,39,38,37,36;27,20,13,6,5,4,3,10,9,8,15,22,29,30,31;2,1,0,7,14,21,28,35,42,43,44,45,46,47,48,41,34;11,18,17,16
7,0,16,5,,,2|9:1|8:7|8:14|15:28|29:35|36:36|43:37|44:39|46:40|47:40|41:33|34:19|20:12|13:5|12:4|11;14,21,28,35,42,43,44,45,46,47,48,41,34;7,0,1,2,3,4,5,6,13,20,27,26,33,40,39;18,17,24,23,30;8,9,10,11,12,19;25,32,31,38,37,36,29,22,15,16
7,0,17,6,,,2|9:1|8:7|8:14|15:28|29:35|36:36|43:37|44:39|46:40|47:40|41:33|34:19|20:12|13:5|12:4|11;39,32,31,24,23,22,29;34,41,48,47,46;8,15,16,17,18,25,26,33,40;27,20,13,6,5,4,3,2,1,0,7,14,21,28,35,42,43,44,45,38;30,37,36;9,10,11,12,19
7,0,18,7,,,2|9:1|8:7|8:14|15:28|29:35|36:36|43:37|44:39|46:40|47:40|41:33|34:19|20:12|13:5|12:4|11;40,39,32,25,18,11,12;4,5,6,13,20,27,34,41,48,47;9,10,3,2,1,0,7,14,21,28,35,42,43,44,45,46;17,16,23,30,37,36;38,31,24;19,26,33;8,15,22,29
7,0,19,7,,,2|9:1|8:7|8:14|15:28|29:35|36:36|43:37|44:39|46:40|47:40|41:33|34:19|20:12|13:5|12:4|11;19,12,11,10,9,8;33,26,25;23,30,37;40,39,32;46,47,48,41,34,27,20,13,6,5,4,3,2,1,0,7;24,31,38,45,44,43,42,35,28,21,14;18,17,16,15,22,29,36
7,0,20,6,,,2|9:1|8:7|8:14|15:28|29:35|36:36|43:37|44:39|46:40|47:40|41:33|34:19|20:12|13:5|12:4|11;23,24,25,18;46,47,48,41,34,27,20,13,6,5,4,3,2,1,0,7,14,21,28,35,42;37,30,31,32;9,8,15,22,29,36;43,44,45,38,39,40,33;26,19,12,11,10,17,16
7,0,21,6,,,2|9:1|8:7|8:14|15:28|29:35|36:36|43:37|44:39|46:40|47:40|41:33|34:19|20:12|13:5|12:4|11;2,1,0,7,14,21,28,35,42,43,44,45,46,47,48,41,34,27,20,13,6,5,4;37,38,39;16,17,18,11;36,29,30,31;3,10,9,8,15,22,23,24,25,32;40,33,26,19,12
7,0,22,6,,,2|9:1|8:7|8:14|15:28|29:35|36:36|43:37|44:39|46:40|47:40|41:33|34:19|20:12|13:5|12:4|11;34,27,20,13,6,5,4,3,2,1,0,7,14;31,30,29;41,48,47,46,45,44,43,42,35,28,21,22,23;24,25,32;15,16,17,18,19,26,33,40,39,38,37,36;8,9,10,11,12
7,0,23,6,,,2|9:1|8:7|8:14|15:28|29:35|36:36|43:37|44:39|46:40|47:40|41:33|34:19|20:12|13:5|12:4|11;24,23,16;19,12,11;30,31,32;7,0,1,2,3,4,5,6,13,20,27,34,41,48,47,46,45,44,43,42,35,28;29,36,37,38,39,40,33,26,25,18,17;10,9,8,15,22,21,14
7,0,24,7,,,2|9:1|8:7|8:14|15:28|29:35|36:36|43:37|44:39|46:40|47:40|41:33|34:19|20:12|13:5|12:4|11;31,32,25,26,19,12;11,18,17,24;37,36,29,22;21,14,7,0,1,2,3,10,9;30,23,16,15,8;4,5,6,13,20,27,34,41,48,47,46,45,38,39,40,33;44,43,42,35,28
7,0,25,6,,,2|9:1|8:7|8:14|15:28|29:35|36:36|43:37|44:39|46:40|47:40|41:33|34:19|20:12|13:5|12:4|11;8,15,16,23,24,25,32,33,40;5,6,13,20,27,34,41,48,47,46,45,44,43,42,35,28;18,17,10,9;11,12,19,26;4,3,2,1,0,7,14,21,22,29,36,37;39,38,31,30
7,0,26,5,,,2|9:1|8:7|8:14|15:28|29:35|36:36|43:37|44:39|46:40|47:40|41:33|34:19|20:12|13:5|12:4|11;39,32,25,18,17,16,23,30,29;24,31,38,37,36;47,46,45,44,43,42,35,28,21,22,15;40,33,26,19,12,11,10,9,8;14,7,0,1,2,3,4,5,6,13,20,27,34,41,48
7,0,27,5,,,2|9:1|8:7|8:14|15:28|29:35|36:36|43:37|44:39|46:40|47:40|41:33|34:19|20:12|13:5|12:4|11;1,0,7,14,21,28,35,42,43,44,45,38,31,32;30,23,24,25,18;8,9,10,11,12,19,26,33,40,39;2,3,4,5,6,13,20,27,34,41,48,47,46;17,16,15,22,29,36,37
7,0,28,6,,,2|9:1|8:7|8:14|15:28|29:35|36:36|43:37|44:39|46:40|47:40|41:33|34:19|20:12|13:5|12:4|11;2,1,0,7,14,21,28,35,42,43;32,31,24;11,18,17,16,23,30;33,40,39,38,37,36;29,22,15,8,9,10,3,4,5,6,13,20,27,34,41,48,47,46,45,44;12,19,26,25
7,0,29,7,,,2|9:1|8:7|8:14|15:28|29:35|36:36|43:37|44:39|46:40|47:40|41:33|34:19|20:12|13:5|12:4|11;32,31,30,23;12,11,18;4,5,6,13,20,27,34,41,48,47,46;15,8,9,10,3,2,1,0,7,14,21,28,35,42,43,44,45,38;25,24,17,16;39,40,33,26,19;22,29,36,37
7,0,30,5,,,2|9:1|8:7|8:14|15:28|29:35|36:36|43:37|44:39|46:40|47:40|41:33|34:19|20:12|13:5|12:4|11;28,21,14,7,0,1,2,3,4,5,6,13,20,27,34,41,48,47,46;32,25,24;37,36,29,22,15,8,9,10,11;31,30,23,16,17,18;12,19,26,33,40,39,38,45,44,43,42,35
8,0,31,6,,,1|9:2|10:3|11:5|13:6|14:14|15:22|23:30|31:46|47:54|55:54|62:53|61:52|60:50|58:49|57:48|49:40|41:32|33:16|17:8|9;54,46,45;47,55,63,62,61,60,59,58,57,56,48,40,32,24,16,8,0,1,2,3,4,5,6,7,15;44,36,37,29;23,31,39,38,30,22,14,13,12,11,10,9,17,25,33,41,49;19,18,26,34,42,50;53,52,51,43,35,27,28,20,21
8,0,32,8,,,1|9:2|10:3|11:5|13:6|14:14|15:22|23:30|31:46|47:54|55:54|62:53|61:52|60:50|58:49|57:48|49:40|41:32|33:16|17:8|9;46,45,37,36,35,43;13,12,11,10,9,17;26,18,19,20,21,22,14;31,23,15,7,6,5,4,3,2,1,0,8;25,33,34,42;51,50,49,41;16,24,32,40,48,56,57,58,59,60,61,62,63,55,47,39,38,30,29,28,27;44,52,53,54
8,0,33,6,,,1|9:2|10:3|11:5|13:6|14:14|15:22|23:30|31:46|47:54|55:54|62:53|61:52|60:50|58:49|57:48|49:40|41:32|33:16|17:8|9;45,37,29,21,20,12,11,10,9,17;36,28,27;50,42,43,44,52,53,54,46,38,30,22,14,13;19,18,26,25,24,16,8,0,1,2,3,4,5,6,7,15,23,31,39,47,55,63,62,61,60,59,51;35,34,33,41,49;32,40,48,56,57,58
8,0,34,7,,,1|9:2|10:3|11:5|13:6|14:14|15:22|23:30|31:46|47:54|55:54|62:53|61:52|60:50|58:49|57:48|49:40|41:32|33:16|17:8|9;30,29,37,45,44,43,42,34,26,18,10,11;28,20,21,22;9,17,25,33,41,49,50,51;52,53,54,46,38,39,47,55,63;19,27,35,36;62,61,60,59,58,57,56,48,40,32,24,16,8,0,1,2,3,4,5,6,7,15,23,31;14,13,12
8,0,35,8,,,1|9:2|10:3|11:5|13:6|14:14|15:22|23:30|31:46|47:54|55:54|62:53|61:52|60:50|58:49|57:48|49:40|41:32|33:16|17:8|9;59,58,57,56,48,40,32,24,25,26,27,28,29,37,45,46;10,11,12,13,14,22,30,38,39,31;44,43,42,50,49;54,53,52,51;16,8,0,1,2,3,4,5,6,7,15,23;21,20,19,18,17,9;41,33,34,35,36;47,55,63,62,61,60
8,0,36,8,,,1|9:2|10:3|11:5|13:6|14:14|15:22|23:30|31:46|47:54|55:54|62:53|61:52|60:50|58:49|57:48|49:40|41:32|33:16|17:8|9;10,11,19;6,7,15,23,31,39,47,55,63,62,61,60,59,58,57,56,48,40,32,24,16,8,0,1,2,3;5,4,12,13;14,22,21,20,28,27,26,25,33,41,42,43,44;9,17,18;34,35,36;49,50,51,52,53,45,37,29,30;54,46,38
8,0,37,7,,,1|9:2|10:3|11:5|13:6|14:14|15:22|23:30|31:46|47:54|55:54|62:53|61:52|60:50|58:49|57:48|49:40|41:32|33:16|17:8|9;49,50,42,43,35,27,19,11,12,13,21;29,37,45;10,9,17,25,24,16,8,0,1,2,3,4,5,6,7,15,23,31,39,47,55,63,62,61,60;36,28,20;14,22,30,38,46,54,53;18,26,34,33,41;32,40,48,56,57,58,59,51,52,44
8,0,38,8,,,1|9:2|10:3|11:5|13:6|14:14|15:22|23:30|31:46|47:54|55:54|62:53|61:52|60:50|58:49|57:48|49:40|41:32|33:16|17:8|9;26,27,28;41,42,34,35;22,14,13,12,11,10,9,17,25,33;45,37,38,39,47,55,63,62,61,60,59,58,57,56,48;31,23,15,7,6,5,4,3,2,1,0,8,16,24,32,40;18,19,20,21,29,30;46,54,53,52,51,50,49;36,44,43
8,0,39,7,,,1|9:2|10:3|11:5|13:6|14:14|15:22|23:30|31:46|47:54|55:54|62:53|61:52|60:50|58:49|57:48|49:40|41:32|33:16|17:8|9;17,25,33,41,49,50,51,52,53,54,46,38,30;20,28,36,44,43;39,47,55,63,62,61,60,59,58,57,56,48,40,32,24,16,8,0,1,2,3,4,12,13,14,22;42,34,26,18;9,10,11,19,27,35;31,23,15,7,6,5;21,29,37,45
8,0,40,7,,,1|9:2|10:3|11:5|13:6|14:14|15:22|23:30|31:46|47:54|55:54|62:53|61:52|60:50|58:49|57:48|49:40|41:32|33:16|17:8|9;30,22,14,13,12,4,5,6,7,15,23,31;18,26,34;3,2,1,0,8,16,24,32,40,48,56,57,58,59,60,61,62,63,55,47,39;45,44,36;54,53,52,51,50,49,41,33,25,17,9,10,11,19,20,21,29;46,38,37;28,27,35,43,42
8,0,41,7,,,1|9:2|10:3|11:5|13:6|14:14|15:22|23:30|31:46|47:54|55:54|62:53|61:52|60:50|58:49|57:48|49:40|41:32|33:16|17:8|9;14,13,12,20,28,29,37;11,10,9,17,25,33,41;49,50,42,34,26,18;45,44,36;21,22,30;58,57,56,48,40,32,24,16,8,0,1,2,3,4,5,6,7,15,23,31,39,38,46,54,53,52,51,43,35,27,19;47,55,63,62,61,60,59
8,0,42,7,,,1|9:2|10:3|11:5|13:6|14:14|15:22|23:30|31:46|47:54|55:54|62:53|61:52|60:50|58:49|57:48|49:40|41:32|33:16|17:8|9;19,18,26,25,33,41,49;23,15,7,6,5,4,3,2,1,0,8,16,24,32,40,48,56,57,58,59,60,61,62,63,55,47;50,42,34;53,52,51,43,35,27,28,20;17,9,10,11,12,13,21,29,37,36;14,22,30,38,39,31;44,45,46,54
8,0,43,9,,,1|9:2|10:3|11:5|13:6|14:14|15:22|23:30|31:46|47:54|55:54|62:53|61:52|60:50|58:49|57:48|49:40|41:32|33:16|17:8|9;52,53,54,46,38,37,29,28,27,26,18;45,44,43,51,59;23,15,7,6,5,4,3;36,35,34,42,50;49,41,33,25,17,9,10;31,39,47,55,63,62,61,60;12,13,14,22,30;11,19,20,21;58,57,56,48,40,32,24,16,8,0,1,2
8,0,44,7,,,1|9:2|10:3|11:5|13:6|14:14|15:22|23:30|31:46|47:54|55:54|62:53|61:52|60:50|58:49|57:48|49:40|41:32|33:16|17:8|9;13,12,4,3,2,1,0,8,16,24,32,40,48,56,57,58,59,60,61;20,21,29,37;5,6,7,15,23,31,39,47,55,63,62;14,22,30,38,46,45,44,43,42,34,26,25,17,9,10,11;27,19,18;54,53,52,51,50,49,41,33;28,36,35
8,0,45,8,,,1|9:2|10:3|11:5|13:6|14:14|15:22|23:30|31:46|47:54|55:54|62:53|61:52|60:50|58:49|57:48|49:40|41:32|33:16|17:8|9;5,6,7,15,23,31,39,47,55,63,62,61,60,59,58,57,56,48,40,32;38,46,54,53;14,22,30,29,37,45,44,52;35,43,42;51,50,49,41,33,34,26,18,10;13,12,4,3,2,1,0,8,16,24,25,17,9;11,19,20,21;36,28,27
8,0,46,6,,,1|9:2|10:3|11:5|13:6|14:14|15:22|23:30|31:46|47:54|55:54|62:53|61:52|60:50|58:49|57:48|49:40|41:32|33:16|17:8|9;14,13,21,20,28,27,35,43,51,59,60,61,62,63,55,47,39,31,23,15,7,6,5,4;54,53,52,44,36,37,29;45,46,38,30,22;10,9,17,25,33,41,49,50;42,34,26,18,19,11,12;3,2,1,0,8,16,24,32,40,48,56,57,58
8,0,47,7,,,1|9:2|10:3|11:5|13:6|14:14|15:22|23:30|31:46|47:54|55:54|62:53|61:52|60:50|58:49|57:48|49:40|41:32|33:16|17:8|9;20,19,18,26,34;54,53,45,37,29,21;16,8,0,1,2,3,4,5,6,7,15,23,31;27,35,43,42,41,33;52,44,36,28;39,47,55,63,62,61,60;46,38,30,22,14,13,12,11,10,9,17,25,24,32,40,48,56,57,58,59,51,50,49
8,0,48,9,,,1|9:2|10:3|11:5|13:6|14:14|15:22|23:30|31:46|47:54|55:54|62:53|61:52|60:50|58:49|57:48|49:40|41:32|33:16|17:8|9;22,14,13,12,4,3,2,1,0,8,16,24,32,40,48,56,57,58,59,60,61,62,63,55,47,39,31,23,15;5,6,7;30,29,21;10,18,26,27,35,43,51,50;45,37,36,28;38,46,54,53,52,44;34,42,41,49;20,19,11;9,17,25,33
8,0,49,8,,,1|9:2|10:3|11:5|13:6|14:14|15:22|23:30|31:46|47:54|55:54|62:53|61:52|60:50|58:49|57:48|49:40|41:32|33:16|17:8|9;37,45,44;8,16,24,32,40,48,56,57,58,59,60,61,62,63,55,47,39,31,23,15,7,6,5,4,12;9,10,11,19,27,28,29,30,22;14,13,21,20;3,2,1,0;38,46,54,53,52,51,50,49,41,33,25,17,18;42,34,26;36,35,43
8,0,50,7,,,1|9:2|10:3|11:5|13:6|14:14|15:22|23:30|31:46|47:54|55:54|62:53|61:52|60:50|58:49|57:48|49:40|41:32|33:16|17:8|9;34,35,27;11,10,9,17;5,6,7,15,23,31,39,38,37,36,28,20,21;47,55,63,62,61,60,59,58,57,56,48,40,32,24,16,8,0,1,2,3,4,12;42,43,44,45;46,54,53,52,51,50,49,41,33,25,26,18,19;13,14,22,30,29
8,0,51,8,,,1|9:2|10:3|11:5|13:6|14:14|15:22|23:30|31:46|47:54|55:54|62:53|61:52|60:50|58:49|57:48|49:40|41:32|33:16|17:8|9;44,45,37,38,30;28,36,35;58,57,56,48,40,32,24,16,8,0,1,2,3,4,5,6;50,49,41,33,25,17,9,10,11,12,13,14,22;7,15,23,31,39,47,55,63,62,61,60,59,51,43,42;52,53,54,46;29,21,20,19,27;34,26,18
8,0,52,7,,,1|9:2|10:3|11:5|13:6|14:14|15:22|23:30|31:46|47:54|55:54|62:53|61:52|60:50|58:49|57:48|49:40|41:32|33:16|17:8|9;17,9,10,11,19,20,28,29,37,45,44,43;3,2,1,0,8,16,24,25;22,30,38,46,54,53,52,51,50,49,41,33;42,34,26,18;36,35,27;32,40,48,56,57,58,59,60,61,62,63,55,47,39,31,23,15,7,6,5,4,12;14,13,21
8,0,53,6,,,1|9:2|10:3|11:5|13:6|14:14|15:22|23:30|31:46|47:54|55:54|62:53|61:52|60:50|58:49|57:48|49:40|41:32|33:16|17:8|9;33,34,26,18,19,20,21,29,37,38,46,54,53,52,51,50,49;3,2,1,0,8,16,24,32,40,48,56,57,58,59;35,43,42,41;11,10,9,17,25;45,44,36,28,27;30,22,14,13,12,4,5,6,7,15,23,31,39,47,55,63,62,61,60
8,0,54,8,,,1|9:2|10:3|11:5|13:6|14:14|15:22|23:30|31:46|47:54|55:54|62:53|61:52|60:50|58:49|57:48|49:40|41:32|33:16|17:8|9;14,13,21;8,0,1,2,3,4,5,6,7,15,23,31,39,47,55,63,62,61,60,59,51,50,49,41,33,25,17;26,34,42,43,44,45;16,24,32,40,48,56,57,58;22,30,29;52,53,54,46,38,37,36,35;28,27,19,18;20,12,11,10,9
8,0,55,7,,,1|9:2|10:3|11:5|13:6|14:14|15:22|23:30|31:46|47:54|55:54|62:53|61:52|60:50|58:49|57:48|49:40|41:32|33:16|17:8|9;41,49,50,51,52,53,54,46,38,30;19,11,10;35,27,26,18;9,17,25,33,34,42,43,44,36,28,20;21,29,37,45;3,2,1,0,8,16,24,32;40,48,56,57,58,59,60,61,62,63,55,47,39,31,23,15,7,6,5,4,12,13,14,22
8,0,56,8,,,1|9:2|10:3|11:5|13:6|14:14|15:22|23:30|31:46|47:54|55:54|62:53|61:52|60:50|58:49|57:48|49:40|41:32|33:16|17:8|9;14,22,30;13,12,20,19,18,26,34,35,36,37,45;49,50,51;11,10,9,17;55,63,62,61,60,59,58,57,56,48,40,32,24,25,33,41,42,43,44,52,53,54,46;21,29,28,27;31,23,15,7,6,5,4,3,2,1,0,8,16;38,39,47
8,0,57,6,,,1|9:2|10:3|11:5|13:6|14:14|15:22|23:30|31:46|47:54|55:54|62:53|61:52|60:50|58:49|57:48|49:40|41:32|33:16|17:8|9;36,35,27;22,30,29,37,45,44,43,42,50,49;28,20,21;32,40,48,56,57,58,59,60,61,62,63,55,47;41,33,34,26,18,19,11,12,13,14;10,9,17,25,24,16,8,0,1,2,3,4,5,6,7,15,23,31,39,38,46,54,53,52,51
8,0,58,7,,,1|9:2|10:3|11:5|13:6|14:14|15:22|23:30|31:46|47:54|55:54|62:53|61:52|60:50|58:49|57:48|49:40|41:32|33:16|17:8|9;13,14,22;45,37,36,28,27,19;26,34,42,50,49;9,17,25,33,41;18,10,11,12,20,21,29,30;47,55,63,62,61,60,59,51,43,35;58,57,56,48,40,32,24,16,8,0,1,2,3,4,5,6,7,15,23,31,39,38,46,54,53,52,44
8,0,59,7,,,1|9:2|10:3|11:5|13:6|14:14|15:22|23:30|31:46|47:54|55:54|62:53|61:52|60:50|58:49|57:48|49:40|41:32|33:16|17:8|9;50,51,52,44,36,28,29,21;57,58,59,60,61,62,63,55,47,39,31,23,15,7,6,5,4,3,2,1,0,8,16,24,25,17;9,10,18,26,34,33;46,54,53;49,41,42,43,35,27,19,20;11,12,13,14,22,30,38,37,45;32,40,48,56
8,0,60,7,,,1|9:2|10:3|11:5|13:6|14:14|15:22|23:30|31:46|47:54|55:54|62:53|61:52|60:50|58:49|57:48|49:40|41:32|33:16|17:8|9;20,28,36,35,34,26;18,19,27;54,46,38,30,22,14,13,12,11,10;61,62,63,55,47,39,31,23,15,7,6,5,4,3,2,1,0,8,16;21,29,37,45,53,52,51,50,49,41,33;60,59,58,57,56,48,40,32,24,25,17,9;44,43,42
9,0,61,8,,,1|10:2|11:3|12:5|14:6|15:7|16:16|17:25|26:34|35:52|53:61|62:70|71:70|79:69|78:68|77:66|75:65|74:64|73:63|64:54|55:45|46:27|28:18|19:9|10;50,59,60;58,57,66;64,65,56,47,38,39,30,31,32,23,14,15;33,34,43;24,25,16;55,46,37,28,29,20,21,22;19,10,11,12,13,4,3,2,1,0,9,18,27,36,45,54,63,72,73,74,75;5,6,7,8,17,26,35,44,53,62,71,80,79,78,77,76,67,68,69,70,61,52,51,42,41,40,49,48
9,0,62,9,,,1|10:2|11:3|12:5|14:6|15:7|16:16|17:25|26:34|35:52|53:61|62:70|71:70|79:69|78:68|77:66|75:65|74:64|73:63|64:54|55:45|46:27|28:18|19:9|10;56,57,48,39,40,41,42,33,34;70,61,60,59,58;27,18,9,0,1,2,3,4,5,6,7,8,17,26,35,44,43,52,51,50,49;24,23,32,31,30,29;55,64,65,66,67,68,69;36,45,54,63,72,73,74,75,76,77,78,79,80,71,62,53;38,47,46;12,11,10;25,16,15,14,13,22,21,20,19,28,37
9,0,63,8,,,1|10:2|11:3|12:5|14:6|15:7|16:16|17:25|26:34|35:52|53:61|62:70|71:70|79:69|78:68|77:66|75:65|74:64|73:63|64:54|55:45|46:27|28:18|19:9|10;39,30,21,12;11,20,29,38,47,48,49,50,41,32;3,2,1,0;23,14,15,16,25,34,43,52,61,70,69,68,67,66,65,64;6,7,8,17,26,35,44,53,62,71,80,79,78,77,76,75,74,73,72,63,54,45,36,27,18,9;55,56,57,58,59,60,51,42,33,24;40,31,22,13,4,5;10,19,28,37,46
9,0,64,8,,,1|10:2|11:3|12:5|14:6|15:7|16:16|17:25|26:34|35:52|53:61|62:70|71:70|79:69|78:68|77:66|75:65|74:64|73:63|64:54|55:45|46:27|28:18|19:9|10;0,9,18,27,36,45,54,63,72,73,74,75,76,77,78,79,80,71,62,53,44,35,26,17,8,7,6,5;14,23,32,41,40;20,21,12,13,4,3,2,1;25,34,43,52,61,60,59,50;65,64,55,46,37;11,10,19,28,29,38,47,56,57,66,67,68,69,70;16,15,24,33,42,51;58,49,48,39,30,31,22
9,0,65,9,,,1|10:2|11:3|12:5|14:6|15:7|16:16|17:25|26:34|35:52|53:61|62:70|71:70|79:69|78:68|77:66|75:65|74:64|73:63|64:54|55:45|46:27|28:18|19:9|10;77,78,79,80,71,62,53,44,43,42,51,60,59,68,67,66,65,64;11,20,29,38,47;30,31,32,41,50,49,58,57,56,55,46,37,28,19,10;69,70,61,52;48,39,40;76,75,74,73,72,63,54,45,36,27,18,9,0,1,2,3;14,13,4,5,6,7,8,17,26,35;25,34,33;12,21,22,23,24,15,16
9,0,66,7,,,1|10:2|11:3|12:5|14:6|15:7|16:16|17:25|26:34|35:52|53:61|62:70|71:70|79:69|78:68|77:66|75:65|74:64|73:63|64:54|55:45|46:27|28:18|19:9|10;60,59,68;69,70,61,52,43;45,54,63,72,73,74,75,76,77,78,79,80,71,62,53,44,35,26,17,8,7,6,5,4,3,2;1,0,9,18,27,36,37,38,47,56;20,21,22,31;50,51,42,33,34,25,16,15,14,13,12,11,10,19,28,29,30,39,48,57;46,55,64,65,66,67,58,49,40,41,32,23,24
9,0,67,9,,,1|10:2|11:3|12:5|14:6|15:7|16:16|17:25|26:34|35:52|53:61|62:70|71:70|79:69|78:68|77:66|75:65|74:64|73:63|64:54|55:45|46:27|28:18|19:9|10;55,46,47,48,57,66;67,68,69,70,61,52,43,44,35,26,17,8,7,6,5,4,13,12,11,10,19,28,37,38,39,40,41;29,30,31,32;71,62,53;3,2,1,0,9,18,27,36,45,54,63,72,73,74,75,76,77,78,79,80;59,60,51,42,33,24;56,65,64;34,25,16,15,14,23,22,21,20;50,49,58
9,0,68,8,,,1|10:2|11:3|12:5|14:6|15:7|16:16|17:25|26:34|35:52|53:61|62:70|71:70|79:69|78:68|77:66|75:65|74:64|73:63|64:54|55:45|46:27|28:18|19:9|10;47,48,49,50,51,60;35,26,17,8,7,6,5,4,3,2,1,0,9,18,27,36,45,54,63,72,73;24,23,22,21,20;33,34,25,16,15;14,13,12,11,10,19,28,29,30,31,32,41,42,43,44,53,62,71;40,39,38,37,46,55,64,65,66,67,76,75,74;77,78,79,80;56,57,58,59,68,69,70,61,52
9,0,69,8,,,1|10:2|11:3|12:5|14:6|15:7|16:16|17:25|26:34|35:52|53:61|62:70|71:70|79:69|78:68|77:66|75:65|74:64|73:63|64:54|55:45|46:27|28:18|19:9|10;51,52,61,70,69,68,67,66,65,64,55,46,47;15,14,13,12,11,20,29,30,31,40;16,25,24,33,32,41,50,49,48,39,38;45,54,63,72,73,74,75,76,77,78,79,80,71,62,53,44,35,26,17,8;21,22,23;60,59,58,57,56;10,19,28,37,36,27,18,9,0,1,2,3,4,5,6,7;34,43,42
9,0,70,7,,,1|10:2|11:3|12:5|14:6|15:7|16:16|17:25|26:34|35:52|53:61|62:70|71:70|79:69|78:68|77:66|75:65|74:64|73:63|64:54|55:45|46:27|28:18|19:9|10;75,74,73,72,63,54,45,36,27,18,9,0,1,2,3,4,5,6,7,8,17,26,35,44,53,62,71,80,79,78;30,21,12;34,33,42,51,60,59,68,67,76,77;24,23,32,41,50,49,58,57,66,65,64,55,46,37,28,19,10;25,16,15,14,13,22,31,40,39,48,47,56;69,70,61,52,43;38,29,20,11
9,0,71,9,,,1|10:2|11:3|12:5|14:6|15:7|16:16|17:25|26:34|35:52|53:61|62:70|71:70|79:69|78:68|77:66|75:65|74:64|73:63|64:54|55:45|46:27|28:18|19:9|10;60,51,50,41,32,31;27,36,45,54,63,72,73,74,75,76,67,66,65,64;18,9,0,1,2,3,4,5,6,7,8,17,26,35,44,53,62,71,80,79,78,77;47,38,39,30,21,22,23;16,25,34;56,57,48,49,40;20,11,12,13,14,15,24,33,42,43,52,61,70,69,68,59,58;29,28,19,10;55,46,37
9,0,72,8,,,1|10:2|11:3|12:5|14:6|15:7|16:16|17:25|26:34|35:52|53:61|62:70|71:70|79:69|78:68|77:66|75:65|74:64|73:63|64:54|55:45|46:27|28:18|19:9|10;42,33,24;3,2,1,0,9,18,27,36,45,54,63,72,73,74,75,76,77,78,79,80,71,62,53,44,35;50,41,32,23,22,21;26,17,8,7,6,5,4,13,12,11,20,29,30,31,40,49,58,59,60,51,52,43,34,25;10,19,28,37;16,15,14;38,47,46,55,64,65,66,67,68,69,70,61;39,48,57,56
9,0,73,9,,,1|10:2|11:3|12:5|14:6|15:7|16:16|17:25|26:34|35:52|53:61|62:70|71:70|79:69|78:68|77:66|75:65|74:64|73:63|64:54|55:45|46:27|28:18|19:9|10;63,72,73,74,75,76,77;27,18,9,0,1,2,3,4,5,6,7,8,17,26,35,44,53,62,71,80,79,78;58,59,60,51,42,41,32,31,30;40,39,38,29;50,49,48;55,64,65;11,20,21,22,23,24,33,34,43,52,61,70,69,68,67,66,57,56,47,46,37,36,45,54;28,19,10;12,13,14,15,16,25
9,0,74,8,,,1|10:2|11:3|12:5|14:6|15:7|16:16|17:25|26:34|35:52|53:61|62:70|71:70|79:69|78:68|77:66|75:65|74:64|73:63|64:54|55:45|46:27|28:18|19:9|10;40,31,30,29,28,19,10,11,12;20,21,22,13,14;42,33,24;45,54,63,72,73,74,75,76,67,68,69,70;77,78,79,80,71,62,53,44,35,26,17,8,7,6,5,4,3,2,1,0,9,18,27,36,37,46,55,64,65,66,57,48,49,50,41,32,23;15,16,25,34,43,52,51;58,59,60,61;39,38,47,56
9,0,75,9,,,1|10:2|11:3|12:5|14:6|15:7|16:16|17:25|26:34|35:52|53:61|62:70|71:70|79:69|78:68|77:66|75:65|74:64|73:63|64:54|55:45|46:27|28:18|19:9|10;48,39,40,41;64,65,66,67,68,59,60,51,42,33,24,25;34,43,44,35,26,17,8,7,6;69,70,61,52;30,31,32,23,14,15,16;78,79,80,71,62,53;12,11,10,19,28,37,46,55,56,57,58,49,50;5,4,13,22,21,20,29,38,47;3,2,1,0,9,18,27,36,45,54,63,72,73,74,75,76,77
9,0,76,7,,,1|10:2|11:3|12:5|14:6|15:7|16:16|17:25|26:34|35:52|53:61|62:70|71:70|79:69|78:68|77:66|75:65|74:64|73:63|64:54|55:45|46:27|28:18|19:9|10;5,4,3,2,1,0,9,18,27,36,45,54,63,72,73,74,75,76,67,68,69,60,51,42,33;55,46,37,38,29,20,21,22,23,24,25,16;39,30,31,32,41,50,59,58,57,66;77,78,79,80,71,62,53,44,35,26,17,8,7,6;64,65,56,47,48,49,40;34,43,52,61,70;15,14,13,12,11,10,19,28
9,0,77,8,,,1|10:2|11:3|12:5|14:6|15:7|16:16|17:25|26:34|35:52|53:61|62:70|71:70|79:69|78:68|77:66|75:65|74:64|73:63|64:54|55:45|46:27|28:18|19:9|10;60,51,42,33,24,23,22,21,20,11;4,3,2,1,0,9,18,27,36,45,54,63,72,73,74,75,76,67,58,49;47,38,37,28,19,10;12,13,14,15,16,25,34,43,52,61,70,69,68,59;50,41,40,39,48,57,56,55,46;66,65,64;32,31,30,29;5,6,7,8,17,26,35,44,53,62,71,80,79,78,77
9,0,78,8,,,1|10:2|11:3|12:5|14:6|15:7|16:16|17:25|26:34|35:52|53:61|62:70|71:70|79:69|78:68|77:66|75:65|74:64|73:63|64:54|55:45|46:27|28:18|19:9|10;31,32,41,50,59,60,61;52,51,42,33,24,23,22,21,12,11,10,19,28,37,38,39;5,4,3,2,1,0,9,18,27,36,45,54,63,72,73,74,75,76,77,78,79,80,71,62,53,44,43;20,29,30;35,26,17,8,7,6;48,47,46,55,64,65,66,67,68,69,70;40,49,58,57,56;13,14,15,16,25,34
9,0,79,7,,,1|10:2|11:3|12:5|14:6|15:7|16:16|17:25|26:34|35:52|53:61|62:70|71:70|79:69|78:68|77:66|75:65|74:64|73:63|64:54|55:45|46:27|28:18|19:9|10;55,64,65,66;53,62,71,80,79,78,77,76,67,68,69,70,61,52,51,42,33,24,23,22;60,59,50,41,32;10,11,20,21,30,31,40,49,58,57,56,47,46,37,36,27,18,9,0,1,2,3,4,5,6,7,8,17,26,35,44,43,34,25,16,15;45,54,63,72,73,74,75;48,39,38,29,28,19;12,13,14
9,0,80,9,,,1|10:2|11:3|12:5|14:6|15:7|16:16|17:25|26:34|35:52|53:61|62:70|71:70|79:69|78:68|77:66|75:65|74:64|73:63|64:54|55:45|46:27|28:18|19:9|10;53,62,71,80,79,78,77,76,75,74,73,72;8,17,26,35,44,43,52,61,70,69,68,67,66,65,64,55,46,47;31,32,23,24;60,51,50,49,48,39,30,29,20;40,41,42,33,34,25,16,15,14,13,22;28,37,38;19,10,11,12,21;56,57,58,59;63,54,45,36,27,18,9,0,1,2,3,4,5,6,7
9,0,81,8,,,1|10:2|11:3|12:5|14:6|15:7|16:16|17:25|26:34|35:52|53:61|62:70|71:70|79:69|78:68|77:66|75:65|74:64|73:63|64:54|55:45|46:27|28:18|19:9|10;48,49,50;29,28,19,10;27,18,9,0,1,2,3,4,5,6,7,8,17,26,35,44,53,62,71,80,79,78,77,76,75,74,73,72;12,13,22;25,16,15,14,23,32,31,40;46,55,64,65,66,67,68,69,70,61,52,43,34,33,24;63,54,45,36,37,38,47,56,57,58,59,60,51,42,41;39,30,21,20,11
9,0,82,8,,,1|10:2|11:3|12:5|14:6|15:7|16:16|17:25|26:34|35:52|53:61|62:70|71:70|79:69|78:68|77:66|75:65|74:64|73:63|64:54|55:45|46:27|28:18|19:9|10;24,15,14;76,75,74,73,72,63,54,45;16,25,34,33,32,23,22,13,12;10,19,28,29,30,31,40,41,42,43,52;11,20,21;55,64,65,66,67;61,70,69,68,59,58,57,56,47,46,37,36,27,18,9,0,1,2,3,4,5,6,7,8,17,26,35,44,53,62,71,80,79,78,77;38,39,48,49,50,51,60
9,0,83,8,,,1|10:2|11:3|12:5|14:6|15:7|16:16|17:25|26:34|35:52|53:61|62:70|71:70|79:69|78:68|77:66|75:65|74:64|73:63|64:54|55:45|46:27|28:18|19:9|10;41,50,49;74,75,76,77,78,79,80,71,62,53,44,35,26,17,8,7,6,5,4,3,2,1,0,9,18,27,36,37,28,29,20,21,22;55,56,57,58,59,60,51,42,33,32,31,40;64,65,66,67,68,69,70,61,52,43,34,25,24,23;46,47,38;16,15,14,13,12,11,10,19;45,54,63,72,73;30,39,48
9,0,84,9,,,1|10:2|11:3|12:5|14:6|15:7|16:16|17:25|26:34|35:52|53:61|62:70|71:70|79:69|78:68|77:66|75:65|74:64|73:63|64:54|55:45|46:27|28:18|19:9|10;38,29,28,19,10,11,12,13,4,3,2,1,0,9,18,27,36,45,54,63,72,73,74,75,76,67,68,69,70,61,52;24,33,34;5,6,7,8,17,26,35,44,43,42,51,60;20,21,30,31,40,49,58,57,66,65,64;77,78,79,80,71,62,53;37,46,55,56;59,50,41,32;22,23,14,15,16,25;39,48,47
9,0,85,9,,,1|10:2|11:3|12:5|14:6|15:7|16:16|17:25|26:34|35:52|53:61|62:70|71:70|79:69|78:68|77:66|75:65|74:64|73:63|64:54|55:45|46:27|28:18|19:9|10;49,50,51,60,61;29,20,21,22;23,32,31,30;24,33,42,41,40,39,38,37,28,19,10,11,12,13;57,48,47,46,55,64;14,15,16,25,34,43,52;4,5,6,7,8,17,26,35,44,53,62,71,80,79,78,77,76,67,66,65,56;70,69,68,59,58;3,2,1,0,9,18,27,36,45,54,63,72,73,74,75
9,0,86,7,,,1|10:2|11:3|12:5|14:6|15:7|16:16|17:25|26:34|35:52|53:61|62:70|71:70|79:69|78:68|77:66|75:65|74:64|73:63|64:54|55:45|46:27|28:18|19:9|10;70,69,60,59,58,57,56,47,38,39,40,41,32;61,52,43,34,25,16,15,14,23,22,21,20,19;45,54,63,72,73,74,75,76,77,78,79,80,71,62,53,44,35,26,17,8,7,6,5,4,13,12,11,10;48,49,50,51,42,33,24;31,30,29,28,37;3,2,1,0,9,18,27,36;46,55,64,65,66,67,68
9,0,87,9,,,1|10:2|11:3|12:5|14:6|15:7|16:16|17:25|26:34|35:52|53:61|62:70|71:70|79:69|78:68|77:66|75:65|74:64|73:63|64:54|55:45|46:27|28:18|19:9|10;60,59,58,57,56,55,46,37,38,39,30;40,31,22,21,20,11,10;19,28,29;77,78,79,80,71,62,53,44,43,34,33,24;23,32,41,42;47,48,49,50,51,52,61,70;12,13,14,15,16,25;69,68,67,66,65,64;35,26,17,8,7,6,5,4,3,2,1,0,9,18,27,36,45,54,63,72,73,74,75,76
9,0,88,8,,,1|10:2|11:3|12:5|14:6|15:7|16:16|17:25|26:34|35:52|53:61|62:70|71:70|79:69|78:68|77:66|75:65|74:64|73:63|64:54|55:45|46:27|28:18|19:9|10;47,48,39,40;58,49,50,41,32,31,30;57,56,55,46,37,28;5,6,7,8,17,26,35,44,53,62,71,80,79,78,77;38,29,20,21,22,23,14,15,16,25,34,43,52,61,60,59;24,33,42,51;19,10,11,12,13,4,3,2,1,0,9,18,27,36,45,54,63,72,73,74,75,76,67,68,69,70;66,65,64
9,0,89,8,,,1|10:2|11:3|12:5|14:6|15:7|16:16|17:25|26:34|35:52|53:61|62:70|71:70|79:69|78:68|77:66|75:65|74:64|73:63|64:54|55:45|46:27|28:18|19:9|10;35,26,17,8,7,6,5;70,69,60,59,58,57,56,65;68,67,66;49,40,39,38,37,28,19,10,11,12,21,22,23,24,33,42,51,52,61;71,80,79,78,77,76,75,74,73,72,63,54,45;62,53,44,43,34,25,16,15,14,13,4,3,2,1,0,9,18,27,36;50,41,32,31,30,29,20;64,55,46,47,48
9,0,90,9,,,1|10:2|11:3|12:5|14:6|15:7|16:16|17:25|26:34|35:52|53:61|62:70|71:70|79:69|78:68|77:66|75:65|74:64|73:63|64:54|55:45|46:27|28:18|19:9|10;44,35,26,17,8,7,6,5,4,3,2,1,0,9,18,27,36,45,54,63,72,73,74,75;31,32,41,50,49,48,47,56,65,66;11,10,19;52,61,70,69,68,67,76,77,78,79,80,71,62,53;28,29,20,21,12;23,24,33;64,55,46,37,38;22,13,14,15,16,25,34,43,42,51,60,59,58,57;30,39,40
10,0,91,9,,,1|11:2|12:3|13:4|14:6|16:7|17:8|18:18|19:28|29:38|39:48|49:68|69:78|79:88|89:88|98:87|97:86|96:85|95:83|93:82|92:81|91:80|81:70|71:60|61:50|51:30|31:10|11:20|21;18,28,38,37,36,35,45,55,65,64,74,73,83,82,81,71;75,76,66,56,46,47,48,58,68,78,88;95,96,97,98,99,89,79,69,59,49,39,29,19,9,8;72,62,63,53,43,42,41,31,21,11;27,26,25,24,23,22,12;17,16,15,14,13;54,44,34,33,32;57,67,77,87,86,85,84,94,93,92,91,90,80,70,60,50,40,30,20,10,0,1,2,3,4,5,6,7;61,51,52
10,0,92,10,,,1|11:2|12:3|13:4|14:6|16:7|17:8|18:18|19:28|29:38|39:48|49:68|69:78|79:88|89:88|98:87|97:86|96:85|95:83|93:82|92:81|91:80|81:70|71:60|61:50|51:30|31:10|11:20|21;51,61,71,81,82,83,84,94;50,60,70,80,90,91,92,93;95,96,97,98,99,89,79,69,59,49,39,29,19,9,8,7,6,5,15,14,13,12,11,21,31;44,34,35,36,26,16,17,18,28,38,48,58,57,56,66,65,64,63;68,67,77,76,75,85;22,23,24,25;27,37,47,46,45,55,54,53,43;74,73,72,62,52,42,32,33;78,88,87,86;41,40,30,20,10,0,1,2,3,4
10,0,93,9,,,1|11:2|12:3|13:4|14:6|16:7|17:8|18:18|19:28|29:38|39:48|49:68|69:78|79:88|89:88|98:87|97:86|96:85|95:83|93:82|92:81|91:80|81:70|71:60|61:50|51:30|31:10|11:20|21;26,25,35,34,33,32;14,13,12,11;49,39,29,19,9,8,7,6,5,15,16,17,18;66,65,64,63;62,72,73,74,75,85,86,87,88,78,68,58,59,69,79,89,99,98,97,96,95,94,93,92,91,90,80,70,60,50,40,30,20,10,0,1,2,3,4;24,23,22,21,31,41;76,77,67,57,47,48,38,28;27,37,36,46,56,55,54,53;84,83,82,81,71,61,51,52,42,43,44,45
10,0,94,9,,,1|11:2|12:3|13:4|14:6|16:7|17:8|18:18|19:28|29:38|39:48|49:68|69:78|79:88|89:88|98:87|97:86|96:85|95:83|93:82|92:81|91:80|81:70|71:60|61:50|51:30|31:10|11:20|21;66,56,46;68,78,88,87;81,82,83,84,85,86,76,77,67,57,47,37,27,17,16;51,61,71,72,73,63,53,43,33,23;36,35,45,55,65,75,74;26,25,24,34,44,54,64;69,79,89,99,98,97,96,95,94,93,92,91,90,80,70,60,50;62,52,42,32,22,12,13,14,15;11,21,31,41,40,30,20,10,0,1,2,3,4,5,6,7,8,9,19,29,39,49,59,58,48,38,28,18
10,0,95,11,,,1|11:2|12:3|13:4|14:6|16:7|17:8|18:18|19:28|29:38|39:48|49:68|69:78|79:88|89:88|98:87|97:86|96:85|95:83|93:82|92:81|91:80|81:70|71:60|61:50|51:30|31:10|11:20|21;68,58,48,38,28,27,26,36,35,45,44,43,42,52,51,61,71;74,75,76,77,78;93,92,91,90,80,70,60,50,40,41,31,21,11,12,13,14,15,25;81,82,72,62,63,53,54,55,56,46,47,37;30,20,10,0,1,2,3,4;24,34,33;18,17,16;64,65,66,67,57;5,6,7,8,9,19,29,39,49,59,69,79,89,99,98,97,96,95,94;88,87,86,85,84,83,73;23,22,32
10,0,96,8,,,1|11:2|12:3|13:4|14:6|16:7|17:8|18:18|19:28|29:38|39:48|49:68|69:78|79:88|89:88|98:87|97:86|96:85|95:83|93:82|92:81|91:80|81:70|71:60|61:50|51:30|31:10|11:20|21;26,27,28,18;63,64,54,44,34,35,36,37,38;48,47,46,56;2,3,4,5,6,7,8,9,19,29,39,49;14,13,12,11,21,31;17,16,15,25,24,23,22,32,42,41,51,61,71,81,82,83,84,85,86,87,88,78,68;1,0,10,20,30,40,50,60,70,80,90,91,92,93,94,95,96,97,98,99,89,79,69,59,58,57,67,66,65,55,45;33,43,53,52,62,72,73,74,75,76,77
10,0,97,11,,,1|11:2|12:3|13:4|14:6|16:7|17:8|18:18|19:28|29:38|39:48|49:68|69:78|79:88|89:88|98:87|97:86|96:85|95:83|93:82|92:81|91:80|81:70|71:60|61:50|51:30|31:10|11:20|21;83,73,72,62,52,42;31,32,22,23,24,25,26,27,17,18;82,81,71,61,51,41,40,30,20,10,0,1,2,3,4,5,6,7,8,9,19,29,39,49,59,58,68,78,88,87,86,85;95,96,97,98,99,89,79,69;21,11,12,13,14,15,16;77,76,75,74,64,63;54,55,65,66,67,57;28,38,48;84,94,93,92,91,90,80,70,60,50;44,45,46,56;53,43,33,34,35,36,37,47
10,0,98,10,,,1|11:2|12:3|13:4|14:6|16:7|17:8|18:18|19:28|29:38|39:48|49:68|69:78|79:88|89:88|98:87|97:86|96:85|95:83|93:82|92:81|91:80|81:70|71:60|61:50|51:30|31:10|11:20|21;13,14,24,34,33,32,31,21;9,8,7,6,5,4,3,2,1,0,10,20,30,40,41,42,52,62,72,73,74,75,85;49,39,29,19;86,87,88,78,68,67,57,47,37,27,28,18;84,83,82,81,71,61,51;11,12,22,23;54,55,56;77,76,66,65,64,63,53,43,44,45,35,25,15,16,17;38,48,58,59,69,79,89,99,98,97,96,95,94,93,92,91,90,80,70,60,50;46,36,26
10,0,99,9,,,1|11:2|12:3|13:4|14:6|16:7|17:8|18:18|19:28|29:38|39:48|49:68|69:78|79:88|89:88|98:87|97:86|96:85|95:83|93:82|92:81|91:80|81:70|71:60|61:50|51:30|31:10|11:20|21;6,7,8,9,19,29,39,49,59,58,57,67,77,76,86,85,84,83,82,81,71;68,78,88,87;37,36,35;64,63,62,61,51,41,31,21,22,23,24,25,26,27,17;16,15,5,4,3,2,1,0,10,20,30,40,50,60,70,80,90,91,92,93,94,95,96,97,98,99,89,79,69;52,42,32,33,34,44,45;14,13,12,11;72,73,74,75,65,66,56,46,47,48,38,28,18;55,54,53,43
10,0,100,9,,,1|11:2|12:3|13:4|14:6|16:7|17:8|18:18|19:28|29:38|39:48|49:68|69:78|79:88|89:88|98:87|97:86|96:85|95:83|93:82|92:81|91:80|81:70|71:60|61:50|51:30|31:10|11:20|21;51,41,31,21,11;47,48,58,68,78,88,87,86,85,75,65,66;93,92,91,90,80,70,60,50,40,30,20,10,0,1,2,3,4,5,6,7,8,9,19,29,39,49,59,69,79,89,99,98,97,96,95;57,67,77,76;24,34,44,54,64,74,73,72;55,45,35,25,26,27;23,33,43,53,63;94,84,83,82,81,71,61,62,52,42,32,22,12,13,14,15,16,17;56,46,36,37,38,28,18
10,0,101,9,,,1|11:2|12:3|13:4|14:6|16:7|17:8|18:18|19:28|29:38|39:48|49:68|69:78|79:88|89:88|98:87|97:86|96:85|95:83|93:82|92:81|91:80|81:70|71:60|61:50|51:30|31:10|11:20|21;11,21,22,23,24,25,26,16,17,18,28,38,48,58,59,49,39,29,19,9,8,7,6;53,63,64,74,75,76,77,67,68;85,86,87,88,78;27,37,36,46,45;35,34,33,32,31,41,40,50,60,70,80,90,91,92,93;65,66,56,57,47;62,72,73;55,54,44,43,42,52,51,61,71,81,82,83,84,94,95,96,97,98,99,89,79,69;30,20,10,0,1,2,3,4,5,15,14,13,12
10,0,102,11,,,1|11:2|12:3|13:4|14:6|16:7|17:8|18:18|19:28|29:38|39:48|49:68|69:78|79:88|89:88|98:87|97:86|96:85|95:83|93:82|92:81|91:80|81:70|71:60|61:50|51:30|31:10|11:20|21;43,53,63,73;7,8,9,19,29,39,49;65,55,45,44,34,24,25,26,27,28,38,48;54,64,74;87,88,78,68,58,59,69,79,89,99,98,97,96,95,94,93,92,91,90,80,70,60,50,40,30,20,10,0,1,2,3,4,5,6;46,56,66;81,71,61,51,41;12,13,14,15,16,17,18;31,32,42,52,62,72,82,83,84,85,75;11,21,22,23,33;86,76,77,67,57,47,37,36,35
10,0,103,10,,,1|11:2|12:3|13:4|14:6|16:7|17:8|18:18|19:28|29:38|39:48|49:68|69:78|79:88|89:88|98:87|97:86|96:85|95:83|93:82|92:81|91:80|81:70|71:60|61:50|51:30|31:10|11:20|21;72,71,61;31,21,22,23,24,14,15,5,4;13,12,11;84,83,82,81;36,46,45,55;33,32,42;43,53,54,64,65,66,56,57,47,37,27;3,2,1,0,10,20,30,40,41,51,52,62,63,73,74,75,85,86,87,88,78,68,58,48,38,28,18,17,16,26,25,35,34,44;76,77,67;6,7,8,9,19,29,39,49,59,69,79,89,99,98,97,96,95,94,93,92,91,90,80,70,60,50
10,0,104,9,,,1|11:2|12:3|13:4|14:6|16:7|17:8|18:18|19:28|29:38|39:48|49:68|69:78|79:88|89:88|98:87|97:86|96:85|95:83|93:82|92:81|91:80|81:70|71:60|61:50|51:30|31:10|11:20|21;15,16,17,18,28,38,48,58,68,67,77,76,75,74,73;25,26,27,37,47,57,56,55,45,44,43,33,23,22,21,11;54,64,65,66;52,42,32,31;5,6,7,8,9,19,29,39,49,59,69,79,89,99,98,97,96,95,94,93,92,91,90,80,70,60,50;72,62,63,53;4,3,2,1,0,10,20,30,40,41,51,61,71,81,82,83,84,85,86,87,88,78;35,36,46;12,13,14,24,34
10,0,105,11,,,1|11:2|12:3|13:4|14:6|16:7|17:8|18:18|19:28|29:38|39:48|49:68|69:78|79:88|89:88|98:87|97:86|96:85|95:83|93:82|92:81|91:80|81:70|71:60|61:50|51:30|31:10|11:20|21;22,32,42,41,40,30,20,10,0,1,2,3,4,5,6,7,8,9,19,29,39,49,59,69,79,89,99;52,51,61,71,81,82,83,84,85,86,76,77;62,72,73,74,75;27,17,16,15,14,24;37,47,46,45,35,34,33,23,13,12;18,28,38,48,58,57,56,55,54,44,43;25,26,36;87,88,78,68,67,66;50,60,70,80,90,91,92,93,94,95,96,97,98;53,63,64,65;11,21,31
10,0,106,9,,,1|11:2|12:3|13:4|14:6|16:7|17:8|18:18|19:28|29:38|39:48|49:68|69:78|79:88|89:88|98:87|97:86|96:85|95:83|93:82|92:81|91:80|81:70|71:60|61:50|51:30|31:10|11:20|21;6,7,8,9,19,29,39,49,59,69,79,89,99,98,97,96,95;93,92,91,90,80,70,60,50,40,30,20,10,0,1,2,3,4,5,15,14,13,12,11,21,31,32,42,43,53,54,64,74,73,72,71,61;41,51,52,62,63;22,23,33,34,44;56,57,67,77,76;75,85,86,87,88,78,68,58,48,38,28,18,17,16,26,25,24;27,37,47,46;66,65,55,45,35,36;94,84,83,82,81
10,0,107,8,,,1|11:2|12:3|13:4|14:6|16:7|17:8|18:18|19:28|29:38|39:48|49:68|69:78|79:88|89:88|98:87|97:86|96:85|95:83|93:82|92:81|91:80|81:70|71:60|61:50|51:30|31:10|11:20|21;11,21,22,23,24,34,44,43,42,52;91,90,80,70,60,50,40,30,20,10,0,1,2,3;12,13,14,15,16,17,18,28,38,48,58,68,78,88,87,86;33,32,31,41,51;4,5,6,7,8,9,19,29,39,49,59,69,79,89,99,98,97,96,95;92,93,94,84,85,75,76,77,67,57,47,37,27,26,25,35,45,55,54,53,63,62,72;83,73,74,64,65,66,56,46,36;61,71,81,82
10,0,108,8,,,1|11:2|12:3|13:4|14:6|16:7|17:8|18:18|19:28|29:38|39:48|49:68|69:78|79:88|89:88|98:87|97:86|96:85|95:83|93:82|92:81|91:80|81:70|71:60|61:50|51:30|31:10|11:20|21;12,22,32,42,41,40,30,20,10,0,1,2,3;54,44,34,24,25,26,27,37,47,57,67,77,76,86;36,46,56,66;11,21,31;62,72,73,74,64;35,45,55,65,75,85,84,83,82,81,71,61,51,52,53,63;50,60,70,80,90,91,92,93,94,95,96,97,98,99,89,79,69,59,49,39,29,19,9,8,7,6,5,4;87,88,78,68,58,48,38,28,18,17,16,15,14,13,23,33,43
10,0,109,8,,,1|11:2|12:3|13:4|14:6|16:7|17:8|18:18|19:28|29:38|39:48|49:68|69:78|79:88|89:88|98:87|97:86|96:85|95:83|93:82|92:81|91:80|81:70|71:60|61:50|51:30|31:10|11:20|21;47,57,56,55,65,64,63,62,72,82;93,92,91,90,80,70,60,50;18,28,27,26,25,24,23,22,32,42;77,87,86,85,84,94,95,96,97,98,99,89,79,69,59,49,39,29,19,9,8,7,6,5,4,3,2,1,0,10,20,30,40;88,78,68,67,66,76,75,74,73,83;46,45,44,54,53,52,51,61,71,81;58,48,38,37,36,35,34,33,43;41,31,21,11,12,13,14,15,16,17
10,0,110,9,,,1|11:2|12:3|13:4|14:6|16:7|17:8|18:18|19:28|29:38|39:48|49:68|69:78|79:88|89:88|98:87|97:86|96:85|95:83|93:82|92:81|91:80|81:70|71:60|61:50|51:30|31:10|11:20|21;63,73,74,84,85,86,87,88;75,65,64,54,53,43,33,34,24,25,26,16,17,18;23,22,32,42,52,62,72,82,83;81,71,61,51,41,40,50,60,70,80,90,91,92,93,94,95,96,97,98,99,89,79,69,59,49,39,29,19,9,8,7,6;46,56,55;27,28,38,48,58;68,67,57,47,37,36,35,45,44;31,21,11,12,13,14,15,5,4,3,2,1,0,10,20,30;78,77,76,66
10,0,111,10,,,1|11:2|12:3|13:4|14:6|16:7|17:8|18:18|19:28|29:38|39:48|49:68|69:78|79:88|89:88|98:87|97:86|96:85|95:83|93:82|92:81|91:80|81:70|71:60|61:50|51:30|31:10|11:20|21;52,51,41,31,21,11,12;55,45,35;6,7,8,9,19,29,39,49,59,69,79,89,99,98,97,96,95,94,93,92,91,90,80,70,60,50,40,30,20,10,0,1;22,32,33,34,24,25;61,62,63,53;54,44,43,42;82,83,84,85;75,76,77,67,57,47,37,27;86,87,88,78,68,58,48,38,28,18,17,16,26,36,46,56,66,65,64,74,73,72,71,81;23,13,14,15,5,4,3,2
10,0,112,9,,,1|11:2|12:3|13:4|14:6|16:7|17:8|18:18|19:28|29:38|39:48|49:68|69:78|79:88|89:88|98:87|97:86|96:85|95:83|93:82|92:81|91:80|81:70|71:60|61:50|51:30|31:10|11:20|21;17,18,28,38,48,58,59,49,39,29,19,9,8,7,6,5,4,3,2,1,0,10,20,30,40,50,60,70,80,90,91,92,93,94;81,82,72;16,15,14,13,12,11,21,31,41,42,43,33,34,35,36,46,56,66,76,75,74,64,54;95,96,97,98,99,89,79,69;68,78,88,87,86,85,84;53,52,51,61,71;44,45,55,65;77,67,57,47,37,27,26,25,24,23,22,32;83,73,63,62
10,0,113,7,,,1|11:2|12:3|13:4|14:6|16:7|17:8|18:18|19:28|29:38|39:48|49:68|69:78|79:88|89:88|98:87|97:86|96:85|95:83|93:82|92:81|91:80|81:70|71:60|61:50|51:30|31:10|11:20|21;67,57,56,55,54,53,63,62,72;30,20,10,0,1,2,3,4,5,6,7,8,9,19,29,39,49,59,69,79,89,99,98,97,96,95;46,47,48,58;27,26,25,24,34,33,43,42,52,51,61,71,81,82,83,73,74,64,65,66,76,77,78,68;75,85,84,94,93,92,91,90,80,70,60,50,40,41,31,32,22,23;88,87,86;21,11,12,13,14,15,16,17,18,28,38,37,36,35,45,44
10,0,114,10,,,1|11:2|12:3|13:4|14:6|16:7|17:8|18:18|19:28|29:38|39:48|49:68|69:78|79:88|89:88|98:87|97:86|96:85|95:83|93:82|92:81|91:80|81:70|71:60|61:50|51:30|31:10|11:20|21;22,23,13;42,43,53,54,64,65,66;78,77,76,75,74,73,63;46,36,35,25,24;52,62,72,82,83,84,85,86,87,88;50,40,41,51,61,71,81;30,20,10,0,1,2,3,4,5,6,7,8,9,19,29,39,49,59,69,79,89,99,98,97,96,95,94,93,92,91,90,80,70,60;67,57,56,55,45,44,34,33,32,31,21,11,12;14,15,16,17,18,28,38,48,58,68;47,37,27,26
10,0,115,10,,,1|11:2|12:3|13:4|14:6|16:7|17:8|18:18|19:28|29:38|39:48|49:68|69:78|79:88|89:88|98:87|97:86|96:85|95:83|93:82|92:81|91:80|81:70|71:60|61:50|51:30|31:10|11:20|21;11,12,13,14,24,25,26,27,28,38,48,58,68,78,88,87,86,76;74,73,72,62;23,33,34,35,45,46,56,66,67,77;71,81,82,83,84,85,75,65,55,54,44,43,42,32,22;36,37,47,57;4,3,2,1,0,10,20,30,40,50,60,70,80,90,91,92,93;94,95,96,97,98,99,89,79,69,59,49,39,29,19,9,8;64,63,53,52;7,6,5,15,16,17,18;61,51,41,31,21
10,0,116,9,,,1|11:2|12:3|13:4|14:6|16:7|17:8|18:18|19:28|29:38|39:48|49:68|69:78|79:88|89:88|98:87|97:86|96:85|95:83|93:82|92:81|91:80|81:70|71:60|61:50|51:30|31:10|11:20|21;51,61,71,81,82,83,84,85,86,87,88,78,68,58,48,38,28,18;16,15,14;8,9,19,29,39,49,59,69,79,89,99,98,97,96,95,94,93,92,91,90,80,70,60,50;31,41,40,30,20,10,0,1,2,3,4,5,6,7;37,47,57,67,77;73,74,75,76,66,56,46,36,35;52,42,32,22,21,11;72,62,63,64,65,55,45,44,34,24,25,26,27,17;12,13,23,33,43,53,54
10,0,117,10,,,1|11:2|12:3|13:4|14:6|16:7|17:8|18:18|19:28|29:38|39:48|49:68|69:78|79:88|89:88|98:87|97:86|96:85|95:83|93:82|92:81|91:80|81:70|71:60|61:50|51:30|31:10|11:20|21;18,17,16,15;71,61,51,41,31,32,22;72,62,52,42,43,33,23,24;69,79,89,99,98,97,96,95,94,84,85,86,87,88,78,68,67,66,65;77,76,75,74,64,54,44,34;36,35,45,55,56,57,58,59,49,39,29,19,9,8,7,6,5,4,3,2,1,0,10,20,30,40,50,60,70,80,90,91,92,93;37,47,46;25,26,27,28,38,48;53,63,73,83,82,81;14,13,12,11,21
10,0,118,8,,,1|11:2|12:3|13:4|14:6|16:7|17:8|18:18|19:28|29:38|39:48|49:68|69:78|79:88|89:88|98:87|97:86|96:85|95:83|93:82|92:81|91:80|81:70|71:60|61:50|51:30|31:10|11:20|21;54,64,74,84,85;23,33,43,44,45,55,65,75,76,86;77,67,57,47,48,38,28,18,17,16,15,5,4,3,2,1,0,10,20,30,40,50,60,70,80,90,91,92,93,94,95,96,97,98,99,89,79,69;73,63,53,52,42,32,22,12,13,14,24,25,26,27,37;62,72,82,83;34,35,36,46,56,66;81,71,61,51,41,31,21,11;87,88,78,68,58,59,49,39,29,19,9,8,7,6
10,0,119,8,,,1|11:2|12:3|13:4|14:6|16:7|17:8|18:18|19:28|29:38|39:48|49:68|69:78|79:88|89:88|98:87|97:86|96:85|95:83|93:82|92:81|91:80|81:70|71:60|61:50|51:30|31:10|11:20|21;11,21,31,32,42,52,53,54,55,56,66,76;12,22,23,33,43,44,45,46,47,57,67,77,87,86,85;93,92,91,90,80,70,60,50,40,41,51;64,63,62,61,71,81,82,83,84,94,95,96,97,98,99,89,79,69,59,49,39,29,19,9,8,7,6,5,4,3,2,1,0,10,20,30;16,17,18,28,38,37,36,35,34,24,14,13;27,26,25,15;48,58,68,78,88;65,75,74,73,72
10,0,120,10,,,1|11:2|12:3|13:4|14:6|16:7|17:8|18:18|19:28|29:38|39:48|49:68|69:78|79:88|89:88|98:87|97:86|96:85|95:83|93:82|92:81|91:80|81:70|71:60|61:50|51:30|31:10|11:20|21;50,60,70,80,90,91,92,93,94,84,83,82,81,71;54,64,63;77,76,66,56,46,36,35,25;53,52,42;95,96,97,98,99,89,79,69,59,49,39,29,19,9,8,7,6,5,4,3,2,1,0,10,20,30,40;26,16,15;33,43,44,45,55,65,75,85,86,87,88,78,68,67,57,47,37,27,17;58,48,38,28,18;21,11,12,13,14,24,34;74,73,72,62,61,51,41,31,32,22,23
11,0,121,12,,,9|20:8|19:7|18:6|17:4|15:3|14:2|13:1|12:11|12:22|23:33|34:44|45:66|67:77|78:88|89:99|100:100|111:101|112:102|113:103|114:105|116:106|117:107|118:108|119:108|109:97|98:86|87:75|76:53|54:42|43:31|32:20|21;86,75,64,65,76,87,98,109,120,119,118,117,116;36,37,38,39,28,29,30,31;69,80,81,82,83,84,95,106,107,108;70,59,58,57,68,67,78,89,100,101,102,103,104,115,114,113,112,111,110,99,88,77,66;41,40,51;105,94,93,92,91,90,79;24,13,14,15,16,5,6,7,8,9,10,21,32,43,54;45,56,55,44,33,22,11,0,1,2,3,4;97,96,85,74,73,72,71,60,49,48,47,46,35,34,23,12;25,26,27;17,18,19,20;42,53,52,63,62,61,50
11,0,122,11,,,9|20:8|19:7|18:6|17:4|15:3|14:2|13:1|12:11|12:22|23:33|34:44|45:66|67:77|78:88|89:99|100:100|111:101|112:102|113:103|114:105|116:106|117:107|118:108|119:108|109:97|98:86|87:75|76:53|54:42|43:31|32:20|21;6,7,8,9,10,21,32,43,54,65,64,75;107,106,105,104,93,92,91,90,79;35,34,45,56,67,78,89,100,101,102,103;46,47,36,25,24,23,12;108,97,86,85,74,63,52,41;48,37,26,27,28,17,18,19,20;69,70,71,72,61,50;53,42,31,30,29,40,39,38,49,60,59,58,57,68;80,81,82,83,94,95,96;13,14,15,16,5,4,3,2,1,0,11,22,33,44,55,66,77,88,99,110,111,112,113,114,115,116,117,118,119,120,109,98,87,76;84,73,62,51
11,0,123,10,,,9|20:8|19:7|18:6|17:4|15:3|14:2|13:1|12:11|12:22|23:33|34:44|45:66|67:77|78:88|89:99|100:100|111:101|112:102|113:103|114:105|116:106|117:107|118:108|119:108|109:97|98:86|87:75|76:53|54:42|43:31|32:20|21;30,41,52,63,74,75,86,97,108;57,68,79,90,91,92,93,94,105,106;4,3,2,1,0,11,22,33,44,55,66,77,88,99,110,111,112,113;107,96,95;60,61,50,39,28,17;29,40,51,62,73,72,71,70,59,48,37,36;18,19,20,31,42,53,64,65,54,43,32,21,10,9,8,7,6,5,16,15,26,25,24,35,46,47,58,69,80,81,82,83,84,85;49,38,27;116,117,118,119,120,109,98,87,76;14,13,12,23,34,45,56,67,78,89,100,101,102,103,104,115,114
11,0,124,10,,,9|20:8|19:7|18:6|17:4|15:3|14:2|13:1|12:11|12:22|23:33|34:44|45:66|67:77|78:88|89:99|100:100|111:101|112:102|113:103|114:105|116:106|117:107|118:108|119:108|109:97|98:86|87:75|76:53|54:42|43:31|32:20|21;17,16,15,26;24,35,46,47,48,49,60,61,62,63;81,82,83,84,85,86,97,108,107,106,105,104,115,114,113,112,111,110,99,88,77,66,55,44,33,22,11,0,1,2,3,4,5,6,7,8,9,10,21,32,43,54,65;39,50,51,52,53,42;96,95,94,93,92;79,68,57,58,59;40,41,30,31;116,117,118,119,120,109,98,87,76;103,102,101,100;64,75,74,73,72,71,70,69,80,91,90,89,78,67,56,45,34,23,12,13,14,25,36,37,38,27,28,29,18,19,20
11,0,125,12,,,9|20:8|19:7|18:6|17:4|15:3|14:2|13:1|12:11|12:22|23:33|34:44|45:66|67:77|78:88|89:99|100:100|111:101|112:102|113:103|114:105|116:106|117:107|118:108|119:108|109:97|98:86|87:75|76:53|54:42|43:31|32:20|21;15,14,13,12;53,42,41;85,84,83,72,61;20,31,30,29,40,39,38,37,48,59,70,81,92,103,104,105,106,107,108;49,50,51,62,73;68,57,46,35,36;16,5,4,3,2,1,0,11,22,33,44,55,66,77,88,99,110,111,112,113,114,115,116,117,118,119,120,109,98,87,76;6,7,8,9,10,21,32,43,54,65,64,63,52;91,102,101;47,58,69,80,79,90,89,100;78,67,56,45,34,23,24,25,26,27,28,17,18,19;74,75,86,97,96,95,94,93,82,71,60
11,0,126,12,,,9|20:8|19:7|18:6|17:4|15:3|14:2|13:1|12:11|12:22|23:33|34:44|45:66|67:77|78:88|89:99|100:100|111:101|112:102|113:103|114:105|116:106|117:107|118:108|119:108|109:97|98:86|87:75|76:53|54:42|43:31|32:20|21;82,71,60;49,48,59,70,69;68,67,78,89,100,101,102,103,92,81,80;30,29,40,39,38;105,106,107,108,97,86,75,64,53;25,14,13,12,23,34,45,56,57;4,3,2,1,0,11,22,33,44,55,66,77,88,99,110,111,112,113,114;95,96,85,74,63,52,51,50,61,72;91,90,79;41,42,31,20,19,18,17,28,27,26,37,36,35,24;58,47,46;15,16,5,6,7,8,9,10,21,32,43,54,65,76,87,98,109,120,119,118,117,116,115,104,93,94,83,84,73,62
11,0,127,12,,,9|20:8|19:7|18:6|17:4|15:3|14:2|13:1|12:11|12:22|23:33|34:44|45:66|67:77|78:88|89:99|100:100|111:101|112:102|113:103|114:105|116:106|117:107|118:108|119:108|109:97|98:86|87:75|76:53|54:42|43:31|32:20|21;67,56,45,34;63,62,51,50;6,7,8,9,10,21,32,43,54,65,76,87,98,109,120,119,118,117,116,115,104,103,102,101,100,89,78;52,53,64,75,86;105,94,93,92,91,90,79,68,57;42,41,40,39,38,49,60,61,72,73,74,85,96,97,108;114,113,112,111,110;99,88,77,66,55,44,33,22,11,0,1,2,3,4,5,16,17,18,19,20;31,30,29,28,27,26,25,24,35,46,47,58,69,80,81,82;23,12,13,14,15;36,37,48,59,70,71;83,84,95,106,107
11,0,128,11,,,9|20:8|19:7|18:6|17:4|15:3|14:2|13:1|12:11|12:22|23:33|34:44|45:66|67:77|78:88|89:99|100:100|111:101|112:102|113:103|114:105|116:106|117:107|118:108|119:108|109:97|98:86|87:75|76:53|54:42|43:31|32:20|21;114,113,112,111,110,99,88,77,66,55,44,33,22,11,0,1,2,3,4,5,6,7,8,9,10,21,32,43,54,65,76,87,98,109,120,119,118;92,93,82,83,84;86,97,108,107,106;48,59,58,69,80;35,34,23,12,13;72,61,62,51,40,39,38,37,36,47,46,45,56,67,78,89,100,101;14,15,16,17,18,19,20,31,42,53,64,75;57,68,79,90,91,102,103,104,115,116,117;81,70,71,60,49,50;73,74,85,96,95,94,105;63,52,41,30,29,28,27,26,25,24
11,0,129,10,,,9|20:8|19:7|18:6|17:4|15:3|14:2|13:1|12:11|12:22|23:33|34:44|45:66|67:77|78:88|89:99|100:100|111:101|112:102|113:103|114:105|116:106|117:107|118:108|119:108|109:97|98:86|87:75|76:53|54:42|43:31|32:20|21;13,24,25;86,75,74,73,84,95,94,93,92,103,102,101,100,89,78,67,56,45,46,47,48;5,4,3,2,1,0,11,22,33,44,55,66,77,88,99,110,111,112,113,114;108,97,96,85;12,23,34,35,36,37,26,27,28,39,40;107,106,105,104,115,116,117,118,119,120,109,98,87,76,65,54,43,32,21,10,9,8,7,6;79,68,57,58,59,60,49,38;14,15,16,17,18,19,20,31,42,53,64,63,62;81,82,83;90,91,80,69,70,71,72,61,50,51,52,41,30,29
11,0,130,9,,,9|20:8|19:7|18:6|17:4|15:3|14:2|13:1|12:11|12:22|23:33|34:44|45:66|67:77|78:88|89:99|100:100|111:101|112:102|113:103|114:105|116:106|117:107|118:108|119:108|109:97|98:86|87:75|76:53|54:42|43:31|32:20|21;82,93,104,115,114,113,112,111,110,99,88,77,66;4,5,6,7,8,9,10,21,32,43,54,65,76,87,98,109,120,119,118,117,116;59,60,61,62,51,40,39,38,37,36,25;34,35,24;103,102,101,100,89,78,67,56,55,44,33,22,11,0,1,2,3;105,106,107,108,97;23,12,13,14,15,16,17,18,19,20,31,42,53,64,75,86,85,96,95,94,83,72,71,70,81,92,91,90,79,68,57,46,45;80,69,58,47,48,49,50;26,27,28,29,30,41,52,63,74,73,84
11,0,131,10,,,9|20:8|19:7|18:6|17:4|15:3|14:2|13:1|12:11|12:22|23:33|34:44|45:66|67:77|78:88|89:99|100:100|111:101|112:102|113:103|114:105|116:106|117:107|118:108|119:108|109:97|98:86|87:75|76:53|54:42|43:31|32:20|21;44,33,22,11,0,1,2,3,4,5,16,15,14;94,95,96,85,74,63;13,24,25,26,27,28;35,34,23,12;6,7,8,9,10,21,32,43,54,65,76,87,98,109,120,119,118,117,116,115,114,113,112,111,110,99,88,77,66,55;17,18,19,20,31,42,53,64,75,86,97,108,107,106,105,104,93,82,83,84;29,30,41,52,51,50,61,60,71,70,81,92,103,102,101,100,89,78,67,56,45;90,79,68,57,46,47,36,37;72,73,62;40,39,38,49,48,59,58,69,80,91
11,0,132,13,,,9|20:8|19:7|18:6|17:4|15:3|14:2|13:1|12:11|12:22|23:33|34:44|45:66|67:77|78:88|89:99|100:100|111:101|112:102|113:103|114:105|116:106|117:107|118:108|119:108|109:97|98:86|87:75|76:53|54:42|43:31|32:20|21;31,42,53,64,75;16,17,18;25,36,37,48;91,92,93,82,71,72,61;20,19,30,29,40,39,38,49,60,59,70,81,80,79,90;89,78,67,68,69,58,47;41,52,63,74,85,86,97,108;107,96,95;45,34,23,12;13,24,35,46,57,56,55,44,33,22,11,0,1,2,3,4,5,6,7,8,9,10,21,32,43,54,65,76,87,98,109,120,119,118,117,116,115,104,103,102,101,100;28,27,26,15,14;50,51,62,73,84,83,94,105,106;66,77,88,99,110,111,112,113,114
11,0,133,11,,,9|20:8|19:7|18:6|17:4|15:3|14:2|13:1|12:11|12:22|23:33|34:44|45:66|67:77|78:88|89:99|100:100|111:101|112:102|113:103|114:105|116:106|117:107|118:108|119:108|109:97|98:86|87:75|76:53|54:42|43:31|32:20|21;116,117,118,119,120,109,98,87,76;89,100,101,102,103,92,93,82,83,84,73,74,63,52,53;94,95,96,85;91,90,79,78,67,56,57,46,47,48;32,43,54,65,64,75,86,97,108,107,106,105,104,115,114,113,112,111,110,99,88,77,66,55,44;68,69,58,59,60,49,50,39,28,17,18,19,20,31,42,41;80,81,70,71,72,61,62,51,40,29,30;21,10,9,8,7,6,5,4,3,2,1,0,11,22,33;45,34,23,12;15,16,27,38,37,36,35,24,13;14,25,26
11,0,134,11,,,9|20:8|19:7|18:6|17:4|15:3|14:2|13:1|12:11|12:22|23:33|34:44|45:66|67:77|78:88|89:99|100:100|111:101|112:102|113:103|114:105|116:106|117:107|118:108|119:108|109:97|98:86|87:75|76:53|54:42|43:31|32:20|21;20,19,30;26,15,16,17,18;83,82,93,92,103,102,101,100,89,78,67,56,45,34,23,24;108,97,86,85,84,95,94,105,104,115,114,113,112,111,110,99,88,77,66,55,44,33,22,11,0,1,2,3,4,5,6,7;116,117,118,119,120,109,98,87,76,65,54,43,32,21,10,9,8;106,107,96;91,90,79,68,57,46,35;75,74,73,72,71,70,59;12,13,14,25,36,37,38,39,50,51;81,80,69,58,47,48,49,60,61,62,63,64,53,42,31;52,41,40,29,28,27
11,0,135,11,,,9|20:8|19:7|18:6|17:4|15:3|14:2|13:1|12:11|12:22|23:33|34:44|45:66|67:77|78:88|89:99|100:100|111:101|112:102|113:103|114:105|116:106|117:107|118:108|119:108|109:97|98:86|87:75|76:53|54:42|43:31|32:20|21;81,70,59,48,49,50,51,52,63,64,75,86;110,99,88,77,66,55,44,33,22,11,0,1,2,3,4,5,6,7,8,9,10,21,32,43,54,65,76,87,98,109,120,119,118,117,116;111,112,113,114,115,104,103,102,101,90,79,68,67,56;71,82,93,94,105,106,107,108;97,96,95,84,83,72,61,60;85,74,73,62;36,37,38,39,40,41,30;47,46,35,24,25,26,27,28,29;92,91,80,69,58,57;100,89,78;45,34,23,12,13,14,15,16,17,18,19,20,31,42,53
11,0,136,12,,,9|20:8|19:7|18:6|17:4|15:3|14:2|13:1|12:11|12:22|23:33|34:44|45:66|67:77|78:88|89:99|100:100|111:101|112:102|113:103|114:105|116:106|117:107|118:108|119:108|109:97|98:86|87:75|76:53|54:42|43:31|32:20|21;79,78,89,100,101,102,103,104,105,106,107,108;90,91,92,93;95,84,85,74,63;49,48,37,26,25;6,7,8,9,10,21,32,43,54,65,76,87,98,109,120,119,118,117,116,115,114,113,112,111,110,99,88,77,66;13,24,35,36,47;20,19,18,17;52,51,62,73,72,83,94;41,40,39,50,61,60,71,82,81,80,69,68,67,56,55,44,33,22,11,0,1,2,3,4,5,16,15,14;12,23,34,45,46,57,58,59,70;96,97,86,75;38,27,28,29,30,31,42,53,64
11,0,137,10,,,9|20:8|19:7|18:6|17:4|15:3|14:2|13:1|12:11|12:22|23:33|34:44|45:66|67:77|78:88|89:99|100:100|111:101|112:102|113:103|114:105|116:106|117:107|118:108|119:108|109:97|98:86|87:75|76:53|54:42|43:31|32:20|21;18,17,16,15,14,13,12,23,34,45,46,57,58,69;30,41,40,39,38,37,48,59;72,71,70,81,92,91,90,89,78;60,61,62,63,64,65,54,43,32,21,10,9,8,7,6,5,4,3,2,1,0,11,22,33,44;47,36,35;49,50,51,52,53,42,31,20,19;76,87,98,109,120,119,118,117,116,115,114,113,112,111,110,99,88,77,66,55,56,67,68,79,80;85,96,95,94,93,82;100,101,102,103,104,105,106,107,108,97,86,75,74,73,84,83;29,28,27,26,25,24
11,0,138,10,,,9|20:8|19:7|18:6|17:4|15:3|14:2|13:1|12:11|12:22|23:33|34:44|45:66|67:77|78:88|89:99|100:100|111:101|112:102|113:103|114:105|116:106|117:107|118:108|119:108|109:97|98:86|87:75|76:53|54:42|43:31|32:20|21;85,96,95,94,93,82,71,70,59,58,47,46,35;89,100,101;63,74,73,84;92,81,80,69,68,57;40,39,38;83,72,61,62,51,52,53,42,31,20,19,18,17,16;41,30,29,28,27,26,15,14,13,12,23,34,45,56,67,78,79,90,91,102,103,104,105,106,107,108,97,86,75,64,65,54,43,32,21,10,9,8,7,6,5;48,37,36,25,24;50,49,60;4,3,2,1,0,11,22,33,44,55,66,77,88,99,110,111,112,113,114,115,116,117,118,119,120,109,98,87,76
11,0,139,10,,,9|20:8|19:7|18:6|17:4|15:3|14:2|13:1|12:11|12:22|23:33|34:44|45:66|67:77|78:88|89:99|100:100|111:101|112:102|113:103|114:105|116:106|117:107|118:108|119:108|109:97|98:86|87:75|76:53|54:42|43:31|32:20|21;51,50,49;100,101,102,103,92,81,70,69,58,57;91,90,89,78,67,56,45,34,23,12,13,14,15,16,17,28,29,30,31,42,53,52,63,62,61,72,83,84,95,96,107;80,79,68;73,74,75,64,65,76,87,98,109,120,119,118,117,116,115,104;47,46,35,24,25,26,27,38,39,40,41;85,86,97,108;20,19,18;106,105,94,93,82,71,60,59,48,37,36;54,43,32,21,10,9,8,7,6,5,4,3,2,1,0,11,22,33,44,55,66,77,88,99,110,111,112,113,114
11,0,140,12,,,9|20:8|19:7|18:6|17:4|15:3|14:2|13:1|12:11|12:22|23:33|34:44|45:66|67:77|78:88|89:99|100:100|111:101|112:102|113:103|114:105|116:106|117:107|118:108|119:108|109:97|98:86|87:75|76:53|54:42|43:31|32:20|21;108,107,96,95,94,93,92,91,90,79;20,19,18,17,16,15,14,13,12,23;54,65,76,87,98,109,120,119,118,117,116,115,114,113,112,111,110,99,88,77,66;80,69,58;41,42,53,64,75;24,25,26,27,28,29,30,31;59,70,81,82;35,34,45,56,55,44,33,22,11,0,1,2,3,4,5,6,7,8,9,10,21,32,43;60,71,72,83,84;74,63,52,51,40,39,38,37,36,47,46,57,68,67,78,89,100,101,102,103,104,105,106;97,86,85;48,49,50,61,62,73
11,0,141,11,,,9|20:8|19:7|18:6|17:4|15:3|14:2|13:1|12:11|12:22|23:33|34:44|45:66|67:77|78:88|89:99|100:100|111:101|112:102|113:103|114:105|116:106|117:107|118:108|119:108|109:97|98:86|87:75|76:53|54:42|43:31|32:20|21;80,81,92,103,104,105,94,83,72,61,50,49;4,3,2,1,0,11,22,33,44,55,66,77,88,99,110,111,112,113,114,115,116,117,118,119,120,109,98,87,76,65,54;26,37,38,39;93,82,71,60;45,56,67,78,89,100,101,102;30,41,52,63,74,85,96,95;24,25,36,47,48,59,70,69,68,79,90,91;43,32,21,10,9,8,7,6,5,16,17,18,19,20,31,42,53,64,75,86,97,108,107,106;34,35,46,57,58;84,73,62,51,40,29,28,27;15,14,13,12,23
11,0,142,10,,,9|20:8|19:7|18:6|17:4|15:3|14:2|13:1|12:11|12:22|23:33|34:44|45:66|67:77|78:88|89:99|100:100|111:101|112:102|113:103|114:105|116:106|117:107|118:108|119:108|109:97|98:86|87:75|76:53|54:42|43:31|32:20|21;74,73,62,51,50,49,48,47,36,35;27,26,25,24;84,83,72,61,60,59,58,57,46,45,34,23,12;90,79,68,69,70,71,82,93;91,102,101,100,89,78,67,56,55,44,33,22,11,0,1,2,3,4,5,6,7,8,9,10,21,32,43,54,65,64,75,86,85,96,95,94;37,38,39,28,29;97,108,107,106,105,104,103,92,81,80;76,87,98,109,120,119,118,117,116,115,114,113,112,111,110,99,88,77,66;13,14,15,16,17,18,19,20,31,42,53,52,63;40,41,30
11,0,143,9,,,9|20:8|19:7|18:6|17:4|15:3|14:2|13:1|12:11|12:22|23:33|34:44|45:66|67:77|78:88|89:99|100:100|111:101|112:102|113:103|114:105|116:106|117:107|118:108|119:108|109:97|98:86|87:75|76:53|54:42|43:31|32:20|21;100,101,102,103,92,81;80,79,68,57,58,59,60;17,18,19,20,31,42,53,64,75,86,97,108,107,106,105,104,93,82,83,84,73,62,51,40,39,38,37,26,15,14,13,12;4,3,2,1,0,11,22,33,44,55,66,77,88,99,110,111,112,113,114,115,116,117,118,119,120,109,98,87,76,65,54;43,32,21,10,9,8,7,6,5,16,27,28,29,30,41,52,63,74,85,96,95,94;91,90,89,78,67,56,45;24,25,36;71,70,69;23,34,35,46,47,48,49,50,61,72
11,0,144,12,,,9|20:8|19:7|18:6|17:4|15:3|14:2|13:1|12:11|12:22|23:33|34:44|45:66|67:77|78:88|89:99|100:100|111:101|112:102|113:103|114:105|116:106|117:107|118:108|119:108|109:97|98:86|87:75|76:53|54:42|43:31|32:20|21;66,77,88,99,110,111,112,113,114,115,104,105,94,83,82;103,102,91,90;37,38,49,60,59;96,85,74,75,64,53,42,31,20;29,40,51;68,79,80,81,92,93;108,97,86;15,14,13,24,35;116,117,118,119,120,109,98,87,76,65,54,43,32,21,10,9,8,7,6,5,4,3,2,1,0,11,22,33,44,55,56,67,78,89,100,101;48,47,36,25,26,27,16;107,106,95,84,73,62,63,52,41,30,19,18,17,28;39,50,61,72,71,70,69,58,57,46,45,34,23,12
11,0,145,12,,,9|20:8|19:7|18:6|17:4|15:3|14:2|13:1|12:11|12:22|23:33|34:44|45:66|67:77|78:88|89:99|100:100|111:101|112:102|113:103|114:105|116:106|117:107|118:108|119:108|109:97|98:86|87:75|76:53|54:42|43:31|32:20|21;48,47,58,69,68,79,90,89;114,113,112,111,110,99,88,77,66,55,44,33,22,11,0,1,2,3,4,5,6,7,8,9,10,21,32,43,54,65,76,87,98,109;37,38,49,60,61,62,63,52,41,30,19,18,17,16,15,14,13,12;36,35,46,45;93,92,103,102,101,100;34,23,24,25,26;86,97,108,107,106,105,104,115,116,117,118,119,120;29,40,51;27,28,39,50;84,73,72,71,70,59;91,80,81,82,83,94,95,96,85,74,75,64,53,42,31,20;78,67,56,57
11,0,146,9,,,9|20:8|19:7|18:6|17:4|15:3|14:2|13:1|12:11|12:22|23:33|34:44|45:66|67:77|78:88|89:99|100:100|111:101|112:102|113:103|114:105|116:106|117:107|118:108|119:108|109:97|98:86|87:75|76:53|54:42|43:31|32:20|21;67,78,89,100,101,102,103,104,105,106,107,108,97,86,75,64,53,42,31,30,29,40,51,62,73,72,71,70,69;43,32,21,10,9,8,7,6,5,4,3,2,1,0,11,22,33,44;79,90,91,92,93,94,95,96;34,35,24,25;60,61,50,39,28;54,65,76,87,98,109,120,119,118,117,116,115,114,113,112,111,110,99,88,77,66,55,56,45,46,47,36,37,26;20,19,18,17,16,15,14,13,12,23;41,52,63,74,85,84,83,82,81,80;68,57,58,59,48,49,38,27
11,0,147,11,,,9|20:8|19:7|18:6|17:4|15:3|14:2|13:1|12:11|12:22|23:33|34:44|45:66|67:77|78:88|89:99|100:100|111:101|112:102|113:103|114:105|116:106|117:107|118:108|119:108|109:97|98:86|87:75|76:53|54:42|43:31|32:20|21;10,21,32,43,54,65,76,87,98,109,120,119,118,117,116;71,82,81,80,91;96,95,106,105,104,115,114,113,112,111,110,99,88,77,66,55,44,33,22,11,0,1,2,3,4,5,6,7,8,9;17,16,15,14,13,12,23,34,45,56,67,78,89,100,101,102,103,92,93,94,83,84,85,74;35,46,57;24,25,36,47,58;90,79,68,69,70,59,48,37,26,27,28,39,50,61,72;30,41,52,63;19,20,31,42,53,64,75,86,97,108,107;60,49,38;73,62,51,40,29,18
11,0,148,9,,,9|20:8|19:7|18:6|17:4|15:3|14:2|13:1|12:11|12:22|23:33|34:44|45:66|67:77|78:88|89:99|100:100|111:101|112:102|113:103|114:105|116:106|117:107|118:108|119:108|109:97|98:86|87:75|76:53|54:42|43:31|32:20|21;16,17,18,19,20,31,42,53,52,63,62,61,50;59,48,37;66,77,88,99,110,111,112,113,114,115,116,117,118,119,120,109,98,87,76;51,40,39,38,49,60,71,70,69,58,47,36,25;90,79,68,57,46,35,24,13,14,15,26,27,28,29,30,41;84,95,94,93,92,103;67,56,55,44,33,22,11,0,1,2,3,4,5,6,7,8,9,10,21,32,43,54,65,64,75,86,97,108,107,106,105,104;96,85,74,73,72,83,82,81,80,91,102,101,100,89,78;45,34,23,12
11,0,149,8,,,9|20:8|19:7|18:6|17:4|15:3|14:2|13:1|12:11|12:22|23:33|34:44|45:66|67:77|78:88|89:99|100:100|111:101|112:102|113:103|114:105|116:106|117:107|118:108|119:108|109:97|98:86|87:75|76:53|54:42|43:31|32:20|21;44,33,22,11,0,1,2,3,4,5,16,27,28,29,30,41,52,51,50,49,60,71;68,79,90,101,102,103,104,105,106,107,108,97,86;15,14,13,12,23,34,45,46,57,58,69,80,91;17,18,19,20,31,42,53,64,63,62,61,72,83,82;85,96,95,94,93,92,81,70,59,48,47,36,35;6,7,8,9,10,21,32,43,54,65,76,87,98,109,120,119,118,117,116,115,114,113,112,111,110,99,88,77,66,55,56,67,78,89,100;24,25,26,37,38,39,40;84,73,74,75
11,0,150,11,,,9|20:8|19:7|18:6|17:4|15:3|14:2|13:1|12:11|12:22|23:33|34:44|45:66|67:77|78:88|89:99|100:100|111:101|112:102|113:103|114:105|116:106|117:107|118:108|119:108|109:97|98:86|87:75|76:53|54:42|43:31|32:20|21;30,29,28,27,26,37,36;60,59,48;70,71,82,83,84,73,62,63,64,65,54,43,32,21,10,9,8,7,6,5,4,3,2,1,0,11,22,33,44,55,66,77;49,38,39;57,58,69,80,81,92,93,94,95,96,85,74,75;13,12,23,34,45,56,67,68,79,90,91,102,103,104,105,106,107,108,97,86;40,41,42,31,20,19,18,17,16,15,14,25,24,35,46,47;78,89,100,101;76,87,98,109,120,119,118,117,116,115,114,113,112,111,110,99,88;72,61,50;51,52,53
