6+B,0,1,5,,0:5:30:35;27,21,15,14,13;8,9,10,16,22,28,34,33,32,26,20,19;29,23,17,11;31,25,24;18,12,6,7,1,2,3,4
6+B,0,2,4,,0:5:30:35;6,12,18,24,25,31,32,33,34,28,29,23,17,11;19,13,7,1,2,3,9,15;4,10,16,22,21;27,26,20,14,8
6+B,0,3,7,,0:5:30:35;19,13,12;14,20,21,22,16;8,9,15;33,27,26;18,24,25,31,32;6,7,1,2,3,4,10,11,17;23,29,28,34
6+B,0,4,5,,0:5:30:35;2,8,14;15,9,3,4;27,21,22,16,10;26,20,19,13;1,7,6,12,18,24,25,31,32,33,34,28,29,23,17,11
6+B,0,5,4,,0:5:30:35;13,19,25,26,27;4,10,11,17,23,29,28,34,33,32,31;8,14,20,21,22,16;24,18,12,6,7,1,2,3,9,15
6+B,0,6,6,,5:30;35,34,28,22,16,10,4,3;14,15,9;29,23,17,11;8,2,1,0,6,12,18,24,25,31;26,32,33;27,21,20,19,13,7
6+B,0,7,6,,5:30;11,10,16;22,28,27,26,20,19,18,12;9,3,4;21,15,14,13,7,6;0,1,2,8;24,25,31,32,33,34,35,29,23,17
6+B,0,8,4,,5:30;9,8,7,13,19,20,26,32;28,22,16;31,25,24,18,12,6,0,1,2,3,4,10,11,17,23,29,35;34,33,27,21,15,14
6+B,0,9,4,,5:30;21,27,28;4,10,9,8,7,13,19,20,26;14,15,16,17,11;22,23,29,35,34,33,32,31,25,24,18,12,6,0,1,2,3
6+B,0,10,5,,5:30;4,3,2,1,0,6,12,18,24,25,31,32,33,34,35,29,23,17,11;19,13,7,8;28,27,26;10,16,22,21,20;14,15,9
7+B,0,11,5,,0:1:5:6:7:13:35:41:42:43:47:48;22,23,16,17,10;18,19,20,27,34;38,31,30;24,25,32,39,46,45,44,37,36,29,28,21,14,15,8,9,2,3,4,11,12;26,33,40
7+B,0,12,6,,0:1:5:6:7:13:35:41:42:43:47:48;36,37,44,45,46,39,40,33,26;22,23,16,17;38,31,32;30,29,28,21,14,15,8,9,10;34,27,20,19,12,11,4,3,2;24,25,18
7+B,0,13,6,,0:1:5:6:7:13:35:41:42:43:47:48;18,17,16,23,22,21,14;44,45,46;15,8,9,10,11,12,19,20,27,34,33,40;32,39,38,37,36;26,25,24,31,30,29,28;4,3,2
7+B,0,14,5,,0:1:5:6:7:13:35:41:42:43:47:48;32,31,24,17,16,15,14,21,28,29,36;34,27,20,19,12,11,4,3,2;10,9,8;18,25,26,33,40,39,46,45,44;38,37,30,23,22
7+B,0,15,5,,0:1:5:6:7:13:35:41:42:43:47:48;18,25,24,23,22;36,37,38,39,40,33,26;32,31,30,29,28,21,14,15,8,9,2,3,4;16,17,10,11,12,19,20,27,34;46,45,44
7+B,0,16,6,,3:21:27:45;14,7,0,1,2,9,10,11,4,5,6,13,20;18,17,16,15,8;32,33,40;12,19,26,25,24,31,30,37,36;38,39,46,47,48,41,34;44,43,42,35,28,29,22,23
7+B,0,17,7,,3:21:27:45;40,47,48;41,34,33,32,25,18,11,12;36,37,30,31,24,17,10;38,39,46;8,15,14;7,0,1,2,9,16,23,22,29,28,35,42,43,44;26,19,20,13,6,5,4
7+B,0,18,7,,3:21:27:45;20,13,6,5,4,11,18,25;12,19,26,33,34,41,48,47,46;14,7,0,1,2,9,10;36,29,22,15,8;17,16,23,30,37,44,43,42,35,28;24,31,32;38,39,40
7+B,0,19,6,,3:21:27:45;6,13,12;44,43,42,35,28,29,22;40,33,26,25,24,17,10,9,2,1,0,7,14;32,31,30,23,16,15,8;34,41,48,47,46,39,38,37,36;20,19,18,11,4,5
7+B,0,20,6,,3:21:27:45;40,33,32,31,24,17,18;30,23,16,9,10,11,12;44,43,42,35,28;14,7,0;34,41,48,47,46,39,38,37,36,29,22,15,8,1,2;4,5,6,13,20,19,26,25
8+B,0,21,8,,0:1:6:7:8:15:48:55:56:57:62:63;2,10,9;33,25,17,18,19,11,3;28,27,26,34;16,24,32,40,41,49;50,42,43,35,36;60,61,53,54,46,47,39,31,23,22,14,13;5,4,12,20,21,29,30;58,59,51,52,44,45,37,38
8+B,0,22,8,,0:1:6:7:8:15:48:55:56:57:62:63;23,31,30;39,47,46,54,53,52,51;5,4,3,2,10,9,17,16,24,32,40,41,49,50,58,59,60,61;14,13,12,11;42,43,44,45;22,21,20,19,18,26;38,37,29,28,27;25,33,34,35,36
8+B,0,23,7,,0:1:6:7:8:15:48:55:56:57:62:63;54,46,38,30,29,21,13,5,4,3,2;47,39,31,23,22,14;27,28,20,12,11,10,9,17,16,24,32,40,41,49,50,58,59;19,18,26,25,33;42,43,51,52,60;44,36,35,34;61,53,45,37
8+B,0,24,7,,0:1:6:7:8:15:48:55:56:57:62:63;2,3,4,5,13,21,29,28,27,26,25,24;42,34,33,32;23,31,39,47,46,54,53,61,60,59,58,50,49,41,40;16,17,18,19,20,12;9,10,11;51,43,35,36,37,38,30,22,14;52,44,45
8+B,0,25,7,,0:1:6:7:8:15:48:55:56:57:62:63;17,9,10,2,3,4,5;16,24,25,26,18,19,11,12,13,21,29,37,36,44,43,42,41,40;32,33,34,35,27,28,20;52,51,50,49;45,53,61,60,59,58;14,22,30,38;23,31,39,47,46,54
8+B,0,26,8,,3:4:24:31:32:39:59:60;9,1,0;49,41,33,34,35,36,28,20,21,22,30;23,15,7,6,5;38,46,54;2,10,18,17,16,8;40,48,56,57,58,50,51,52,53,61,62,63,55,47;25,26,27,19,11,12,13,14;29,37,45,44,43,42
8+B,0,27,8,,3:4:24:31:32:39:59:60;14,22,30,38,46,47;54,55,63;40,48,56,57,58,50;16,8,0,1,2;27,35,43;62,61,53,45,37,29,21,13,12,11,10,9,17,25,33;23,15,7,6,5;49,41,42,34,26,18,19,20,28,36,44,52,51
8+B,0,28,8,,3:4:24:31:32:39:59:60;44,43,42,34,26,18,19,20,21,22,23,15,7,6,5;45,37,36;63,62,54;2,1,0,8;25,33,41,49;35,27,28,29,30,38,46,47,55;16,17,9,10,11,12,13,14;40,48,56,57,58,50,51,52,53,61
8+B,0,29,8,,3:4:24:31:32:39:59:60;54,53,45,37,29,21,20;56,48,49;35,34,33,25,17,9,1,2;23,15,7,6,5,13,12,11,19,27,28,36,44,52,51,50,58,57;14,22,30,38,46,47,55,63,62,61;40,41,42,43;0,8,16;10,18,26
8+B,0,30,8,,3:4:24:31:32:39:59:60;58,57,49,41,33,25,26,27,35,43,44,45,53,54;52,51,50,42,34;16,8,0;40,48,56;14,13,21,29;61,62,63,55,47,46,38,37,36,28,20,19,18,17,9,1,2;5,6,7,15,23,22,30;10,11,12
6,0,31,7,,,8|9:13|19:14|15:14|20:15|21:16|22:20|21:26|27;30,24,18,19,20,26;7,1,0;10,16,15;6,12,13,14,8,2;9,3,4,5,11,17,23,29;21,27,33,32,31,25;22,28,34,35
6,0,32,5,,,8|9:8|14:9|15:14|15;7,8,2,3,9,10,16,15,21,20,26,25,31,30;4,5,11,17,23,22,28,27,33,32;29,35,34;24,18,19;14,13,12,6,0,1
6,0,33,6,,,21|22:21|27:22|28:27|28;21,20,14,13;35,34,33,32,31,30,24;10,11,17;28,29,23,22,16,15,9,8,7;5,4,3,2,1;0,6,12,18,19,25,26,27
6,0,34,4,,,13|14:13|19:14|20:19|20;6,0,1,2,3,4,5;11,17,23,29,35,34,33,32,31,30,24,18,12,13,7,8;9,10,16,22,28,27;14,15,21,20,26,25,19
6,0,35,6,,,13|14:13|19:14|20:19|20;33,32,31;29,23,17,11,5,4;19,18,12,13,7,8,14,15;30,24,25,26,27,28,34,35;10,9,3,2,1,0,6;20,21,22,16
6,0,36,4,,,1|7:2|8:4|10:6|7:10|11:16|17:18|19:24|25:25|31:27|33:28|29:28|34;25,19,13,14,15,21,27;31,30,24,18,12,6,0,1,2,3,4,5,11,17,23,22,28;20,26,32,33,34,35,29;16,10,9,8,7
6,0,37,4,,,1|7:2|8:4|10:6|7:10|11:16|17:18|19:24|25:25|31:27|33:28|29:28|34;29,35,34,33,32,31,30,24,18,12,6,0,1,2,3,9,8,7;21,20,14;10,16,15;4,5,11,17,23,22,28,27,26,25,19,13
6,0,38,5,,,1|7:2|8:4|10:6|7:10|11:16|17:18|19:24|25:25|31:27|33:28|29:28|34;31,32,33,34,35,29;28,27,26,25,19,13,7;10,16,22,23,17,11,5,4,3,2,1,0,6,12,18,24,30;21,20,14;8,9,15
6,0,39,7,,,1|7:2|8:4|10:6|7:10|11:16|17:18|19:24|25:25|31:27|33:28|29:28|34;28,27,21,15,9;31,32,26,20,14,8;18,24,30;25,19,13,7;35,34,33;29,23,17,11,5,4,3,2,1,0,6,12;10,16,22
6,0,40,4,,,1|7:2|8:4|10:6|7:10|11:16|17:18|19:24|25:25|31:27|33:28|29:28|34;6,0,1,2,3,4,5,11,17;10,9,15,21;16,22,28,27,26,20,14,8,7;23,29,35,34,33,32,31,30,24,18,12,13,19,25
7,0,41,6,,,16|17:23|24:23|30:24|31:30|31:37|38;24,17,18;32,25,26,27,34,41,48,47,46,45,44,43,36;42,35,28,21,14,7,0,1,2,3,4,5,6,13,20,19;12,11,10,9,16,23;37,30,29,22,15,8;31,38,39,40,33
7,0,42,8,,,10|11:16|23:17|18:17|24:18|25:19|26:24|25:31|32;18,19,12,5,6;40,47,46,45,44,37,30,23,22,15,16,9,2;33,34,41,48;8,1,0;17,10,3,4,11;43,42,35;13,20,27,26,25,32,39,38,31,24;7,14,21,28,29,36
7,0,43,7,,,8|9:15|16:15|22:16|23:22|23:29|30;13,12,11;15,8,1,2,9,16,17,18;6,5,4,3,10;40,39,38;19,20,27,34,41,48,47,46,45,44,43,42,35,28,21,14,7,0;26,33,32,31;25,24,23,30,37,36,29,22
7,0,44,5,,,18|19:18|25:19|26:25|26;24,17,18,11,12,19;27,20,13,6,5,4,3,2;26,33,34,41,48,47,46,45,44,43,42,35,28,21,14,7,0,1;16,23,30,31,32,25;10,9,8,15,22,29,36,37,38,39,40
7,0,45,6,,,17|18:17|24:18|25:24|25;18,11,12;41,48,47,46,45,44,43,42,35,28,21,14,7,0,1,2,9,16;23,24,31,32,25,26,19,20,13,6,5,4,3,10,17;8,15,22;37,38,39,40,33,34,27;30,29,36
7,0,46,5,,,1|8:2|9:4|11:5|12:7|8:12|13:14|15:19|20:28|29:33|34:35|36:36|43:37|44:39|46:40|41:40|47;36,29,22,21,14,7,0,1,2;12,19,26,33,40,39,38,37,30,23,16,15,8;28,35,42,43,44,45,46,47,48,41,34,27,20,13,6,5,4,3;17,24,31,32;9,10,11,18,25
7,0,47,5,,,1|8:2|9:4|11:5|12:7|8:12|13:14|15:19|20:28|29:33|34:35|36:36|43:37|44:39|46:40|41:40|47;7,0,1,2,3,4,5,6,13,20,27,34,41,48,47,46,45,44,43,42,35,28;12,11,18,25,24;14,21,22,29,36,37,38,39,40,33,26,19;17,16,23,30,31,32;15,8,9,10
7,0,48,6,,,1|8:2|9:4|11:5|12:7|8:12|13:14|15:19|20:28|29:33|34:35|36:36|43:37|44:39|46:40|41:40|47;29,30,23,24,25;4,5,6,13,20,27,34,41,48,47,46,45,44,43,42,35,28;8,15,16,17,18;36,37,38,39,40;9,10,3,2,1,0,7,14,21,22;31,32,33,26,19,12,11
7,0,49,6,,,1|8:2|9:4|11:5|12:7|8:12|13:14|15:19|20:28|29:33|34:35|36:36|43:37|44:39|46:40|41:40|47;33,32,31;43,44,45,38,39,40;37,30,23,16,17,18,19,12;42,35,28,21,14,7,0,1,2,3,4,5,6,13,20,27,26,25,24;11,10,9,8,15,22,29,36;46,47,48,41,34
7,0,50,4,,,1|8:2|9:4|11:5|12:7|8:12|13:14|15:19|20:28|29:33|34:35|36:36|43:37|44:39|46:40|41:40|47;9,16,17,18,25,32,31,30,29,36;37,38,39,40,33,26,19,12,11,10,3,2,1,0,7,14,21,28,35,42,43,44;4,5,6,13,20,27,34,41,48,47,46,45;8,15,22,23,24
8,0,51,9,,,17|18:17|25:18|26:25|26:28|29:35|43:36|37:36|44:37|45:38|46:44|45:52|53;53,54,62,63;57,58,59,51,43,42,41,40,32;33,25,24,16,8,0,1,2,3,4,5,6,7,15,23,31,39,38,37,29,21,20,28,36,35;17,9,10,18,19,27,26,34;44,52,60,61;56,48,49,50;30,22,14;45,46,47,55;13,12,11
8,0,52,8,,,27|28:34|42:35|36:35|43:36|44:37|45:43|44:51|52;8,9,10,11,12,13,14,15,23;56,57,58,59,60,52,44;43,51,50,49,48,40,32,24,16,17,18,19,27,35,34;0,1,2,3,4,5,6,7;26,25,33,41,42;28,20,21,22,30,31,39,47,55,54;29,37,36;38,46,45,53,61,62,63
8,0,53,8,,,10|11:17|25:18|19:18|26:19|27:20|28:26|27:34|35:41|42:41|49:42|50:49|50;18,17,9,1,0;25,33,41,40,48,56;8,16,24,32;54,53,45;49,57,58,50,51,52,44,36,37,38,39,31,23,15,7,6,5;10,2,3,4,12,13,14,22,30,29,28,27,35,43,42,34,26;11,19,20,21;46,47,55,63,62,61,60,59
8,0,54,8,,,28|29:35|43:36|37:36|44:37|45:38|46:44|45:52|53;54,46,45;17,9,1,2;59,51,50,49,41,33,25,26,18,10,11,3,4;21,29,37;53,61,62,63,55,47,39,38,30,22,14;0,8,16,24,32,40,48,56,57,58;36,28,20,12,13,5,6,7,15,23,31;60,52,44,43,42,34,35,27,19
8,0,55,7,,,10|11:10|18:11|19:18|19:42|50:43|44:43|51:44|52:45|53:51|52;32,40,48,56,57,58;10,2,3,4,5,13,21;43,42,34,26,18,17,9;11,12,20,19,27,35;1,0,8,16,24,25,33,41,49,50,51,59,60,52,53,54,46,45,44,36,28,29,30,31,23,15,7;37,38,39,47,55,63,62,61;22,14,6
8,0,56,6,,,1|9:2|10:3|11:5|13:6|14:8|9:14|15:16|17:22|23:30|31:32|33:40|41:46|47:48|49:49|57:50|58:52|60:53|61:54|55:54|62;57,56,48,40,32,24,16,8,0,1,2,3,4,5,6,7,15,23,31,39,38,46,54,53,52,51,43;27,26,18;47,55,63,62,61,60,59,58;50,49,41,33,25,17,9,10,11,19;12,13,14,22,30,29,37,45,44;42,34,35,36,28,20,21
8,0,57,8,,,1|9:2|10:3|11:5|13:6|14:8|9:14|15:16|17:22|23:30|31:32|33:40|41:46|47:48|49:49|57:50|58:52|60:53|61:54|55:54|62;49,41,33,25,26;43,35,36,37,29,21;60,61,62,63,55,47,39,31,23,15,7,6,5,4;10,11,19,27;9,17,18;45,44,52,51,59,58,57,56,48,40,32,24,16,8,0,1,2,3;28,20,12,13,14,22,30,38,46,54,53;34,42,50
8,0,58,6,,,1|9:2|10:3|11:5|13:6|14:8|9:14|15:16|17:22|23:30|31:32|33:40|41:46|47:48|49:49|57:50|58:52|60:53|61:54|55:54|62;40,48,56,57,58,59,60,61,62,63,55,47,39,38,30,22,14,13,12,11,10,9,17,25,33,41,49;54,46,45,37,29,21,20,19;53,52,44,43;36,35,34,42,50,51;28,27,26,18;32,24,16,8,0,1,2,3,4,5,6,7,15,23,31
8,0,59,8,,,1|9:2|10:3|11:5|13:6|14:8|9:14|15:16|17:22|23:30|31:32|33:40|41:46|47:48|49:49|57:50|58:52|60:53|61:54|55:54|62;46,54,53,52,44;15,7,6,5;45,37,38,30,22,14;41,42,34,35,27,19,20,12,4,3,2,1,0,8,16,24,32,40,48,56,57,58,59,60,61,62,63,55,47,39,31,23;11,10,9,17;18,26,25,33;49,50,51,43;36,28,29,21,13
8,0,60,6,,,1|9:2|10:3|11:5|13:6|14:8|9:14|15:16|17:22|23:30|31:32|33:40|41:46|47:48|49:49|57:50|58:52|60:53|61:54|55:54|62;9,17,25,33,34,35,36,28,29,21,13,14;26,18,10,11;46,54,53,52,44,43,42,41;22,30,38,37,45;5,6,7,15,23,31,39,47,55,63,62,61,60,59,51,50,49;27,19,20,12,4,3,2,1,0,8,16,24,32,40,48,56,57,58
