5,0,1,5;18,17,12;21,16,11,6;3,4,9;0,1,2,7,8,13,14,19,24,23,22;20,15,10,5
5,0,2,4;24,19,18,17;12,13,14,9,4,3,2,1,0;8,7,6,5,10,15,20;11,16,21,22,23
5,0,3,4;21,20,15,10,5,0,1,2,7;8,13,12,17,22,23,24;16,11,6;3,4,9,14,19,18
5,0,4,4;9,4,3,2,1,0,5,10,11,12;18,17,16,15,20;6,7,8,13,14,19,24;23,22,21
5,0,5,5;24,19,14;13,18,23,22,21;20,15,16,17,12,7,8,9;6,11,10;4,3,2,1,0,5
5,0,6,5;23,18,13,12,7,2,1,0,5;10,15,20,21,22;6,11,16,17;8,3,4;24,19,14,9
5,0,7,5;12,11,6;2,3,4,9,14,19,18,17,16;24,23,22,21;7,8,13;20,15,10,5,0,1
5,0,8,4;6,11,12;7,8,13,18,17;23,22,21,20;16,15,10,5,0,1,2,3,4,9,14,19,24
5,0,9,4;21,22,17,18,13,8;6,5,10,15,20;7,12,11,16;23,24,19,14,9,4,3,2,1,0
5,0,10,5;24,19,18,13,12,7,6,1;0,5,10,11,16,17;14,9,8;23,22,21,20,15;2,3,4
5,0,11,5;9,14,19,24;23,18,13,12,7,2;16,11,6;8,3,4;1,0,5,10,15,20,21,22,17
5,0,12,3;15,20,21,22,23,24,19,14,9,4,3,2,1,0;12,7,6;5,10,11,16,17,18,13,8
5,0,13,4;8,3,2;13,12,7,6,1,0;15,20,21,22,23,24;5,10,11,16,17,18,19,14,9,4
5,0,14,4;16,11,12,13;6,7,8,9,14,19,24;23,18,17;22,21,20,15,10,5,0,1,2,3,4
5,0,15,4;24,23,22,21,20,15,10,5,0,1,2,7,8;3,4,9;14,19,18,17,16;13,12,11,6
5,0,16,3;8,7,6,11,16,17,22,23,24,19;18,13,12;14,9,4,3,2,1,0,5,10,15,20,21
5,0,17,5;24,19,18,17,16,11,10;5,0,1,2,3,4;12,13,14,9;23,22,21,20,15;6,7,8
5,0,18,4;7,6,11,16,21;4,3,8,13,12,17,22,23,24;20,15,10,5,0,1,2;18,19,14,9
5,0,19,4;4,3,8,13,18,17;10,15,20;6,5,0;9,14,19,24,23,22,21,16,11,12,7,2,1
5,0,20,5;11,12,7;8,9,14,19,24,23,22,21;6,5,10,15,20;4,3,2,1,0;16,17,18,13
5,0,21,4;14,9,4,3;0,1,2,7,12,11;16,17,18,13,8;6,5,10,15,20,21,22,23,24,19
5,0,22,4;16,17,18,13,14,9,4,3;8,7,12,11;6,5,10,15,20,21,22,23,24,19;2,1,0
5,0,23,6;8,7,6;2,1,0,5;10,15,20,21;18,13,12,11;9,4,3;16,17,22,23,24,19,14
5,0,24,5;24,19,14,9;11,12,13,18;21,20,15,10,5,6,7,8,3,4;16,17,22,23;0,1,2
5,0,25,4;19,18,17,16;5,0,1,2,3;6,7,8;4,9,14,13,12,11,10,15,20,21,22,23,24
5,0,26,6;4,3,2;0,1,6,11,12,17;7,8,9;5,10,15,20;16,21,22,23,18;24,19,14,13
5,0,27,5;0,5,6;10,15,20,21;12,11,16;22,23,24,19,14,9,4,3;1,2,7,8,13,18,17
5,0,28,4;8,7,12;13,14,19,24;23,18,17,16,11,6;22,21,20,15,10,5,0,1,2,3,4,9
5,0,29,6;4,9,8;16,15,10,5,0;17,12,11,6,1;24,19,14,13;3,2,7;18,23,22,21,20
5,0,30,5;22,17,18,13,14,9,4,3,2,1,0;20,15,10,5,6;8,7,12;11,16,21;23,24,19
5,0,31,4;20,15,16,17,18,13,8,3,2;21,22,23,24,19,14,9,4;1,0,5,10,11;12,7,6
5,0,32,4;6,1,0;11,12,7,2;8,13,18,17,16,15,10,5;3,4,9,14,19,24,23,22,21,20
5,0,33,5;13,14,19;6,1,2,3,4;24,23,18,17,16,15,10,5,0;11,12,7,8,9;22,21,20
5,0,34,4;18,17,16,11,10,5,0,1,2,3,4,9;15,20,21,22,23,24,19;14,13,12;6,7,8
5,0,35,5;24,19,14,13;4,3,2,1,0,5,10;6,11,16;9,8,7,12,17,18,23;15,20,21,22
5,0,36,5;8,13,18,23;15,10,5,0,1;24,19,14,9,4,3;16,11,6;2,7,12,17,22,21,20
5,0,37,6;12,7,6,5,0;3,2,1;16,17,18,13;11,10,15,20,21,22,23;8,9,4;24,19,14
5,0,38,4;23,18,13,12,7,2,3,4;0,5,10,15,20,21,22;1,6,11,16,17;24,19,14,9,8
5,0,39,4;0,1,6;16,17,18,13,8;15,20,21,22,23,24,19,14,9,4;3,2,7,12,11,10,5
5,0,40,4;0,1,2,3,8,13,18,17;4,9,14,19,24,23;20,15,10,5,6,7;22,21,16,11,12
5,0,41,5;20,21,22,23,24;7,8,13,18;3,4,9,14,19;17,16,15,10,5,0;12,11,6,1,2
5,0,42,5;16,17,18;5,0,1,2,7;9,14,19,24,23,22,21,20,15,10;13,12,11,6;8,3,4
5,0,43,3;14,13,12;9,4,3,2,1,0,5,10,15,20,21,22,23,24,19;18,17,16,11,6,7,8
5,0,44,5;4,9,8,7,12,11,16;10,5,0;14,19,24,23;6,1,2,3;13,18,17,22,21,20,15
5,0,45,4;16,17,12,13,14,19;22,21,20,15,10,5,0,1,2,3,4;18,23,24;9,8,7,6,11
5,0,46,4;12,11,10,5,0,1,2,3;18,13,8,7,6;20,15,16,17;21,22,23,24,19,14,9,4
5,0,47,6;4,9,14;24,19,18,13,8,3;0,1,6,11,16;2,7,12,17;23,22,21,20;15,10,5
5,0,48,5;4,9,8,13,18;15,20,21;6,7,12,17,22,23,24,19,14;16,11,10,5;3,2,1,0
5,0,49,5;24,23,18,17,12,11,6;13,8,7,2,1,0;16,15,10,5;3,4,9,14,19;22,21,20
5,0,50,4;16,17,18,19;24,23,22,21,20,15,10,11,12,13,14;8,7,6,5,0;9,4,3,2,1
5,0,51,4;4,9,14,19,18,17,12,7;6,11,16,21,22,23,24;13,8,3,2;1,0,5,10,15,20
5,0,52,5;24,19,18,13,8,3,2;11,10,5;4,9,14;15,16,17,12,7,6,1,0;23,22,21,20
5,0,53,6;19,18,17,12;24,23,22,21,16,11,6;20,15,10,5;9,14,13;8,3,4;7,2,1,0
5,0,54,5;6,11,12,13,8;24,23,18,17,16;19,14,9,4,3,2,7;22,21,20,15,10;5,0,1
5,0,55,4;8,7,6,5,10,15,16,17,18,23;11,12,13;0,1,2,3,4,9,14,19,24;22,21,20
5,0,56,5;10,5,0,1,2,3;19,14,9,4;8,7,6,11,16,15;20,21,22,17;12,13,18,23,24
5,0,57,4;17,16,11,10,5,0,1,2,3,8;15,20,21,22,23,18;24,19,14,9,4;13,12,7,6
5,0,58,5;11,16,17,18,13,8;9,4,3,2,1,0,5;12,7,6;23,24,19,14;10,15,20,21,22
5,0,59,5;4,3,2,1,0,5,10,11;19,14,13,12;22,21,20,15;6,7,8,9;16,17,18,23,24
5,0,60,5;12,17,16;5,0,1,2,3,8,13,18;4,9,14,19,24;23,22,21;20,15,10,11,6,7
6,0,61,5;19,18,12,6,0,1,2,3,4,5,11,17,23;8,9,15,21,27,33,34,35;32,31,30;7,13,14,20,26,25,24;10,16,22,28,29
6,0,62,5;30,31,25;4,5,11,17,23,29,28,27,21,15,14,8,7,1,0;35,34,33,32,26,20,19,18,24;2,3,9,10,16,22;13,12,6
6,0,63,5;3,4,5,11,17,23,29,35,34,33,32,31,30,24;2,1,0,6,12,18;15,21,20,26;14,13,19,25;27,28,22,16,10,9,8,7
6,0,64,5;22,28,27,26;25,19,20,21;17,23,29,35,34,33,32,31,30,24,18;2,1,0,6,12,13,14,15,16,10,11;5,4,3,9,8,7
6,0,65,5;14,15,21,27;0,6,12,18,24,30;8,9,10,16,22,28;35,29,23,17,11,5,4,3,2,1,7,13,19,25,31;34,33,32,26,20
6,0,66,5;30,24,18,12,6,0,1,2,8,14;11,17,23,29,35,34;3,9,15,21,20,26,25,31;5,4,10,16,22,28,27,33,32;19,13,7
6,0,67,5;20,26,25;32,31,30,24,18,19,13,7,8,9,3,4,5,11,17,23,29,35;14,15,21,27,33;10,16,22,28,34;2,1,0,6,12
6,0,68,3;29,23,22,21,20,14;33,32,31,30,24,18,12,6,0,1,2,3,4,10;35,34,28,27,26,25,19,13,7,8,9,15,16,17,11,5
6,0,69,6;16,15,14;10,9,8,2,1;26,25,19,13,7,6,0;29,28,27;12,18,24,30,31,32,33,34,35;3,4,5,11,17,23,22,21,20
6,0,70,5;11,5,4,3,2;1,7,8,9,10;21,20,19,18,24,30,31,32,33,34,35,29,23;17,16,22,28,27,26,25;0,6,12,13,14,15
6,0,71,5;6,7,8,9,10,16,22,21,20,19;18,24,25,26,27,28,29;30,31,32,33,34,35;23,17,11,5,4,3,2,1,0;12,13,14,15
6,0,72,5;33,32,31,30,24,18,19,13,7,8;15,21,27;25,26,20,14;34,28,22,16,10,9,3,2,1,0,6,12;35,29,23,17,11,5,4
6,0,73,5;8,9,10,16,22,28;6,12,13,14,15,21,27,26,25,31;2,3,4,5,11,17,23,29,35,34,33,32;7,1,0;30,24,18,19,20
6,0,74,7;2,8,14,20,21,22,16,17,11;5,4,10;13,7,1;24,30,31;27,28,29,23;0,6,12,18,19,25,26,32,33,34,35;3,9,15
6,0,75,6;28,22,16,10;0,1,2,3,4,5,11,17,23,29,35,34;12,18,19,25;24,30,31;33,27,21,15,9,8,7,6;32,26,20,14,13
6,0,76,5;28,22,21;33,27,26;32,31,25,19,13,7,8,9,10,11,17,23,29,35,34;30,24,18,12,6,0,1,2,3,4,5;20,14,15,16
6,0,77,7;18,24,30,31,32,26,20,14,8,7;29,35,34;2,1,0,6;9,3,4,5;21,15,16,10;25,19,13,12;11,17,23,22,28,27,33
6,0,78,7;6,7,13,14;35,29,23,17;11,10,16,22,28,34,33,32,31,30;21,20,19,18,12;0,1,2,8,9,15;27,26,25,24;5,4,3
6,0,79,5;25,19,13,12;5,4,10,16,22,28,34,35;1,2,3,9,15,21,27,33;0,6,7,8,14,20,26,32,31,30,24,18;29,23,17,11
6,0,80,7;15,21,20;9,10,16,17,23,29,35,34,33,32,31;14,8,2;6,12,18,19;13,7,1,0;30,24,25,26,27,28,22;3,4,5,11
6,0,81,6;28,27,21,15,14;7,13,19,25;29,23,22;20,26,32,33,34,35;17,16,10,9,8;11,5,4,3,2,1,0,6,12,18,24,30,31
6,0,82,4;5,11,17,23,22,21,20,14,8,9;4,10,16,15;28,27,26,25,19,13,7;29,35,34,33,32,31,30,24,18,12,6,0,1,2,3
6,0,83,7;8,9,10;0,6,12;24,18,19;29,35,34,33,32;30,31,25,26;20,14,13,7,1,2,3,4,5,11,17,23,22,28,27;21,15,16
6,0,84,4;6,0,1,2,3,4,5,11,17,23,29,35,34,33;7,8,9,10,16,22,28,27,26;21,20,19,25,31,32;30,24,18,12,13,14,15
6,0,85,7;8,2,3,4,10;24,30,31;6,12,13,14,20,21,27,28,29,23,17,11,5;18,19,25,26,32;22,16,15,9;33,34,35;7,1,0
6,0,86,5;33,32,31,25,19,13,7,8,9,10,11,17,23;34,35,29;21,27,28;5,4,3,2,1,0,6,12,18,24,30;22,16,15,14,20,26
6,0,87,7;25,26,27;4,3,2;5,11,17,16,15;10,9,8,7,1,0;21,22,28;14,20,19,18,24,30,31,32,33,34,35,29,23;6,12,13
6,0,88,4;15,21,27,28;24,25,19,13,7,8,9,10,16,22;18,12,6,0,1,2,3,4,5,11,17,23,29,35,34,33;30,31,32,26,20,14
6,0,89,5;30,24,18,12,6,0,1;2,3,4,10,16,22,21,27,33,34,35;32,26,20,14,15;9,8,7,13,19,25,31;5,11,17,23,29,28
6,0,90,6;35,29,23,17;13,7,8,9,3,4,5;15,21,27,26,25,24;2,1,0,6;11,10,16,22,28,34,33,32,31,30;12,18,19,20,14
6,0,91,4;21,15,9,3;7,13,19,25;24,18,12,6,0,1,2,8,14,20,26,27,28,22,16,10,4;30,31,32,33,34,35,29,23,17,11,5
6,0,92,7;15,16,10;14,13,19,25;9,8,7;35,29,28;22,23,17,11,5,4,3,2,1,0,6;20,21,27,33,34;12,18,24,30,31,32,26
6,0,93,7;4,10,9;3,2,1;12,18,24,30,31,32;28,22,23,17,11,5;26,25,19,13;0,6,7,8,14,15,16;20,21,27,33,34,35,29
6,0,94,5;34,33,32,31,30,24,18,12,6,0,1,2,3;7,8,9,10;19,20,21,22,23;4,5,11,17,16,15,14,13;25,26,27,28,29,35
6,0,95,6;7,6,0;18,12,13,14,8,2,1;9,10,11,17,23,29,35,34,33,32,31;3,4,5;30,24,25,19,20,21,15,16;22,28,27,26
6,0,96,5;11,10,16,15;19,25,26,27,28,29;35,34,33,32,31,30,24,18;2,1,0,6,12,13,14,20,21,22,23,17;5,4,3,9,8,7
6,0,97,6;7,13,14,20,21,22,23,29;19,18,12,6,0,1,2,8,9,15;35,34,28,27,26,25,24,30;3,4,10,16;5,11,17;31,32,33
6,0,98,4;10,16,22,28,27,26,25,19,13,7,6,0;1,2,8,14;12,18,24,30,31,32,33,34,35,29,23,17,11;5,4,3,9,15,21,20
6,0,99,5;15,21,20,19,13;7,8,14;2,3,9,10,16,22,28,27,26,25,24,18,12;4,5,11,17,23,29,35,34,33,32,31,30;6,0,1
6,0,100,6;3,2,8,14;31,32,26,20,21,15,9;25,19,13,7;5,4,10,16,22,28,27;1,0,6,12,18,24,30;11,17,23,29,35,34,33
6,0,101,6;6,12,13,14,20,21,27,28;24,30,31;18,19,25,26,32,33,34,35,29,23,22;10,4,3,2;16,17,11,5;15,9,8,7,1,0
6,0,102,5;30,24,25,26,27,21;35,29,23,22,16,10,9,8,7;17,11,5,4,3,2,1,0,6,12,13,14,15;28,34,33,32,31;18,19,20
6,0,103,5;30,31,25,26,20,21,22,28;7,8,9,10,16;27,33,32;24,18,19;15,14,13,12,6,0,1,2,3,4,5,11,17,23,29,35,34
6,0,104,4;21,20,14,8,2,3,4,5,11;17,16,22,28,27,26,25,19,13,7,1;10,9,15;23,29,35,34,33,32,31,30,24,18,12,6,0
6,0,105,6;11,17,23,29,35,34;8,7,13,19,18,24;12,6,0,1,2,3;16,22,28;30,31,25,26,20,14,15,9,10,4,5;32,33,27,21
6,0,106,6;19,20,21,22,23,29,35,34;25,26,27,28;17,16,15,14;5,11,10,9,8,7,13;18,24,30,31,32,33;4,3,2,1,0,6,12
6,0,107,6;12,6,0,1,2;14,20,19,18;24,25,26,27,21,22,16,10;35,29,23,17,11,5,4,3,9,15;8,7,13;30,31,32,33,34,28
6,0,108,5;6,12,18;21,15,9,10;31,32,33,34,35,29,23,17,11,5,4,3,2,1,0;16,22,28,27,26,20,14;8,7,13,19,25,24,30
6,0,109,6;27,33,34;7,8,14,15,16,10,4,5;13,19,25,31;9,3,2,1,0,6,12,18,24,30;23,17,11;32,26,20,21,22,28,29,35
6,0,110,5;12,18,24,25,26,27,21,15,9,10,11,17,23,29,35;30,31,32,33,34,28,22,16;19,20,14,8;5,4,3,2,1;13,7,6,0
6,0,111,4;27,26,25,19,13,14,15,16,10;34,28,22,21,20;33,32,31,30,24,18,12,6,0,1,2;7,8,9,3,4,5,11,17,23,29,35
6,0,112,6;5,4,3,2,1;33,27,28,22,16,15,14,8;9,10,11,17,23,29,35,34;32,26,20,21;0,6,7,13,19,25;12,18,24,30,31
6,0,113,5;28,22,16,10;4,5,11,17,23,29,35,34,33,27,26,20,14,8;21,15,9,3,2;32,31,30,24,18,12,6,0,1;25,19,13,7
6,0,114,6;5,4,10,9,8,7,13;35,29,23;1,2,3;30,24,25,26,27,21;31,32,33,34,28,22;11,17,16,15,14,20,19,18,12,6,0
6,0,115,7;22,28,27;16,10,11,5;30,24,18,12,6,0,1,2,3,4;17,23,29,35,34,33,32,26;21,20,14;31,25,19,13,7;15,9,8
6,0,116,4;0,1,7;24,30,31,32,33,34,35,29,23,17,11,5,4,3,2,8,14,13,12,6;25,26,27,28,22,16;18,19,20,21,15,9,10
6,0,117,5;20,21,22,28;32,31,30,24,18,12,6,7,8,9,10,16,17,23,29;35,34,33,27,26,25,19;0,1,2,3,4,5,11;13,14,15
6,0,118,6;33,27,28,22,23,17,11,5;12,18,24,30;9,8,14,20,26,32;29,35,34;21,15,16,10,4,3,2,1,0,6;31,25,19,13,7
6,0,119,5;29,35,34,33,32,31,30,24,18,12,13;16,15,9;10,4,3,2,1;5,11,17,23,22,28,27,26,25,19;0,6,7,8,14,20,21
6,0,120,5;0,1,2,8,9,15,21,27;14,13,19,25,31,30;3,4,10,16,22,28,34,33,32,26,20;24,18,12,6,7;35,29,23,17,11,5
7,0,121,6;11,10,9,8;17,16,23,22,21,28,35,42,43,44,45,46;48,41,34,33,32,25,18,19,12;29,30,31,24;47,40,39,38,37,36;26,27,20,13,6,5,4,3,2,1,0,7,14,15
7,0,122,5;44,45,38,31,32;43,36,37,30,23,24,25,18;42,35,28,21,14,7,8,9,10,11,12,19,26,33,40,39,46;47,48,41,34,27,20,13,6,5,4,3,2,1,0;17,16,15,22,29
7,0,123,6;48,47,46,45,44,43,42,35,28,21,14,7,0;19,12,11,10,9,16,23,30,37,38,39;36,29,22,15,8,1,2,3,4,5,6;17,18,25,26;40,41,34,27,20,13;24,31,32,33
7,0,124,7;33,32,25,24,23,30,37,36;31,38,39,40;22,29,28,35,42,43,44,45;0,7,8,9,10,11;6,13,20;21,14,15,16,17,18;46,47,48,41,34,27,26,19,12,5,4,3,2,1
7,0,125,5;17,24,31,38,37,36,29,22,15,8,9,2,3,4,5,6,13,20,27,34,33;40,39,32,25,18;41,48,47,46,45,44,43,42,35,28,21,14,7,0,1;16,23,30;26,19,12,11,10
7,0,126,5;22,23,24;36,29,30,31,32,25,18,17,16,9;37,38,39,40,33,26,19,12;11,4,5,6,13,20,27,34,41,48,47,46,45,44,43,42,35,28,21,14,15,8;10,3,2,1,0,7
7,0,127,6;42,43,44,45,46,39,32,25,18,17,16;9,8,15;48,41,34,27,20,13,6,5,4;3,10,11,12,19,26,33,40,47;23,24,31,38,37,36,35,28;2,1,0,7,14,21,22,29,30
7,0,128,7;25,32,39,38,37;24,17,18,19,26,33,40;27,20,13,12,11,10,9,8,15,22,21;16,23,30,31;14,7,0,1,2,3,4,5,6;29,36,43,44,45,46,47,48,41,34;28,35,42
7,0,129,8;37,36,29,28,21,14,15,16,17;22,23,24,25,18,19,12;7,8,9;32,31,30;38,45,44,43,42,35;40,33,26;11,4,5,6,13,20,27,34,41,48,47,46,39;0,1,2,3,10
7,0,130,6;0,1,2,3,4,5,6;34,41,48,47,46,45,38,31,32;27,26,25,24,23,30,37,44,43,42;35,36,29,22,15,16,17,18,19;28,21,14,7,8,9,10,11,12,13,20;33,40,39
7,0,131,7;9,16,23,30;8,15,22,29,36,37;13,6,5;41,40,33,32,25,18,17,10,3,2,1,0,7,14,21,28,35,42,43,44,45;20,19,12,11,4;24,31,38,39,46,47,48;34,27,26
7,0,132,6;45,44,43,42;30,29,22,15,8,9,10,11;39,40,33,26,19,12,5,4,3;6,13,20,27,34,41,48,47,46;23,24,31,38,37,36,35,28,21,14,7,0,1,2;32,25,18,17,16
7,0,133,5;6,5,12,19,26,33;42,43,44,45,46,47,48,41,34,27,20,13;36,35,28,21,14,7,0,1,2,3,4,11,18,25,32;40,39,38,37,30,23,16;31,24,17,10,9,8,15,22,29
7,0,134,8;30,23,24;38,31,32,33,34;47,46,45;16,9,8;10,17,18,25,26,27,20,13,6,5;19,12,11,4,3,2,1,0,7,14,15,22,29,36,37,44;39,40,41,48;43,42,35,28,21
7,0,135,6;48,47,40,33,26,19,20,13,6;18,25,32,39,46,45,44,43,42,35,28,21,14,7,0,1,2,3,4,5;29,22,15,8;27,34,41;30,23,16,9,10,11,12;17,24,31,38,37,36
7,0,136,8;8,9,16;32,31,24,17,10,3;22,21,28,35,42;23,30,29,36,43,44,45;37,38,39,46;40,33,26,19,12;2,1,0,7,14,15;47,48,41,34,27,20,13,6,5,4,11,18,25
7,0,137,5;20,19,18,17,16,23,30,31,38,39;27,34,41,48,47,46,45,44,43,42,35,28,21,14,7,0,1,2,3,4,5,6,13;24,25,26;12,11,10,9,8,15,22,29,36,37;32,33,40
7,0,138,5;16,23,30,37,44,43;42,35,36,29,22,15,8,9;27,20,13,6,5;12,19,26,33,34,41,48,47,46,45,38,31,24,17,10;28,21,14,7,0,1,2,3,4,11,18,25,32,39,40
7,0,139,7;21,14,7,0,1,2;33,40,47;18,17,24,31,38,37,44,43,42,35,28;48,41,34,27,26,19,12,11,10,9,16,23,30,29,36;3,4,5,6,13,20;25,32,39,46,45;22,15,8
7,0,140,8;40,33,34,27,20,13,12,11;36,37,38;46,39,32,31,24,23,22,21,14,7,0,1,2,9;6,5,4,3,10,17,18;30,29,28,35,42,43,44,45;19,26,25;16,15,8;47,48,41
7,0,141,8;13,6,5,4,3,2;43,42,35,28,21,14,7;44,37,36,29,22,15,8,1,0;40,39,32;30,31,38,45,46;18,17,16;33,26,25,24,23;9,10,11,12,19,20,27,34,41,48,47
7,0,142,6;7,0,1;38,39,32,33,26,27,20,13,12,11,10,17,16,23,22,29;34,41,40;48,47,46,45,44,43,42;6,5,4,3,2,9,8,15,14,21,28;35,36,37,30,31,24,25,18,19
7,0,143,7;12,19,18,25,32,31,30;15,22,23,24,17,10;26,27,34,41,48,47,46,45,44,43,42,35,28,21,14,7,0,1,2,3,4,11;16,9,8;5,6,13,20;38,37,36,29;33,40,39
7,0,144,6;1,8,9,16,23,30;31,24,17,10,3,2;20,27,34,41,48;15,22,29,36,37,38,39,32,25;0,7,14,21,28,35,42,43,44,45,46,47,40,33,26,19,12,13,6;18,11,4,5
7,0,145,6;19,18,25,32,39,38,37,36,29,22,15,14,7,0,1;26,33,40,47,46,45,44,43,42,35,28,21;8,9,16;24,17,10,11,12,13,20,27,34,41,48;2,3,4,5,6;23,30,31
7,0,146,6;7,0,1,2,3,4,5,6,13,20,27,34,41,48,47,46;33,40,39,38,45;21,14,15,16;36,37,30,31,32,25,26,19,12,11,10,9,8;28,29,22,23,24,17,18;44,43,42,35
7,0,147,6;12,11,10,3;4,5,6,13,20,27,34,41,48,47,46;36,37,44;8,15,22,23,24,25,32,39,38,45;40,33,26,19,18,17,16,9,2,1,0,7,14,21,28,35,42,43;29,30,31
7,0,148,8;23,16,15,14,7,0;32,33,26,27,20,13,6;1,2,3,4,5,12,19;47,40,39,38,37;11,18,25,24,31,30,29,36;34,41,48;17,10,9,8;46,45,44,43,42,35,28,21,22
7,0,149,7;42,35,28,21,14,7,0,1,2,3,4,5,6,13,20;18,25,24,23,30,29,36,43;22,15,16,17;33,32,31;8,9,10,11,12,19,26,27,34,41,48,47;40,39,38,37;44,45,46
7,0,150,5;40,39,38,31,24;14,15,8,9,10,11,12,19,26;28,35,36,37,30,23,16,17,18,25,32,33,34,27,20,13,6,5,4,3,2,1,0,7;41,48,47,46,45,44,43,42;21,22,29
7,0,151,7;11,10,17,24;6,13,20,27,26,33,40,39,46,45,44;9,16,23,30,37;36,29,22,15,8,1,2,3,4,5,12,19,18,25,32,31,38;34,41,48,47;14,7,0;43,42,35,28,21
7,0,152,8;10,9,8,15,22;36,29,30,23,16,17,18,11,12;39,46,47,48;27,34,41,40;31,24,25;44,43,42;32,33,26,19,20,13,6,5,4,3,2,1,0,7,14,21,28,35;37,38,45
7,0,153,7;44,45,46,47,48,41,34,27,20;8,15,16,17,18;25,32,31,30,29,28,35;1,2,9,10,11,12,19;42,43,36,37,38,39,40,33,26;3,4,5,6,13;24,23,22,21,14,7,0
7,0,154,6;15,14,7,0,1,2,3,4,5,6,13,20,27,34,41,48,47,46,45,44,43;24,17,10,9,8;29,30,31,32,25,18,11;28,21,22,23,16;26,19,12;42,35,36,37,38,39,40,33
7,0,155,8;41,34,27;48,47,40;38,37,30,23,16,17,10,3;1,0,7,14,21,28,35,42,43,44,45,46;2,9,8,15,22,29,36;39,32,33,26,19,20,13;31,24,25,18,11,12;4,5,6
7,0,156,5;37,38,31;16,15,14,7,0,1,2,3,4,11,12;8,9,10,17,18,19,26,33;40,39,32,25,24,23,30,29,36;5,6,13,20,27,34,41,48,47,46,45,44,43,42,35,28,21,22
7,0,157,7;6,13,20,19,18,11,10;12,5,4,3;7,8,15,22,29,36,37,38,31;47,48,41,34,33,32;14,21,28,35,42,43,44,45,46,39,40;30,23,16,9,2,1,0;17,24,25,26,27
7,0,158,6;11,18,17,16,23,22,29,36,37,38,39,32;30,31,24,25;40,33,26,19,12,5,6;4,3,2,1,0,7,14,15;21,28,35,42,43,44,45,46,47,48,41,34,27,20,13;10,9,8
7,0,159,8;40,39,32,25,18,19;43,42,35,28,21,14,7;41,34,33;48,47,46,45,38,31,30,23,22,15,8,1,0;3,10,11,12;24,17,16,9,2;44,37,36,29;4,5,6,13,20,27,26
7,0,160,5;9,16,15,22,29,36,43;38,39,40,33,26,19,12,5,4;42,35,28,21,14,7,8;6,13,20,27,34,41,48,47,46,45,44,37,30,31,32,25,18,11,10,3,2,1,0;23,24,17
7,0,161,6;6,13,12,19;40,39,38,37,36,29,22;14,15,16,17,24,25,26,27,20;18,11,10,9,8,7;21,28,35,42,43,44,45,46,47,48,41,34,33,32,31,30,23;0,1,2,3,4,5
7,0,162,5;9,8,15,22,29,36,37,38,39,32,25,24,17;6,5,4,3,2,1,0,7,14,21,28,35,42,43,44,45,46;48,41,34,27,20,13,12,11,10;47,40,33,26,19,18;16,23,30,31
7,0,163,6;16,23,30,31,38,39,40,47,48;24,17,10,9,8;46,45,44,37,36,29,22,15,14,7,0,1,2,3,4,5,12,19,26;41,34,27,20,13,6;43,42,35,28,21;33,32,25,18,11
7,0,164,8;32,33,40;30,23,16,17,18,19,12;22,15,8,9;10,11,4,5,6,13;37,36,29,28,21,14,7,0,1,2,3;39,38,31,24,25,26;20,27,34,41,48;47,46,45,44,43,42,35
7,0,165,6;35,36,37,30,23,16,9;0,7,14,21;42,43,44,45,46,47,48,41,34,27,20,13,6,5,4,3,2,1,8,15,22,29,28;11,12,19,26;10,17,18,25,32;33,40,39,38,31,24
7,0,166,6;39,40,33,26,19,20,13,6,5,4,3,10,9;42,43,44,45,46,47,48,41,34,27;32,25,18,11,12;2,1,8,15,16,17,24,31,38,37,36,35;23,30,29,28;22,21,14,7,0
7,0,167,7;41,48,47,46,45;27,26,25,32,31,30,23,22,21,28,35,42;0,1,2,3,4,5,6,13,20,19,18;44,37,38,39,40,33,34;24,17,16,15,14,7;8,9,10,11,12;43,36,29
7,0,168,5;1,0,7,14,21,22,23,24;8,9,2,3,4,5,6,13;28,29,36,37,38,39,40,33,26;12,11,10,17,16,15;30,31,32,25,18,19,20,27,34,41,48,47,46,45,44,43,42,35
7,0,169,6;1,0,7,14,21,28;17,16,23,30,37,38,39,40;42,43,44,45,46,47,48,41,34,33,32,31,24;20,13,6,5,4,3,2,9,8,15,22,29,36,35;10,11,12,19;27,26,25,18
7,0,170,7;15,22,29,36,37,38,45;16,23,30,31,32,39;44,43,42,35,28,21,14,7,0;9,10,17,24;46,47,40,33,26,25,18,11,4,3,2,1,8;5,6,13;48,41,34,27,20,19,12
7,0,171,6;36,35,28,21,14,7,0,1,2,3,10,17,18,25,32,33;5,6,13,20,27,34,41,40,39;48,47,46,45,38,37,30,29,22,15,8,9;31,24,23,16;44,43,42;4,11,12,19,26
7,0,172,6;39,40,33,26,25,24,17,16,15,8,1,0;2,9,10,11,12;32,31,30,23,22,21,14,7;35,42,43,44,45,46,47,48,41,34,27,20,19,18;28,29,36,37,38;3,4,5,6,13
7,0,173,7;40,39,32;29,36,37,38;22,15,8,9,10,11,12,19,26,33,34,41,48,47,46,45,44,43;3,4,5,6,13,20,27;42,35,28,21,14,7,0,1,2;30,23,16,17;31,24,25,18
7,0,174,8;24,31,32;39,40,33;35,28,21;8,9,16,17,18,25,26,27,34,41,48,47,46,45,38;42,43,36,29,22,15,14,7,0,1,2;44,37,30,23;19,12,11,10;3,4,5,6,13,20
7,0,175,5;33,32,31,30;15,8,9,10,11,12;22,29,36,37,38,39,40,41,34;16,23,24,25,26,27,20,13,6,5,4,3,2,1,0,7,14,21,28,35,42,43,44,45,46,47,48;17,18,19
7,0,176,5;31,24,17,18,19;11,12,13,20,27,26,25;32,33,34,41,48,47,46,45,44,43,36,29,22,15,8,9,10;40,39,38,37,30,23,16;6,5,4,3,2,1,0,7,14,21,28,35,42
7,0,177,7;0,1,2,3,4,5,6,13,20,27,34,41;28,29,36,37,38,31,24;48,47,40,33,32;25,18,17,16,15,14,21;30,23,22;26,19,12,11,10,9,8,7;35,42,43,44,45,46,39
7,0,178,7;2,1,0,7,14,15,16;27,34,41,48,47,46,45,44,43,42,35;28,29,36;4,3,10,9,8;21,22,23,30,37;32,25,26,19,20,13,6;5,12,11,18,17,24,31,38,39,40,33
7,0,179,5;0,7,14,21,28,35,42,43,44,45,46,47,48,41,34,33;27,20,19,18,17,24;37,36,29,22,15,8,1,2,3,4,5,6,13;26,25,32;40,39,38,31,30,23,16,9,10,11,12
7,0,180,7;43,42,35;30,23,22,15,8;28,29,36,37,44,45;4,5,6,13,20;47,46,39,38,31,24,17,16,9,2,1,0,7,14,21;3,10,11,18,25,32,33,40,41,48;34,27,26,19,12
8,0,181,7;56,48,40,32,24,16,8,0,1,2,3,4,5,6;50,42,34;17,25,33,41,49,57,58,59,60,61,62,63,55,47,39,31;9,10,18,26,27,35,43,51,52,53,54;12,13,14;21,29,37;7,15,23,22,30,38,46,45,44,36,28,20,19,11
8,0,182,8;50,51,43,35,27,28,29,30,31,39,47;4,3,11,10,9,17,25,33;24,32,40,48,56,57,58,59,60,61,62,63;55,54,53,45;21,22,14;16,8,0,1,2;23,15,7,6,5,13,12,20,19,18,26,34,42,41,49;52,44,36,37,38,46
8,0,183,7;20,21,29,37;42,50,49,57,56;1,9,17,25,33,41,40,48;0,8,16,24,32;14,22,30,38,46,54,53,52,51,43,35,34,26,18,10,2,3,4,5;58,59,60,61,62,63,55,47,39,31,23,15,7,6;13,12,11,19,27,28,36,44,45
8,0,184,9;38,39,47,55,63,62,61,53,52,51,50,49,41,33,25,26,18;54,46,45,37;10,9,17,16,24,32,40,48,56,57,58,59,60;34,42,43;14,13,12,20,19,27,35;31,30,22,21;11,3,4,5,6,7,15,23;29,28,36,44;2,1,0,8
8,0,185,8;48,56,57,58,59,60,52,53,54,46,38,30,22,21,20,28,27;40,32,24,16,17,9;44,45,37,29;8,0,1,2,10;36,35,43,51,50;49,41,42,34;3,4,5,6,7;33,25,26,18,19,11,12,13,14,15,23,31,39,47,55,63,62,61
8,0,186,8;23,15,7,6,5,4,3,2,1,0,8,16,24,32,40,48,49;46,54,53,52,51;45,37,29,21;19,20,28,36,44,43,42,50;56,57,58,59,60,61,62,63,55,47,39,38;27,35,34;41,33,25,26,18;31,30,22,14,13,12,11,10,9,17
8,0,187,7;32,24,16,8,0,1,2,3,4,5,6,7,15,23,31;40,48,56,57,58;46,54,53,52,44,36,35,27,19,20,21;50,49,41,33,25,17,9,10,11,12,13,14,22,30,38,39,47;51,43,42,34,26,18;45,37,29,28;59,60,61,62,63,55
8,0,188,7;58,57,49,41,33,25,26,27,28;45,44,43,51,59,60,61,62,63,55,47,39,31,23,22,14,13,12,11,3,2,1,0;19,20,21,29,30,38,46,54,53,52;4,5,6,7,15;56,48,40,32,24,16,8,9;17,18,10;37,36,35,34,42,50
8,0,189,7;54,46,38,30,22,14,13,12,11;21,20,28,36,44,52,51,50,42,34,33,32,24,16,8,0,1,2,3,4,5,6,7,15,23,31,39,47,55,63,62,61;9,17,25,26;49,41,40;43,35,27,19,18,10;48,56,57,58,59,60;53,45,37,29
8,0,190,6;63,62,61;55,54,53,52,51,50,49,48,40,32,24,16,8,0,1,2,3,11,19,27,28,36,37,38,30,22,14,13,5;10,18,26,34,35,43,44,45,46,47,39,31,23,15,7,6;29,21,20,12,4;60,59,58,57,56;42,41,33,25,17,9
8,0,191,6;12,20,28,36,35,43,42;15,23,31,30,38,46,54,53,61,60,59,58,57,56,48,40,32,24,16,8,0,1,2,10,18,19;9,17,25,33,41,49,50,51,52,44,45,37,29,21,22,14,6,7;27,26,34;39,47,55,63,62;13,5,4,3,11
8,0,192,6;60,61,62,63,55,47,39,31,23,15,7,6,5,4,3,2,1,0,8;52,44,45,37,29,28,27;36,35,34,42;26,18,19,20,21,22,30,38,46,54,53;14,13,12,11,10,9,17,16,24,32,40,48,56,57,58,59,51,43;25,33,41,49,50
8,0,193,8;10,2,3,4,5,6,14,22,21,20;58,50,49,41,33,25,17,9,1,0;37,45,44,52;8,16,24,32,40,48,56,57;13,12,11,19,18,26,34,35,36;7,15,23,31,39,38,46,54,53,61,60,59,51,43,42;62,63,55,47;27,28,29,30
8,0,194,8;3,4,5;2,1,9,17,18,19,20,28,36,44,45,46,38,30,22,14,6,7;10,11,12;50,42,43,35,27,26,25;0,8,16,24,32,40,48,56;15,23,31,39,47,55,54,53,52,51;13,21,29,37;34,33,41,49,57,58,59,60,61,62,63
8,0,195,7;8,16,24,32,40,48,56,57,58,59,60,61,62,63,55,47;21,29,37,45,53,52,51,50,49,41,33,25,17,9,1,0;35,27,19;11,10,18,26,34,42,43,44,36,28,20;2,3,4,12,13,14,22,30,31,39;23,15,7,6,5;54,46,38
8,0,196,8;53,45,37,36;17,16,24,32,40,48,56,57,58,59;63,55,47,39;2,1,0;49,50,42,34,26,18,19,20,12,13;25,33,41;44,52,60,61,62,54,46,38,30,31,23,15,7,6,5,4,3,11,10,9,8;51,43,35,27,28,29,21,22,14
8,0,197,6;49,50,51,52,53,54,46,38,30,22,14;32,24,16,8,9,10,11,12;44,36,28,20,19,18,17,25,33,41,40,48,56,57,58,59,60,61,62,63,55,47,39,31,23,15,7,6;0,1,2,3,4,5,13,21,29,37,45;35,27,26;43,42,34
8,0,198,8;14,13,12,11,10,2,1;0,8,9,17,18,19,20,28,36,37;25,26,27;31,39,47,55,63,62,61,60,59,58,57,56,48,40,41,42,34,35;16,24,32,33;29,21,22,23,15,7,6,5,4,3;30,38,46,54,53,52,51,50,49;43,44,45
8,0,199,6;43,44,36,37,38,39,31,23,15,7,6,5,13,21;35,27,19,20,12,4,3,2,1,0,8,16,24,32,40,48,56;14,22,30,29,28;18,26,34,42,50,51,52,53,45;11,10,9,17,25,33,41,49,57,58,59,60,61,62,54,46;47,55,63
8,0,200,9;13,5,6,7;10,9,17,25;16,24,32,33,41,42,43,44,36,28;15,14,22,21,29,37,45;49,50,51,52,53,54,46,38,30,31,23;34,35,27;26,18,19,11;39,47,55,63,62,61,60,59,58,57,56,48,40;20,12,4,3,2,1,0,8
8,0,201,8;0,1,2,3,4;63,62,54,53;15,14,22,21,20;26,34,35,36,37,38,39,31,23;25,17,18,19,27,28,29,30;52,51,50,49,41,33;55,47,46,45,44,43,42;7,6,5,13,12,11,10,9,8,16,24,32,40,48,56,57,58,59,60,61
8,0,202,9;0,1,9,10,18,19,20,12,4,5,6,7,15,23;41,33,25,17;35,43,51,52,53,54;36,28,27,26,34,42,50,49;44,45,46,47,39,31,30,22,14;48,56,57,58,59,60,61,62,63,55;2,3,11;38,37,29,21,13;40,32,24,16,8
8,0,203,8;34,42,43,44,36,28;46,54,53,52,51;35,27,19,20,21,29,30,31,23,15,7,6,5,4;0,8,9,10,18,26,25,33,32,40;17,16,24;22,14,13,12,11,3,2,1;48,56,57,58,59,60,61,62,63,55,47,39,38,37,45;50,49,41
8,0,204,8;37,38,30,22,14,13,12,20;53,52,51,50,49,48,40,32,24,16;61,60,59,58,57,56;21,29,28,36;55,47,39,31,23,15,7,6,5,4,3,11;0,1,2,10,18,26,34;19,27,35,43,42,41,33,25,17,9,8;44,45,46,54,62,63
8,0,205,6;41,49,50,58,59,60,61,62,63,55,47,39,31,30,22;33,25,17,9,1;21,13,14;57,56,48,40,32,24,16,8,0;2,10,18,26,34,42,43,51,52,53,54,46,38,37,29,28,20,12,4,5,6,7,15,23;3,11,19,27,35,36,44,45
8,0,206,8;37,29,21,13,14;9,17,25;42,43,35,27,19,11,12;55,47,39,31;56,57,58,59,60,61,53,45,46,38,30,22,23,15;63,62,54;7,6,5,4,3,2,1,0,8,16,24,32,40,48,49,50,51,52,44,36,28,20;10,18,26,34,33,41
8,0,207,7;4,3,11,10,9;2,1,0;18,26,34;30,38,37,45,44,52,51,50,49;36,28,29,21,22,14;46,54,53,61,60,59,58,57,56,48,40,32,24;8,16,17,25,33,41,42,43,35,27,19,20,12,13,5,6,7,15,23,31,39,47,55,63,62
8,0,208,7;57,49,50;2,3,4,5,6,7,15,23;58,59,60,61,62,63,55,47,39,31,30,22,14,13,12,11;56,48,40,41,42;24,32,33,34,35,43,51,52,53,45;54,46,38,37,29,21,20,19,18,10,9;1,0,8,16,17,25,26,27,28,36,44
8,0,209,7;18,10,11,3,4,5,6,7,15,23,31,39,47,55;37,45,53,61;60,52,44,43;9,17,25,26,27,19,20,12,13,14,22,30,38,46,54,62,63;21,29,28,36,35,34,42;2,1,0,8,16,24,32,40,48,56,57,58;59,51,50,49,41,33
8,0,210,9;14,13,5;25,33,41,49,50,51,43,44,45,53;54,46,38,37,36,35,34,42;8,0,1;26,27,28,20,21,22,23;4,12,11,19,18,17,16,24,32,40,48,56,57,58,59,60,52;15,7,6;3,2,10,9;61,62,63,55,47,39,31,30,29
8,0,211,7;42,43,44,45,37,38,30,22,14;6,7,15,23,31,39;46,54,53,52,51,50,49,41,33,34,35,36,28,29,21,13,12;20,19,27,26,25;47,55,63,62,61,60,59,58,57,56,48,40,32,24,16,8,0;5,4,3,11,10,18,17;2,1,9
8,0,212,9;9,17,16,24,32,40,48,56,57,58,59;42,43,44;14,15,7;28,36,37,45;20,19,27,35,34;6,5,13,12,11,10,18,26,25,33,41,49,50,51,52,60;53,54,46,38,30;4,3,2,1,0,8;61,62,63,55,47,39,31,23,22,21,29
8,0,213,9;62,54,46,38,37,36,35,27,26;13,21,29;23,15,7,6,5,4,12;60,59,58,57,56,48;28,20,19,11,3,2;14,22,30,31,39,47,55,63;1,9,10,18;52,51,50,49,41,40,32,24,16,8,0;17,25,33,34,42,43,44,45,53,61
8,0,214,8;56,48,49,50;32,40,41,42,43,51;53,61,62,63,55,47,39,31,23,15,7,6;17,18,26,34,35;19,27,28,36;45,44,52,60,59,58,57;9,10,11,12,20,21,29,37;54,46,38,30,22,14,13,5,4,3,2,1,0,8,16,24,25,33
8,0,215,9;43,42,34,26,25;14,13,21,20,28,36,44,52,51,50,49,48,40;18,19,27,35;17,9,10,11,12,4,5,6,7,15,23,31,39,38;41,33,32,24,16,8,0,1,2,3;22,30,29;58,57,56;46,47,55,63,62,61,60,59;37,45,53,54
8,0,216,8;55,54,53,52,60,59,58,57,56,48,40,32,24,16,8,9,10,11,12,20,28,36,37,38;61,62,63;39,31,30,29,21;14,13,5,4,3,2,1,0;49,41,33;51,50,42,34,26,25;22,23,15,7,6;47,46,45,44,43,35,27,19,18,17
8,0,217,8;22,30,29,37,36,35;14,13,21;46,45,44,52,51,50,49,41,33,25,26,27,28;62,63,55,47,39,38;2,1,0;34,42,43;31,23,15,7,6,5,4,3,11,10,9,8;12,20,19,18,17,16,24,32,40,48,56,57,58,59,60,61,53,54
8,0,218,9;36,28,20,12,4,3;63,55,47,39,31,23,15,7,6,5,13,21,29,37,45,44,43,35,27;33,41,49,57,56;53,52,51,50,42,34,26,18;0,1,2,10,11,19;8,16,24;9,17,25;58,59,60,61,62,54,46,38,30,22,14;32,40,48
8,0,219,8;34,35,43,51,52,60,61,62,63,55;17,9,10,11,12,13,14,22,30,29;56,57,58,59;45,44,36,28,27,26,25,33,41;18,19,20,21;23,15,7,6,5,4,3,2,1,0,8,16,24,32,40,48,49,50,42;47,46,54,53;37,38,39,31
8,0,220,7;26,18,10,9,8,16;36,28,20,21,22,23;38,46,54,53,52,51,50,49;45,44,43,42,41,40,32,24,25,17;48,56,57,58,59,60,61,62,63,55,47,39,31,30,29,37;33,34,35,27,19,11,12,13,14,15;7,6,5,4,3,2,1,0
8,0,221,7;18,19,20,28,36,35,34,33,41,49;63,55,47,39,31,23,15,7;11,12,13,21,29;27,26,25,17,9,10;46,54,62,61,60;2,1,0,8,16,24,32,40,48,56,57,58,50,42,43,44;3,4,5,6,14,22,30,38,37,45,53,52,51,59
8,0,222,8;21,29,28,27,26;42,34,35,36,37,38,30,22,14,13;63,62,61,60,59,58,57,56,48,40,41;12,20,19,18,10;49,50,51,52,53,54,55;0,8,16,24;43,44,45,46,47,39,31,23,15,7,6,5,4;11,3,2,1,9,17,25,33,32
8,0,223,7;26,34,33,41,40,48,56,57,58,59,60,61,62,63,55,47,39,31,23,15;11,12,20,28,36,44;42,43,35,27,19,18,10;25,17,9,1,0;8,16,24,32;2,3,4,5,13,21,29,37,45;7,6,14,22,30,38,46,54,53,52,51,50,49
8,0,224,7;62,63,55,47,39,31,30,29,28,27,35;7,6,14;45,37,36;5,4,3,2,1,0,8,16,24,32,40,48,56,57,58,59,51,52;15,23,22,21,20,19,18,26,34,42,43,44;13,12,11,10,9,17,25,33,41,49,50;60,61,53,54,46,38
8,0,225,9;33,34,42,43,44;55,63,62,61,53,45,37,36,35;59,58,57,56,48;21,20,19,18,10,9,8;11,12,13,14,22,30,38,46,54;29,28,27,26,25,17;47,39,31,23,15,7,6,5,4,3,2,1,0;16,24,32;40,41,49,50,51,52,60
8,0,226,9;15,23,31;56,57,49,41,42,43,51,52,53,61,62;63,55,54,46,45,44,36,28,20,12,4,3,2,1,0;5,13,21,29,37;17,9,10,11;7,6,14,22,30,38,39,47;60,59,58,50;8,16,24,25,26,18,19;27,35,34,33,32,40,48
8,0,227,7;8,9,17,18,19,11,3,4,5,6,7,15,23,31;10,2,1,0;28,29,21;27,35,36,37,45;16,24,32,40,48,56,57,58,59,60,61,62,63,55,47,39,38,30,22,14,13,12,20;25,33,41,49,50,51,52,53,54,46;26,34,42,43,44
8,0,228,7;60,59,58,57,56,48,40,41,42,43,35,36,28,20;54,46,38,30,31;34,26,18,10,9;17,25,33,32;49,50,51,52,44;24,16,8,0,1,2,3,4,5,6,7,15,23,22,21,29,37,45,53,61,62,63,55,47,39;14,13,12,11,19,27
8,0,229,7;52,44,36,28,20,21,13,14,15,7;31,39,38,46,54,62;23,22,30,29,37,45,53,61,60,59,51,43,35,27,19,11,3,2,1,0,8,16,24,32,40,48;47,55,63;12,4,5,6;17,25,33,41,49;56,57,58,50,42,34,26,18,10,9
8,0,230,6;42,43,35;24,32,40,48,56,57,58,59,60,61,62,63,55,47,39,31,23,15,7,6;26,34,33,41,49,50,51,52,44,45,37,29,21,20,12,11,3;9,10,18,19,27,28,36;53,54,46,38,30,22,14,13,5,4;2,1,0,8,16,17,25
8,0,231,8;5,6,7,15,23,31,30,29,21,20,19,18;46,54,53,52,51;44,45,37,38,39,47,55,63,62,61,60,59,58,57,56,48;35,43,42;40,32,24,25,17,9,10,11;16,8,0,1,2,3,4;36,28,27,26,34,33,41,49,50;12,13,14,22
8,0,232,7;7,15,23,31,39,47,46;6,14,22;45,37,36,35;63,55,54,53,52,44;43,42,34,26,27,28,20,12,11,10,9,8,16,24,32,40,48,56,57,58,59,60,61,62;38,30,29,21,13,5,4,3,2,1,0;51,50,49,41,33,25,17,18,19
8,0,233,7;13,12,20,28,36,44,45;61,62,63,55;30,31,39,47,46,54,53,52,60,59,58,57,49,41,42,34,26,18;38,37,29,21,22,14;56,48,40,32,24,16,8,0;50,51,43,35,27,19,11,10;33,25,17,9,1,2,3,4,5,6,7,15,23
8,0,234,5;35,36,28,20,19;21,29,37,45,44,43,42,34;33,25,17,9,8;27,26,18,10,11,12,13,14,22,30,38,46,54,53,52,51,50,49,41;0,1,2,3,4,5,6,7,15,23,31,39,47,55,63,62,61,60,59,58,57,56,48,40,32,24,16
8,0,235,8;10,11,3;42,34,35;54,53,52;4,12,20,19,18,17,9;2,1,0,8,16,24,32,40,48,56,57,58,59,60,61,62,63,55,47,39,31,23,15,7,6,5;51,43,44,45,46,38,30,22;37,29,21,13,14;50,49,41,33,25,26,27,28,36
8,0,236,9;49,50,51,43,44,45,46;1,9,17,18,19,11;63,62,61,60,59,58,57,56,48;13,21,29;3,2,10;52,53,54,55,47,39,31,23,15,7,6,5,4,12,20,28;14,22,30,38,37,36,35,34,42,41,40;27,26,25,33,32;24,16,8,0
8,0,237,8;48,56,57,58,59,60,61,62,63,55;9,10,11;53,54,46,47,39;19,20,12,13,5;49,50,51,52,44,45;7,15,23,31,30,38,37,36,35,34,33;43,42,41,40,32,24,25;4,3,2,1,0,8,16,17,18,26,27,28,29,21,22,14,6
8,0,238,7;52,53,54,46,38,30,22,14,13,5;42,41,33;50,58,57,56;45,37,29,21;34,26,25,17,9,10,11,12,20,28,36,44,43,51,59,60,61,62,63,55,47,39,31,23,15,7,6;18,19,27,35;4,3,2,1,0,8,16,24,32,40,48,49
8,0,239,8;52,60,59;4,3,2,1,0;5,13,12,11,10,9,8;7,15,23,31,39,47,55,63,62,61,53,45;54,46,38,30,29,28,27,26,25,33;49,41,42,34,35,36,37;44,43,51,50,58,57,56,48,40,32;24,16,17,18,19,20,21,22,14,6
8,0,240,7;31,39,47,55,63,62,61,53;29,37,45,46,54;43,35,27,19,11,12,13,14,22,30,38;52,60,59,58,57,49,41,33,25,17,9,10,2,3,4,5,6,7,15,23;21,20,28,36,44;51,50,42,34,26,18;56,48,40,32,24,16,8,0,1
9,0,241,10;19,20,29,30,31,32;36,37,38,47,56,57,58,67,68;54,63,72,73,74;21,22,23,24,33;0,1,2,3,4,5,6,7,8,17,26,35,44,53,62,71,80,79,78,77,76,75,66,65,64,55,46,45;59,50,49;48,39,40,41,42,51,60;9,10,11,12,13,14,15;28,27,18;16,25,34,43,52,61,70,69
9,0,242,8;14,15,16;60,51,50,41,40,39,30,21,12,3,2,1;4,13,22,31,32,33,42,43,52,61,70,69,68,67,66,65,64,55,46,37,28,19,10,9,0;23,24,25,34;5,6,7,8,17,26,35,44,53,62,71,80,79,78,77;59,58,49,48;57,56,47,38,29,20,11;18,27,36,45,54,63,72,73,74,75,76
9,0,243,7;22,31,40;46,45,54,63,72,73,74,75,76,77,78,79,80,71,62,53,44,35,26,17,8,7,6,5,4,3,2,11,10,19,28,29,30,39,48,49;55,64,65,66,67,68,69,70,61;51,50,41,32,23,14,13,12,21,20;52,43,34,25,16,15;1,0,9,18,27,36,37,38,47,56,57,58,59,60;42,33,24
9,0,244,8;10,19,20,29,38,47,56,65,66,67;34,35,26,17,8,7,6,5,4,3,2,1,0,9,18,27,28,37,46,55,64;16,25,24,33;31,40,41,42,43,52,61,70,79,78;36,45,54,63,72,73,74,75,76,77,68,59,58,57,48,39,30,21,22,23,32;15,14,13,12,11;80,71,62,53,44;69,60,51,50,49
9,0,245,9;45,54,55,64,65,66;19,28,29,38,39,48,57,56;43,34,25,16,15,14,13,12;22,23,24,33,42;47,46,37,36,27,18,9,0,1,2,3,4,5,6,7,8,17,26,35,44,53,52,61,70,69,68,67,76;60,51,50,41,32,31,30,21,20,11,10;63,72,73,74,75;59,58,49,40;77,78,79,80,71,62
9,0,246,9;60,69,70,71,62,53,44,35,26,17;20,29,38,47,56,57,58,49;15,24,33,42,51;37,46,55,64,65,66;50,59,68,67,76,75,74,73,72,63,54,45,36,27,28,19,10,11,12,21,30,39,48;18,9,0,1,2,3,4,13,22,31,40,41;80,79,78,77;61,52,43,34,25,16,7,8;32,23,14,5,6
9,0,247,9;10,11,20,29;32,31,40,39,38,37;35,26,17,8,7,6,5,4,3,2,1,0,9,18,19,28;63,72,73,74,65,56,57,58,59,60;27,36,45,46,47,48,49,50,51,52,61,70,69,68,67,66,75;22,23,24,33,42,41;54,55,64;13,12,21,30;76,77,78,79,80,71,62,53,44,43,34,25,16,15,14
9,0,248,8;16,25,26,35,44,53,52,61,60,59,50,49,40,31,22,13,4;48,39,30,21,20;5,14,23,32,41,42,51;3,2,1,0,9,18,27,36,45,54,63,72,73,74,75,76,77,78,79,80,71,62;58,57,56,47,38,29,28,19,10,11,12;37,46,55,64;17,8,7,6,15,24,33,34,43;65,66,67,68,69,70
9,0,249,10;70,69,60;24,33,32,41,40,49,58,57;42,43,34,25,16,15,14,23;73,64,55,46,45,36,27,18,9,0;28,19,10,11;53,44,35,26,17,8,7,6,5,4,13,22,31,30,39,48,47,56,65,66,67,68;1,2,3,12,21,20,29,38,37;59,50,51,52,61,62,71;80,79,78,77,76,75,74;72,63,54
9,0,250,8;13,14,23,32,41;15,16,25;28,27,36,45,54,63,72,73,74,75,76,77,78,69,70,61,52,43,34,35,26,17,8,7,6,5,4,3,2,1;40,31,22,21,12,11,10,9,0;79,80,71,62,53,44;56,47,48,39,30;24,33,42,51,50,49,58,57,66,65,64,55,46,37,38,29,20,19,18;67,68,59,60
9,0,251,7;6,7,8,17;37,46,55,64,65,66,67,68,69,70,61;0,9,18,27,36,45,54,63,72,73,74,75,76,77,78,79,80,71,62,53,52,51;60,59,58,57,56,47,38,29,28,19,10,1,2,3,4,5,14,23,32,33,34;16,15,24;40,31,22,13,12;25,26,35,44,43,42,41,50,49,48,39,30,21,20,11
9,0,252,7;43,42,41,40,39,38,37,46,55,64;5,4,3,2,1,0,9,18,27,36,45,54,63,72,73,74,75,76,77,78;79,70,69,68,67,66,65,56,47,48,49,50,51,52,53,44,35,34,33,32,31,30,29,20,11,12;26,17,8,7,6,15,14,13,22,21;57,58,59,60,61,62,71,80;16,25,24,23;28,19,10
9,0,253,9;58,59,60,69;32,23,22,21,20,29,38,39,48,49,50,51,52,61,70;30,31,40,41,42,43,44,53,62,71,80,79;14,13,12,11,10,19,28,37,46,47,56,57,66,67,68;16,25,26;7,8,17;73,72,63;78,77,76,75,74,65,64,55,54;45,36,27,18,9,0,1,2,3,4,5,6,15,24,33,34,35
9,0,254,9;17,8,7,6,5,4,3,2,1;69,70,61,52,51,42,41,40,39,38,29,20,11,12,13,14,15,16,25,26,35,44;60,59,50;22,23,24,33,34,43;18,27,36,45,54,55,64,65,66,67,68;56,57,58,49;53,62,71,80,79,78,77,76,75,74,73,72,63;32,31,30,21;48,47,46,37,28,19,10,9,0
9,0,255,10;73,72,63,54,45,36,37,38,29,20,11,12,13,14,5;80,71,62,53,44,43;22,21,30,39,48,47,46,55,64;18,9,0,1,2,3,4;66,67,68;69,60,59,50,41;27,28,19,10;8,7,6,15,24,23,32,31,40,49,58,57,56,65,74,75,76,77,78,79,70,61,52,51,42;17,16,25;33,34,35,26
9,0,256,9;80,79,78;51,50,49,48,57,66,75,74,73,64,55,46,37,28,19,10,11,12,13,14,5,6;30,31,40;29,20,21,22,23,32,41;39,38,47,56,65;77,68,69,70,71,62,53,44,35,26,17,8;4,3,2,1,0,9,18,27,36,45,54,63,72;15,24,33,42;76,67,58,59,60,61,52,43,34,25,16,7
9,0,257,9;80,71,62,53,44,35,26,17,8,7;0,1,10,19,28,37,46,55,64;24,23,22,31,30,39,48;32,41,40,49,58,57,56,47;21,12,13,14;50,59,68,67;65,66,75,76,77,78,79,70,61,52,43,34,25,16,15,6,5,4,3,2,11,20,29,38;74,73,72,63,54,45,36,27,18,9;33,42,51,60,69
9,0,258,7;64,55,56,47,38,29,30,31,32,33,42,51,52,61,62,71,80,79,78;49,58,67,76,75;60,59,50,41,40,39,48,57,66,65,74,73,72,63,54,45,36,27,18,9,0,1,2,3,4,5,6,7,8,17,26,35;14,13,12,11,10;53,44,43,34,25,16,15;70,69,68,77;24,23,22,21,20,19,28,37,46
9,0,259,8;75,76,77,78,79,70,61,52,43,34,33,32;46,55,64,73,74;72,63,54,45,36,27,18,9,0,1,2,3,4,5,6,7,8,17,26,25,24,23,22,31,40,41,50,59;49,58,67,68,69,60,51,42;65,66,57,48,39,30,29,20,11,10;80,71,62,53,44,35;16,15,14,13,12,21;56,47,38,37,28,19
9,0,260,9;9,18,19,20,21,22,31,40,41,50,51,60,61,70;38,47,56,57,58,59,68,69;0,1,10;32,23,24,25,34;49,48,39,30,29,28,27,36,45,54,63,72,73,74,75;12,13,14;8,7,6,5,4,3,2,11;15,16,17,26,35,44,53,62,71,80,79,78,77,76,67,66,65,64,55,46,37;33,42,43,52
9,0,261,8;72,63,54,45,36,37,38,39,30,31,32,41,42,51,60,69,78,77;18,27,28,29,20,21,22,23,24,33,34,43,52,61,70,79,80;66,65,64,55,46,47;56,57,48,49,40;71,62,53,44,35,26,17,8,7,6,5,4,3,2,1,0,9;19,10,11,12,13,14,15,16,25;50,59,68;58,67,76,75,74,73
9,0,262,9;1,2,3,4,13;20,19,18,27;46,47,48;5,6,7,8,17,26,35,44,43,52,61,70,69,68,67,66,65;14,15,16,25,34,33,42,51,60,59,58,57,56,55,64;38,39,40,49;53,62,71,80,79,78,77,76,75,74,73,72,63,54,45,36,37,28,29,30,21,12,11,10,9,0;22,23,24;50,41,32,31
9,0,263,9;48,47,56;19,20,21,22,23,24;51,52,61,62,71,80,79,78,77;59,68,67,76,75,74,73,72,63,54,45,36;70,69,60;10,11,12,13,14,15,16,25,34;33,32,31,30,29,28,27,18,9,0,1,2,3,4,5,6,7,8,17,26,35;50,49,58,57,66,65,64;55,46,37,38,39,40,41,42,43,44,53
9,0,264,8;70,69,60;21,20,29,38,47,46;64,55,56,57,48,39,30,31,32,33,42;27,18,9,0,1,2,3,4,5,14,15,16,17,26,35,44,53,52;6,7,8;51,50,59,68,77,76,75,74,73,72,63,54,45,36,37,28,19,10,11,12,13,22,23,24,25,34,43;61,62,71,80,79,78;65,66,67,58,49,40,41
9,0,265,10;17,16,25,24,23;43,34,33,32,31,22,21,20;60,59,50,49,48,47,46;29,38,37;68,69,70,61;18,9,0,1,2,3,4,5;44,35,26;65,66,75;74,73,64,55,56,57,58,67,76,77,78,79,80,71,62,53,52,51,42,41,40,39,30;8,7,6,15,14,13,12,11,10,19,28,27,36,45,54,63,72
9,0,266,9;5,14,23,22,31,30;77,76,75,74,73,64,55,56;46,37,28,19,10,11;70,61,52,43,34,25,16;72,63,54,45,36,27,18,9,0,1,2,3,4;42,51,60,69,78,79,80,71,62,53,44,35,26,17;68,67,58,49,40,39;65,66,57,48,47,38,29,20,21,12,13;8,7,6,15,24,33,32,41,50,59
9,0,267,10;10,19,20,29,30,39;67,66,65,64,63,54;12,3,4,5;72,73,74,75,76,77,68,69,70,61,52,43,42;28,37,38,47,48,49,40,31;59,58,57,56,55,46,45,36,27,18,9,0,1,2,11;78,79,80,71,62,53,44;60,51,50,41,32,33,34,35,26,17,8,7,6,15,14;13,22,21;23,24,25,16
9,0,268,7;40,41,42,33;14,13,22,21,20,29,38,47,56,57,58,67,68;59,50,49,48,39,30,31,32,23,24,15,16,7,8;12,11,10,19,28,37,46,55,64,65,66;70,69,60,51,52,43,34,25,26,17;53,44,35;6,5,4,3,2,1,0,9,18,27,36,45,54,63,72,73,74,75,76,77,78,79,80,71,62,61
9,0,269,10;56,57,58,59;22,23,32,41,42,43,52,61,70;20,21,30,39,48;78,79,80,71,62,53,44,35,34;60,69,68,77;16,15,14,13,12,11,10,19;2,1,0,9,18,27,28,29,38,47,46,55,64,65,66,67;51,50,49,40,31;33,24,25,26,17,8,7,6,5,4,3;76,75,74,73,72,63,54,45,36,37
9,0,270,9;10,11,12,13,14,15,16,25,34,43,52;80,71,70,69,68,59,50,41,32;56,57,48;79,78,77,76,75;18,9,0,1,2,3,4,5,6,7,8,17,26,35,44,53,62,61,60;73,64,55,46,47,38,29,28,27;19,20,21,30,39,40,49,58,67,66,65,74;72,63,54,45,36,37;51,42,33,24,23,22,31
9,0,271,9;56,47,48,49,58,59,60,51,42,43;65,64,55,46,45,36,27,18,9,10;0,1,2,3,4,5,6;29,30,21,22,23,24,25,26,17;54,63,72,73,74,75,76,77,78,69,70,61,52;79,80,71,62,53,44,35,34,33,32,41,50;37,28,19,20,11,12,13,14,15,16,7,8;57,66,67,68;31,40,39,38
9,0,272,10;50,49,58,67,76,75,74,73,72,63,54,45,36,27,18,9,0,1,2;11,20,21,30,31,32,33,24;15,6,7,8,17;12,13,22;77,78,79,80,71,62,53,44,35,26;68,59,60,51,42;29,38,47,56;41,40,39,48,57,66,65,64,55,46,37,28,19,10;23,14,5,4,3;69,70,61,52,43,34,25,16
9,0,273,10;73,74,75,66,57,56;21,12,11,10;37,38,39,40,41,50,59,68,69,70,61,52,43,34,25,16;32,33,42,51,60;13,4,3,2;65,64,63,72;45,36,27,28;5,14,23,22,31,30,29,20,19,18,9,0,1;24,15,6,7,8;54,55,46,47,48,49,58,67,76,77,78,79,80,71,62,53,44,35,26,17
9,0,274,7;28,29,20,11,10,9,0;60,59,58,57,56,47,38,39,30,21,12,3,2,1;15,14,23,22,31,40,49,48;45,54,63,72,73,74,75,76,77,78,79,80,71,62,53,44,43,42;13,4,5,6,7,8,17,26,35,34;50,41,32,33,24,25,16;51,52,61,70,69,68,67,66,65,64,55,46,37,36,27,18,19
9,0,275,7;40,39,38,37,36,27,18,9,0;20,11,12,13,14,23;65,66,67,68,69,70,61,52,43,34,25,16;22,21,30,29,28,19;10,1,2,3,4,5,6,15,24,33,42,51,60,59,58,57,56,55,64,73;31,32,41,50,49,48,47,46,45,54,63,72;74,75,76,77,78,79,80,71,62,53,44,35,26,17,8,7
9,0,276,9;19,28,37,38,47,56,65,66,67,68,69,70,61,52,51,50,41,32,23,14;15,24,33,42;8,7,16,25,34,43,44,53,62,71,80,79,78,77,76,75,74,73,64,55,46;72,63,54,45,36,27,18,9,0,1,2;40,31,22,13,4,5,6;10,11,20,29;49,58,59,60;35,26,17;3,12,21,30,39,48,57
9,0,277,10;39,30,21,20,19,28;62,53,44,35,26,17,8;79,78,69,60,51,50,41,32;80,71,70,61,52,43,34;42,33,24,15,14;23,22,31,40,49,48,47,56;67,66,65,64,55,46,37,38,29;25,16,7,6,5,4;11,10,9,18,27,36,45,54,63,72,73,74,75,76,77,68,59,58,57;13,12,3,2,1,0
9,0,278,10;11,10,19,28,37,46,55,64;40,31,22;26,17,8,7,6,5,4;43,52,61;73,72,63,54,45,36,27,18,9,0,1,2,3,12;20,29,38,47,56,65,74,75,76,77,78,79,80,71,62,53,44,35,34,25,16,15,14,13;66,67,68;41,32,23;24,33,42,51,50,49;21,30,39,48,57,58,59,60,69,70
9,0,279,8;40,41,42,33,24,23;56,47,48,39,30,31,32;18,9,0,1,2,3,4,5,6,7,8,17,26,25,34,43,52,61,70,69,68,59;57,58,49,50,51,60;76,67,66,65,64,55,46,37,38,29,20;22,21,12,11,10,19,28,27,36,45,54,63,72,73,74,75;13,14,15,16;77,78,79,80,71,62,53,44,35
9,0,280,10;7,16,25,34,43,44;39,30,21,12,13,14,23,32,41,50,59,68,69,70;58,67,66,65;79,78,77,76,75,74,73,64,55,56,57,48,49,40,31,22;53,52,51,42,33,24,15,6;46,37,28,19,10;3,4,5;60,61,62,71,80;47,38,29,20,11,2,1,0,9,18,27,36,45,54,63,72;8,17,26,35
9,0,281,9;60,51,42,33,34,35,26,17,8,7,6,5,4,3,2,1,10,19,28,37,36;44,53,62,71,80,79,78,77,76,75,74;25,16,15,14,13,22,21,30,39,48;49,40,31,32,23,24;27,18,9,0;73,64,65,66,67,68,69,70,61,52,43;55,46,47,38,29,20,11,12;72,63,54,45;56,57,58,59,50,41
9,0,282,8;53,62,71,80,79,78,77,76,75;40,49,50,51,60;20,21,30,39,48,57,58,59,68,69,70,61,52;33,24,23,14,13,12,11,10,19,28;29,38,37,46;67,66,65,74,73,72,63,54,45,36,27,18,9,0,1,2,3,4,5,6,15,16,25,34;22,31,32,41,42,43,44,35,26,17,8,7;47,56,55,64
9,0,283,8;16,25,24,23,32,31,40,49,58,57;63,64,65,66,67,68;30,39,48;80,79,70,61,52,51,42,33,34,35,26,17,8,7,6,5,4,3,2,1,0,9,18,27;22,21,20,29,38,47,46;71,62,53,44,43;41,50,59,60,69,78,77,76,75,74,73,72;56,55,54,45,36,37,28,19,10,11,12,13,14,15
9,0,284,7;20,11,12,13,14,15,16;32,33,34,35,44,53,62,71,80,79,78,77,76,75,74,73,72,63,54,45,36,27,18;60,59,58,57,56,47;0,1,2,3,4,5,6,7,8,17,26,25;38,37,46,55,64,65,66,67,68,69,70,61,52,43,42,41,40,31,22,23,24;51,50,49,48,39,30,21;29,28,19,10,9
9,0,285,9;40,39,38,47,56,65,66;4,13,14,23,24,25,16,7;33,34,43,52,61,70,69,68;77,78,79,80,71,62,53,44,35,26,17,8;5,6,15;22,21,12,3,2,1,0;10,19,28,37,46,55,64,73,74,75,76,67,58,59,60,51,42;9,18,27,36,45,54,63,72;57,48,49,50,41,32,31,30,29,20,11
9,0,286,9;17,8,7,6,5,4,3;48,57,58,59;72,63,54,45,36,27,18;77,68,67,66,65,56,47,38,39,40,49,50,51,60,61,62,71,80,79;0,9,10,19,20,21,22,23,24,33,34,35,44,53;70,69,78;46,37,28,29,30,31,32,41,42,43,52;1,2,11,12,13,14,15,16,25,26;76,75,74,73,64,55
9,0,287,8;27,28,19,20,21,22,23,24,33,42,43,52,61,70,69,68,67,66,65,64;18,9,0,1,2,3,4,5,6,7,8,17,26,35,44;50,41,40,39,48,47,46,45;32,31,30;29,38,37,36;53,62,71,80,79,78,77,76,75,74,73,72,63,54,55,56,57;49,58,59,60,51;10,11,12,13,14,15,16,25,34
9,0,288,9;29,30,31,40;8,7,6,5,4,3,2,1,0,9,18,19,20,21,22,23,24,25,26,35,44,53,52,61,70,69,68,67,66,75,74,73,72;34,43,42,51,60,59,58,57,56,65;33,32,41,50;36,45,54,63;10,11,12,13,14,15,16,17;62,71,80,79,78,77,76;49,48,47,46,55,64;39,38,37,28,27
9,0,289,7;8,7,6,5,4,3,2,1,0,9,18,27,36,45,54,63,72,73,74,75,76,77,78,79;50,59,60;70,69,68,67,66,65,64,55,46,37,28,19,10,11,12,21;33,42,51;48,39,40,41,32,23,24,25,34,43,52,61,62,71,80;20,29,38,47,56,57,58,49;53,44,35,26,17,16,15,14,13,22,31,30
9,0,290,10;60,59,68,67;24,33,32,41,40,39,38,37,46,45,54,63,72,73,74,75,76,77,78,69;10,11,20;48,47,56,55,64;35,44,43,42,51,50,49,58,57,66,65;36,27,28,29,30,31,22,23,14,15,16;21,12,3,2,1,0,9,18,19;53,62,71,80,79;13,4,5,6,7,8,17,26,25,34;52,61,70
9,0,291,10;80,71,70,69;28,37,38,39,48,57,66,65,64,63,54;15,24,33,42;55,56,47;10,19,20,29,30,31,40,49,58,67,76,75,74,73,72;79,78,77,68,59,60,61,62,53,44,35,26,17,8;18,27,36,45,46;11,12,21,22,23,32,41,50,51;13,4,3,2,1,0,9;52,43,34,25,16,7,6,5,14
9,0,292,8;22,23,32,41,40,49,48,57,56,65,64,63,72;31,30,39;45,36,27,18,9,0,1,2,3,4,5,6,7,8,17,26,35;50,59,60;73,74,75,66;54,55,46,37,28,19,10,11;47,38,29,20,21,12,13,14,15,24,33,42,51,52,61,70,69,68;58,67,76,77,78,79,80,71,62,53,44,43,34,25,16
9,0,293,9;32,23,14,13,12,11,10;16,15,24,33;25,34,43,52,61,70,69,68,67,66,57;31,40,41,50;1,2,3,4,5,6,7,8,17,26,35;37,46,55,64,73,72;44,53,62,71,80,79,78,77,76,75,74,65,56,47,38,29,20,19,18,9,0;28,27,36,45,54,63;42,51,60,59,58,49,48,39,30,21,22
9,0,294,8;55,54,45,36,27;7,16,25,34,43,52,61,70,69,68,67,66;14,13,4,3,2,1,0;63,72,73,74,75,76,77,78,79,80,71,62,53,44,35,26,17,8;9,10,11,12,21,30;64,65,56,57,58,59,60,51,42;20,29,38,39,40,31,22,23;5,6,15,24,33,32,41,50,49,48,47,46,37,28,19,18
9,0,295,8;50,41,32,31,22,21,20,11;5,4,3,2,1,0,9,18,27,36,45;23,24,15;33,42,51,60,59,58,49,40,39;30,29,38,47,56,65,64;10,19,28,37,46,55,54,63,72,73,74,75,76,77,78,79,80,71,62,53,44,35,26,17,8;12,13,14;48,57,66,67,68,69,70,61,52,43,34,25,16,7,6
9,0,296,7;80,79,78,77,76,75,74,65,56,47,38,29,30,31,32;35,44,53,52,51,50;20,21,22,23,24,33,42,41,40,39,48,57,66,67,68,69,70;73,72,63,54,45,36,27,18,9,0,1,2,3,4,5,6,7,8;71,62,61,60,59,58,49;26,17,16,15,14,13,12,11,10,19,28,37,46,55,64;25,34,43
9,0,297,8;66,67,68,69,70,61,62,53;16,25,34;63,54,45,36,37,38,39,40,31;42,33,24,15,6,7,8;0,9,18,27,28,29,30,21,22,23,32,41,50,49,48,47,46,55,64,73,72;5,14,13,12,11,20,19;71,80,79,78,77,76,75,74,65,56,57,58,59,60,51,52,43,44,35,26,17;4,3,2,1,10
9,0,298,7;32,23,22,21,20;54,55,64;8,7,6,5,4,3,2,1,0,9,18,27,36,37,38,39,48,57;25,24,33,42,41,50,59,68,77,76,75,74,73,72,63;44,53,62,61,70;45,46,47,56,65;66,67,58,49,40,31,30,29,28,19,10,11,12,13,14,15,16,17,26,35,34,43,52,51,60,69,78,79,80,71
9,0,299,8;14,23,24,33;56,57,66,75;40,39,30,21,12,3,2,1,10,19,28,37,46,55,64,65,74;70,69,68,59,50;5,6,15,16,25,34,43,52,61;60,51,42,41,32,31,22,13,4;7,8,17,26,35,44,53,62,71,80,79,78,77,76,67,58,49,48,47,38,29,20,11;73,72,63,54,45,36,27,18,9,0
9,0,300,7;18,9,0;11,12,13,14,15,16,25,34,43,52,61,70,69;75,76,67,58,49,40,39,38,37,46,55;3,4,5,6,7,8,17,26,35,44,53,62,71,80,79,78,77,68,59,50,41,32,31,30,29,28,27,36,45,54,63,72,73,74;47,56,65,64;60,51,42,33,24,23,22,21,20,19,10,1,2;66,57,48
