10:12,0,1,7,,,1|11:2|12:3|13:4|14:5|15:6|16:7|17:8|18;119,118,117,116,115,114,113,112,102,92,82,72,62,61,51;34,35,45,55,65,75,85,95,105,104,103,93,83,73,63,53,52,42,32,22,23;109,108,107,106,96,86,76,66,56,46,36,26,25,24;110,111,101,91,81,71,70,60,50,40,30,20,10,0,1,2,3,4,5,6,7,8,9,19,29,39,49,59,69,79,89,99,98,97,87,77,67,57,47,37,27;100,90,80;88,78,68,58,48,38,28,18,17,16,15,14,13,12,11,21,31,41;33,43,44,54,64,74,84,94
10:12,0,2,6,,,11|21:12|22:13|23:14|24:15|25:16|26:17|27:18|28;0,1,2,3,4,5,6,7,8,9,19,29,39,49,59,69,79,89,99,109,108,107,106,105,104,103,102,101,91,81,71,61,51,41,42,43;63,64,65,55,45,35;18,17,16,15,14,13,12,11,10,20,21,22,23,24,25,26,27,28,38,48,58,68,78,88,98,97,96,95,94,93,92,82,72,62,52;46,56,66,76,75,74,73;36,37,47,57,67,77,87,86,85,84,83;53,54,44,34,33,32,31,30,40,50,60,70,80,90,100,110,111,112,113,114,115,116,117,118,119
10:12,0,3,8,,,21|31:22|32:23|33:24|34:25|35:26|36:27|37:28|38;103,102,101,91,81,82,72,62,52;37,47,57,67,77,76,75,85,95,96,97,98,108;60,50,40;86,87,88,78,68,58,48,38;17,16,15,14,13,12,11,21,20,30,31,32,33,34,35,36,46,56,55,54,53,63,73,83,93,92;45,44,43,42,41,51,61,71,70,80,90,100,110,111,112,113,114,115,116;66,65,64,74,84,94,104,105,106,107,117,118,119,109,99,89,79,69,59,49,39,29,19,9;10,0,1,2,3,4,5,6,7,8,18,28,27,26,25,24,23,22
10:12,0,4,6,,,31|41:32|42:33|43:34|44:35|45:36|46:37|47:38|48;84,83,82,81,91,101,102,103;41,51,52,53,54,55,56,57,67,77,87,97,96,95,85;32,22,23,24,25,26,27,28,29,19,9,8,7,6,5,4,3,2,1,0,10,20,30,40,50,60,61,62,63,64,65,66,76,86;92,93,94,104,105,106,107,108,98,88,78,68,58,48,47,46,45,44,43,42;75,74,73,72,71,70,80,90,100,110,111,112,113,114,115,116,117,118,119,109,99,89,79,69,59,49,39,38,37,36,35,34,33;31,21,11,12,13,14,15,16,17,18
10:12,0,5,6,,,41|51:42|52:43|53:44|54:45|55:46|56:47|57:48|58;60,70,80,90,100,101,102,92,93,83,84,85,86,76;114,115,116,117,118,119,109,99,89,79,69,59,49,39,29,19,9,8,7,6,5,15,14,13,12,11,21;4,3,2,1,0,10,20,30,31,32,22,23,24,25,26,16,17,18,28,38,48,47,46,45,44;94,95,96,97,87,77,67,66,65,75,74,73,72,82;64,63,62,61,71,81,91;110,111,112,113,103,104,105,106,107,108,98,88,78,68,58,57,56,55,54,53,52,51,50,40,41,42,43,33,34,35,36,37,27
10:12,0,6,6,,,51|61:52|62:53|63:54|64:55|65:56|66:57|67:58|68;8,7,6,5,4,3,2,1,0,10,20,30,40,50,60,61,62,63,64,65,66,67,68,78,88,98,108,107,106,105,104,94,93;18,17,27,26,25,24,23,22,32,42,43,44,45,46,47,48,49,39;112,111,110,100,90,80,70,71,72,73,74,75,76,86;33,34,35,36,37,38,28,29,19,9;77,87,97,96,95,85,84,83,82,81,91,101;16,15,14,13,12,11,21,31,41,51,52,53,54,55,56,57,58,59,69,79,89,99,109,119,118,117,116,115,114,113,103,102,92
10:12,0,7,8,,,61|71:62|72:63|73:64|74:65|75:66|76:67|77:68|78;90,91,101,102,103,104,105,106,107,97,87,86,85,84,83,73,72,71,70,60,61,51,52,42,32,22,23;119,109,99,89,79,69,68,67,66,65,64,54,44,45,35,25,15,14,13,12,11,21,31,41,40,50;100,110,111,112,113,114,115,116,117,118,108,98,88,78,77,76,75,74;37,27,17,7,8,9;62,63,53,43,33,34,24;19,29,39,49,59,58,57,56,55;80,81,82,92,93,94,95,96;30,20,10,0,1,2,3,4,5,6,16,26,36,46,47,48,38,28,18
10:12,0,8,8,,,71|81:72|82:73|83:74|84:75|85:76|86:77|87:78|88;116,115,114,113,112,111,110,100,90,80,70,71,72,73,74,75,76,77,78,68,58,57,56,55,54,44,34;11,21,31,41,51,52,53,43,33,23,24,14,15,16,17;108,98,88,87,86,85,84,83,82,81,91,101,102,103,104,105,106;2,1,0,10,20,30,40,50,60,61,62,63,64,65,66,67;42,32,22,12,13,3,4,5,6,7,8,9,19,29,39,38,37,36;119,118,117,107,97,96,95,94,93,92;46,47,48,49,59,69,79,89,99,109;18,28,27,26,25,35,45
10:12,0,9,8,,,81|91:82|92:83|93:84|94:85|95:86|96:87|97:88|98;46,45,44,34,33,32,31,30,20,10,0;11,21,22,23,24,25,35,36;50,40,41,42,52,62,72,73,74,75,76,77,78,79,69,59,49,39,29,19,9,8,7,6,5,4,3,2,1;92,93,94,95,96,97,98,108,118,117,116,115,114,113,112,111,110,100;17,18,28,38,48,58,68,67,66,65,64,63,53,43;60,70,80,90,91,101,102,103,104,105,106,107;51,61,71,81,82,83,84,85,86,87,88,89,99,109,119;12,13,14,15,16,26,27,37,47,57,56,55,54
10:12,0,10,6,,,91|101:92|102:93|103:94|104:95|105:96|106:97|107:98|108;108,107,106,105,104,103,102,101,100,90,80,70,60,50,51,52,53,54,55,56,46,36,26,25,24,23,22;13,14,4,5,6,7,8,18,28,38,48,58,68,78,77,76,75,74,73,63,62,61,71,81,91,92,93,94,95,96,97,98,99,109,119,118,117,116,115,114,113,112,111,110;45,35,34,33,32,31,21,11,12;3,2,1,0,10,20,30,40,41,42,43,44;72,82,83,84,85,86,87,88,89,79,69,59,49,39,29,19,9;15,16,17,27,37,47,57,67,66,65,64
11:13,0,11,7,,,122|133:123|134:124|135:125|136:126|137:127|138:128|139:129|140:130|141;90,79,78,77,66,55,44,33,22,11,0;80,91,102,101,100,89;88,99,110,111,112,113,114,103,92,81,70,69,68,67,56,45,34,23;6,5,4,15,26,37,38,39,40,51,62,73,84,95,106,105,104,93,82,71,60,59,58,57,46,35,24,13,12,1;127,128,129,130,119,108,97,86,75,64,53,42,31,20,19,18,17,16;27,28,29,30,41,52,63,74,85,96,107,118,117,116,115,126,125,124,123,122,121,132,133,134,135,136,137,138,139,140,141,142,131,120,109,98,87,76,65,54,43,32,21,10,9,8,7;2,3,14,25,36,47,48,49,50,61,72,83,94
11:13,0,12,6,,,111|122:112|123:113|124:114|125:115|126:116|127:117|128:118|129:119|130;24,35,46,57,68,79,90,101,112,113,114,115,116,117,118,119,120,131,130,129,128,127,126,125,124,123,122;142,141,140,139,138,137,136,135,134,133,132,121,110,111,100,89,78,67,56,45,34,23,12,13,14,25;72,73,62,51,40,29,30,31,32,21;20,19,18,17,28,39,50,61,60,71,82,83,84,85,74,63,52,41,42,43,54,65,76,87,98,109,108,107,106,105,104,103,102,91,80,69,58,47,36,37,26,15,4,3,2,1,0,11,22,33,44,55,66,77,88,99;10,9,8,7,6,5,16,27,38,49,48,59,70;81,92,93,94,95,96,97,86,75,64,53
11:13,0,13,7,,,100|111:101|112:102|113:103|114:104|115:105|116:106|117:107|118:108|119;45,46,35,36,37,38,39,50,61,72,71,82,81,80,79,78,89,100,101,102,103,104,105,106,107,108,97,86,75,64,53,42,31,20,9,8,7,6,5,4,3,2,1,0,11;24,25,26,27,28,29,40,51,62,73,84,83,94,93,92,91,90;49,60,59,70,69,68,67,66,77,88,99,110,121,132;95,96,85,74,63,52,41,30,19,18,17,16,15,14,13,12,23,22;10,21,32,43,54,65,76,87,98,109,120,119,130,129,128,127,126,125,124,123;118,117,116,115,114,113,112,111,122,133,134,135,136,137,138,139,140,141,142,131;34,33,44,55,56,57,58,47,48
11:13,0,14,6,,,89|100:90|101:91|102:92|103:93|104:94|105:95|106:96|107:97|108;18,17,16,15,14,13,12,23,34,45,56,67,78,89,90,91,92,93,94,95;96,85,84,83,82,81,80,79,68,57,46,35,24,25,26,27,28,29,30,19,8,7,6,5,4,3,2,1,0,11,22,33,44,55,66,77,88,99,100,101,102,103,104,105,106,107,108,119,130,129,128,127,126,125,124,123,122;49,50,51,52,53,54,43,32,21;118,117,116,115,114,113,112,111,110,121,132;97,86,75,74,73,72,71,70,69,58,47,36,37,38,39,40,41,42,31,20,9,10;133,134,135,136,137,138,139,140,141,142,131,120,109,98,87,76,65,64,63,62,61,60,59,48
11:13,0,15,8,,,78|89:79|90:80|91:81|92:82|93:83|94:84|95:85|96:86|97;97,108,119,130,129,128,127,126,115,114;70,69,68,67,66,55,44,33,22,11,0,1,2,3,4,5,6,7,8,9,10,21,32,43,54,65,64;106,95,94,93,92,91,90,89,100,111,122,133;125,124,113;132,121,110,99,88,77,78,79,80,81,82,71,60,59,58,57,56,45,34,23,12,13,14,15,16,17,18,19,20,31,42,53;29,30,41,52,63,74,75,76,87,98,109,120,131,142,141,140,139,138,137,136,135,134,123,112,101,102,103,104,105,116,117,118,107,96;73,62,51,40,39,28,27,26,25,24,35,46,47,48;36,37,38,49,50,61,72,83,84,85,86
11:13,0,16,7,,,67|78:68|79:69|80:70|81:71|82:72|83:73|84:74|85:75|86;20,19,18,17,16,15,14,13,12,11,22,33,44,55,66,77,88,99,110,121,132,133,134,135,136,137,138,139,140,129,118,117,116,115,114,113,112,101;0,1,2,3,4,5,6,7,8,9,10,21,32,43,54,65,64,63,62,61,60,49,48,47,46,57;141,142,131,120,109,98,97,96,95,94,93,92;58,59,70,71,72,73,74,75,76,87,86,85,84,83,82,81,80,79,78,89,100,111,122,123,124,125,126,127,128;50,51,52,53,42,31,30,29,28,27,26,25,24,23;69,68,67,56,45,34,35,36,37,38,39,40,41;90,91,102,103,104,105,106,107,108,119,130
11:13,0,17,8,,,56|67:57|68:58|69:59|70:60|71:61|72:62|73:63|74:64|75;28,17,16,15,14,13,12,23,34,45,56,57;67,78,89,100,111,122,123,124,125,126,115,104;49,50,51,52,41,30,19,8,9,10,21,32,43,54,65,76,87,98,109,120,131,142,141,140,139,138,127,116,105,94,93,92,103,114;113,102,91,80,81,82,83,84,85,96,107;112,101,90,79,68,69,70,71,72,73,74,75,86,97,108,119,118;58,47,46,35,24,25,26,27,38,39,40,29,18,7,6,5,4,3,2,1,0,11,22,33,44,55,66,77,88,99,110,121,132,133,134,135,136,137;36,37,48,59,60,61,62,63,64,53,42,31,20;130,129,128,117,106,95
11:13,0,18,7,,,45|56:46|57:47|58:48|59:49|60:50|61:51|62:52|63:53|64;14,13,12,23,34,35,36,37,38,27,28,29,30,41;96,85,74,75,76,87,98,109,120,131,142,141,140,139,138,137,136,135,134,133,132,121,110,99,88,77,66,55,44,45,46,47,48,49,50,39,40;33,22,11,0,1,2,3,4,5,6,7,8,9,10,21,32,43,54,65,64,63,62,73,84,95,94,93,92;107,106,105,104,103,102,91,80,81,82,83,72,61;59,58,57,56,67,78,89,100,111,122,123,124,125,126,127,128,129,130,119,108,97,86;118,117,116,115,114,113,112,101,90,79,68,69,70,71,60;51,52,53,42,31,20,19,18,17,16,15,26,25,24
11:13,0,19,10,,,34|45:35|46:36|47:37|48:38|49:39|50:40|51:41|52:42|53;117,106,105,94,83,82;142,131,120,109,98,87,76,75,64,53,52,51,50,49,48,47,46,45;132,121,110,99,88,77,66,67,68,79,90,101,112;12,13,14,15,16,17,18,19,20,31,42,41;65,54,43,32,21,10,9,8,7,6,5,4,3,2,1,0,11,22,23,24,25,26,27,28;116,127,128,129,118,107,96,95,84,73,72,71,70,69,80,91,102,103;81,92,93,104,115,114,125,136,135,134,133;126,137,138,139,140,141,130,119,108,97,86,85,74,63,62,61,60,59,58,57,56,55,44,33,34,35,36,37,38,39;113,124,123,122,111,100,89,78;40,29,30
11:13,0,20,10,,,23|34:24|35:25|36:26|37:27|38:28|39:29|40:30|41:31|42;51,40,41,42,53,64,75,74,73,72,71,82;93,92,81,80,79,90,101,112,113,114,115;118,117,116,127,126,125,124,123,122,111,100,89,78,67,68,69,70,59;19,18,17,16,15,14,13,12,23,22,33,44,45,56,57,58,47,36,37,38,39,50;11,0,1,2,3,4,5,6,7,8,9,20,31,30,29,28,27,26,25,24;106,107,108,119,130,129,128;95,96,97,98,109,120,131,142,141,140,139,138,137,136,135,134,133,132,121,110,99,88,77,66,55;10,21,32,43,54,65,76,87,86,85,84,83,94,105,104,103,102,91;52,63,62,61,60,49,48;46,35,34
12:14,0,21,8,,,25|37:26|38:27|39:28|40:29|41:30|42:31|43:32|44:33|45:34|46;104,103,91,79,78,77,76,75,74,73,72,60,48;92,80,68,67,66,65,64,63,62,61,49;11,23,35,47,59,71,83,95,107,119,131,143,142,141,140,139,138,137,125,113,101,100,99,98,97,109,121,133,145;167,155,154,153,152,151,150,149,148,136,124,112,111;166,165,164,163,162,161,160,159,147,135,123,122,110;126,127,128,129,130,118,106,94,82,70,58,46,45,44,43,42,41,40,39;21,20,19,18,17,16,15,14,13,12,24,36,37,38,50,51,52,53,54,55,56,57,69,81,93,105,117,116,115,114,102,90,89,88,87,86,85,84,96,108,120,132,144,156,157,158,146,134;0,1,2,3,4,5,6,7,8,9,10,22,34,33,32,31,30,29,28,27,26,25
12:14,0,22,8,,,13|25:14|26:15|27:16|28:17|29:18|30:19|31:20|32:21|33:22|34;138,137,136,135,134,122,110,98,86,74,62,50,38;39,51,63,75,87,99,111,112,113,114,115,103,91,79,80,81,69,57,45,33,34;101,89,77,65,53,54,55,43,31,30,29,28,27,26,25,37,49,61,73,85,97,109,121,133,145,146,147,148,149,150,151,139,140,141,129,117,118,119,131,143,155,167,166,165;59,71,83,95,107,106,105,104,116,128,127,126,125,124,123;42,41,40,52,64,76,88,100;0,1,2,3,4,5,6,7,8,9,10,11,23,35,47,46,58,70,82,94,93,92;22,21,20,19,18,17,16,15,14,13,12,24,36,48,60,72,84,96,108,120,132,144,156,157,158,159,160,161,162,163,164,152,153,154,142,130;102,90,78,66,67,68,56,44,32
12:14,0,23,9,,,1|13:2|14:3|15:4|16:5|17:6|18:7|19:8|20:9|21:10|22;64,63,75,87,99,111,110,122,134,146,158;151,152,153,154,142,130,118,106,94,82,70,58,57,56,68,67,79,91,103,102,101,100,88,76,77;69,81,80,92,104,116,115,114,113,112,124,123,135,147,159;46,34,22,21,20,32,31,30,29,28,27,26,25,24,36,48,60,72;149,150,138,139,140,141,129,117,105,93;128,127,126,125,137,136,148,160,161,162,163,164,165,166,167,155,143,131,119,107,95,83,71,59,47,35,23,11,10,9,8,7,6,5,4,3,2,1,0,12,13,14,15,16,17,18,19;65,53,52,51,50,62,74,86,98,97,109,121,133,145,157;89,90,78,66,54,55,43,44,45,33;156,144,132,120,108,96,84,85,73,61,49,37,38,39,40,41,42
12:14,0,24,7,,,13|25:14|26:15|27:16|28:17|29:18|30:19|31:20|32:21|33:22|34;144,156,157,158,159,160,161,162,163,164,165,166,167,155,143,131,119,107,106,105,104,103,102,101;137,136,135,134,122,121,109,97,85,73,61,49,50,51,52,53,54,55,56,44,32,31,30,29,28,27,26,25,24,12,0,1,2,3,4,5,6,7,8,9,10,11;47,59,71,83,95,94,93,92,91,90,89,88;46,58,70,82,81,80,79,78,77;63,62,74,86,98,110,111,123,124,125,126,138,139,140,128,116,117,118,130,142,154;129,141,153,152,151,150,149,148,147,146,145,133,132,120,108,96,84,72,60,48,36,37,38,39,40,41,42,43;13,14,15,16,17,18,19,20,21,22,23,35,34,33,45,57,69,68,67,66,65,64,76,75,87,99,100,112,113,114,115,127
12:14,0,25,9,,,25|37:26|38:27|39:28|40:29|41:30|42:31|43:32|44:33|45:34|46;33,32,31,30,29,28,27,26,25,13,1,2,3,4,5,6,7,8,9,10,11,23;98,97,96,108,120,132,144,156,157,158,159,160,161,162,163,164,165,166,167,155,143,131,119,107,95,83,71,59,58,57,56,55,67;129,130,142,154,153,152,151,150,149,148,147,146,145,133,121,109;51,52,53,54,42,43,44,45,46,47,35,34,22,21,20,19,18,17,16,15,14;66,78,79,80,68,69,70,82,94,106,118,117,116,128,127,126,125;89,77,65,64,63,62,50;41,40,39,38,37,49,61,73,74,75,76,88,100,101,102,90,91,92,93,81;105,104,103,115,114,113,112,124,123;0,12,24,36,48,60,72,84,85,86,87,99,111,110,122,134,135,136,137,138,139,140,141
12:14,0,26,9,,,37|49:38|50:39|51:40|52:41|53:42|54:43|55:44|56:45|57:46|58;157,158,159,160,161,162,163,164,165,166,167,155,143,131,119,107,106,94,82,81,80,79,78;15,16,17,18,19,20,21,22,23,35,47,59,58,57,56,55,54,53,52,51,50,49,61,73,85;156,144,145,146,147,148,149,150,138,126,114,115;11,10,9,8,7,6,5,4,3,2,14,26,27,28,29,30,31,32,33,34;0,12,24,36,48,60,72,84,96,108,109,121,122,123,124,112,100,88,89,90,91,92,93,105,117,129,141,140;1,13,25,37,38,39,40,41,42,43,44,45,46;120,132,133,134,135,136,137,125,113,101,102,103,104,116,128,127,139,151,152,153,154,142,130,118;110,111,99,87,75,76,77,65,66,67,68,69,70,71,83,95;64,63,62,74,86,98,97
12:14,0,27,9,,,49|61:50|62:51|63:52|64:53|65:54|66:55|67:56|68:57|69:58|70;47,35,34,22,21,20,19,18,17,16,15,14,13,25,37,49;114,126,138,150,162,161,160,159,158,157,156,144,132,120;101,113,125,137,149,148,147,146,145;97,85,73,61;57,56,44,43,42,41,40,39;141,129,117,116,104,92,91;55,54,53,52,51,50,38,26,27,28,29,30,31,32,33,45,46,58,59,71,83,95,107,119,131,143,155,167,166,165,164,163,151,139,127,115,103,102,90,89,88,100,112,124,136,135,134,133;23,11,10,9,8,7,6,5,4,3,2,1,0,12,24,36,48,60,72,84,96,108,109,110,98,86,74,62,63,64,65,66,67,68,69,70,82,94,106,118,130,142,154,153,152,140,128;121,122,123,111,99,87,75,76,77,78,79,80,81,93,105
12:14,0,28,9,,,61|73:62|74:63|75:64|76:65|77:66|78:67|79:68|80:69|81:70|82;44,56,68;26,27,28,29,30,31,32,33,45,57,69,70,71,83,95;119,107,106,94,82,81,80,79,78,77,76,88,100;163,164,165,166,167,155,143,131,130,118,117,105,93,92,91,90,89,101,113,112;115,127,126,125,124,123,111,99,87,75,74,73,72,60,61,62,63,64,65,66,67,55,43,42,41,40,39,38,37,25,13,14,15,16,17,18,19,20,21,22,34,46,58,59;153,152,140,139,138,137,136,135,134,122,110,98,86,85,84,96,108,120,132,144,156,157,158,159,160,161,162;54,53,52,51,50,49,48,36,24,12,0,1,2,3,4,5,6,7,8,9,10,11,23,35,47;114,102,103,104,116,128,129,141,142,154;151,150,149,148,147,146,145,133,121,109,97
12:14,0,29,7,,,73|85:74|86:75|87:76|88:77|89:78|90:79|91:80|92:81|93:82|94;131,143,155,167,166,165,164,163,162,161,160,159,158,157,156,144,132,120,108,96,84,72,73,74,62,50,38,26,27,28,29,30,31,32,33,45,46;71,70,69,68,67,55,54,53;34,22,21,20,19,18,17,16,15,14,13,25,37,49,61,60;48,36,24,12,0,1,2,3,4,5,6,7,8,9,10,11,23,35,47,59,58,57,56,44,43,42,41,40,52,64,65,66;102,101,100,99,98,97,109,121,133,145,146,147,148,149,150,151,152,153,154,142,130,118;39,51,63,75,76,77,78,79,80,81,82,83,95,94,93,92,104,116,128,127,126,125,124,123;119,107,106,105,117,129,141,140,139,138,137,136,135,134,122,110,111,112,113,114,115,103,91,90,89,88,87,86,85
12:14,0,30,9,,,85|97:86|98:87|99:88|100:89|101:90|102:91|103:92|104:93|105:94|106;27,26,38,50,51,52,53,54,55,43,44,32,33;142,154,153,152,151,150,149,148,147,146,145,133,121,122,123,124,125,126,127,128,116;134,135,136,137,138,139,140,141,129,130,118,106;49,37,25,13,14,15,16,28,29;91,92,93,94,82,83,71,59,47,35,23,11,10,9,8,7,6,5,4,3,2,1,0,12,24,36,48,60,61,62,63,64;72,73,74,75,76,77,65,66,67,68,56,57,45;115,114,113,112,111,110,109,108,120,132,144,156,157,158,159,160,161,162,163,164,165,166,167,155,143,131,119,107,95;17,18,30,42,41,40,39;31,19,20,21,22,34,46,58,70,69,81,80,79,78,90,89,88,87,86,85,84,96,97,98,99,100,101,102,103,104,105,117
