6,0,1,5;2,1,0,6,12,18;20,21,22,16,10;28,27,26,25,19,13,7,8;3,4,5,11,17,23,29,35,34,33,32,31,30,24;14,15,9
6,0,2,6;0,6,12,18;3,2,1,7,13,19,25;21,15,9,10,4,5;24,30,31,32,33,34,35,29,23,22;28,27,26,20,14,8;16,17,11
6,0,3,6;10,9,8,2,1;0,6,12,18,19,20;23,29,28,27,26,25;21,15,14,13,7;3,4,5,11,17,16,22;24,30,31,32,33,34,35
10,0,4,10;28,29,19,9;71,61,51,41,31,21,11,12,13,14,15,16,26,36,46,56,66;7,6,5,4,3,2,1,0,10,20,30,40,50,60,70,80;81,82,72,62,52,42,32;86,87,77,67,57,47,37,27,17,18,8;94,84,74,64,54,44,34,24,25;35,45,55,65,75,76;38,39,49,59,69,79,89,99,98,97,96,95,85;88,78,68,58,48;90,91,92,93,83,73,63,53,43,33,23,22
10,0,5,10;63,53,43,44,34,24,25,26;67,57,47,48,38,28,18,17,16,15,14,13,12,22,21,31,41,51,61,71,81,82,83,84,85;65,66,56,46;86,96,97,98,99,89,79,69;11,10,20,30,40,50,60,70,80,90,91,92,93,94,95;45,35,36,37,27;78,68,58,59,49,39,29,19,9,8,7,6,5,4,3,2,1,0;73,72,62,52,42,32,33,23;64,54,55;88,87,77,76,75,74
6,0,6,5;7,8,9,10,16;19,25,31;6,0,1,2,3,4,5,11,17,23,22,28;29,35,34,33,27,21,15;30,24,18,12,13,14,20,26,32
6,0,7,5;2,3,4,5,11,17,23,29,28;35,34,33,32,31,30,24,18,12,13,7,8;16,22,21,27,26;10,9,15,14,20,19,25;1,0,6
6,0,8,6;19,20,21;10,9,8;17,23,29,35,34,33,32,31,30,24,18;25,26,27,28,22;16,15,14,13,7;12,6,0,1,2,3,4,5,11
10,0,9,12;26,36,37,38,39,49,59,69,79,89,88,87,77,67,66,65,75,85,95,94,93,92,82,81,71,61,51;29,19,9;25,35,34,33,32,22,21,11;24,14,15,16,17,27;20,30,40,50,60,70,80,90,91;63,53,52,42,41,31;23,13,3,4,5,6,7,8,18,28;74,64,54,55,56,57;78,68,58,48,47,46,45,44,43;76,86,96,97,98,99;62,72,73,83,84;10,0,1,2,12
10,0,10,12;27,37,38,39,49,59,69,79,89,99,98,97,96;15,5,6,7,8,9,19,29;53,52,62,61,71;87,88,78,68,58,48,47,46,36;81,82,83,84,74,75,65,66;21,31,32,33,23;43,42,41,40,30,20,10,0,1,2,3,4;11,12,22;80,90,91,92,93,94,95,85,86,76,77,67,57,56,55,45,35,25;51,50,60,70;26,16,17,18,28;13,14,24,34,44,54,64,63,73,72
6,0,11,6;35,29,23,22;0,1,2,3;20,14,8,9,10,4,5;6,7,13,19,25,26;12,18,24,30,31,32,33,34;11,17,16,15,21,27,28
6,0,12,7;30,31,32,33;5,11,17,16,15,21,27,28;34,35,29,23,22;24,25,26,20,14,8;4,10,9;3,2,1,0,6,12;7,13,19,18
6,0,13,5;17,11,5,4,3,2,8,14,20,26,32,33,34,35;30,24,18,12,6,0,1;23,22,16,10;29,28,27,21,15,9;31,25,19,13,7
10,0,14,8;26,27,37,47,57,67,77;41,42,43,33;0,1,2,12,22,32;24,14,15,16,17,18,28,38,48,58,68,78,88,87,86,85,84,83,82;23,13,3,4,5,6,7,8,9,19,29,39,49,59,69,79,89,99,98,97,96,95,94,93,92,91,90,80,70,60,61,62,63,64,65,55,45;31,21,11,10;34,44,54,53,52,51,50,40,30,20;81,71,72,73,74,75,76,66,56,46,36,35,25
10,0,15,10;35,45,46,47,57,67,68,78,88,87,86,85,75;49,39,29,19,9,8,7,6,5,4,3,2,1,0;93,92,91,90,80,70,60,50,40,30,20,10,11,12;72,62,52,51,41,31,21,22,23,33,34,44,54,64,65;18,28,38,48,58,59,69,79,89,99,98,97,96,95,94,84,74;73,63,53,43,42,32;55,56,66,76,77;13,14,24,25,26,36,37;83,82,81,71,61;15,16,17,27
6,0,16,5;6,7,8,14,15;35,34,33,32,31,30;4,5,11,17,23,29,28,27,26,25,24,18;10,16,22,21,20,19,13,12;9,3,2,1,0
6,0,17,5;25,26,20,14;29,35,34,33,32,31,30,24;28,27,21,15;22,16,10,9,8,7,13,19,18;23,17,11,5,4,3,2,1,0,6,12
6,0,18,5;11,17,23,29,28,27;18,12,6,0,1,2,3,4,5;15,14,20,26,32,31,30,24;33,34,35;25,19,13,7,8,9,10,16,22,21
10,0,19,10;43,33,34,35,36,37;78,88,87,86,85,84;18,17,16,15,14,13,12,11,21,31;70,80,90,91,92,82,72,62,63;19,9,8,7,6,5,4,3,2,1,0,10,20,30,40,50,60,61,71,81;64,65,66,67,68,69,79;77,76,75,74,73,83,93,94,95,96,97,98,99,89;47,48,38,28,27,26,25,24,23,22,32,42;55,56,57,58,59,49,39,29;41,51,52,53,54,44,45,46
10,0,20,10;45,44,43,42,41,51,61,71,81;31,21,11,12,13,3,4,5;63,64,65,66,76,86,87,97,98,99,89,79,69,68,58,48,38;6,7,8,9,19,29,39,49,59;2,1,0,10,20,30,40,50,60,70,80,90,91,92,82,72,62,52,53,54,55,56,46,36,37,27,28;15,14,24,23,22;88,78,77,67,57,47;83,73,74,75,85,95,96;84,94,93;18,17,16,26,25,35,34,33,32
6,0,21,5;33,32,31,25,19,13,14,15,16,22;35,29,23,17,11,5,4,3,2,1,0,6,12,18,24,30;21,20,26;34,28,27;7,8,9,10
6,0,22,5;21,20,19;31,30,24,18,12;10,9,8;27,28,22,16,15,14,13,7,6;0,1,2,3,4,5,11,17,23,29,35,34,33,32,26,25
6,0,23,5;7,8,14,15,16,22,28,27,26;4,5,11,17,23,29,35,34,33,32;25,31,30;13,12,6,0,1,2,3,9,10;21,20,19,18,24
10,0,24,9;44,54,64;37,47,57,56,66,76,86,96;98,88,78;85,95,94,93;46,45,55,65,75;18,17,16,15,25,24,23,22,32,42,52,62,72,71,81;84,83,82,92,91,90,80,70,60,61,51,41,31,21,11,12,13,14,4,5,6,7,8,9,19,29,39,49,59,69,79,89,99;3,2,1,0,10,20,30,40,50;74,73,63,53,43,33,34,35,36,26,27,28,38,48,58,68,67,77,87,97
10,0,25,9;98,97,96,95;44,54,64,74,73,83,82;21,31,41,51,52,62,72,71,81;35,36,46,56,66,76,86;33,34,24,25,26,27,37,47,57,67,77,87,88;99,89,79,78,68,58,48,38,28,18,17,16,15,14,13,23,22,32,42,43,53,63;1,0,10,20,30,40,50,60,61;69,59,49,39,29,19,9,8,7,6,5,4,3,2,12,11;70,80,90,91,92,93,94,84,85,75,65,55,45
6,0,26,5;26,27,28,22,16,10;1,2,8,14;25,31,32,33,34,35,29,23,17,11;30,24,18,12,6,0;5,4,3,9,15,21,20,19,13,7
6,0,27,6;22,21,20;35,29,23,17,11,10,9,8,7;34,33,32,31,30,24,18,19;13,12,6,0,1,2,3,4,5;28,27,26,25;16,15,14
6,0,28,6;14,15,21,27,26,25,31,30;6,12,18,24;20,19,13,7;35,34,33,32;28,22,16,10,9,8;0,1,2,3,4,5,11,17,23,29
10,0,29,8;88,78,77,76,75,74,73,72,62;43,42,41,40,50,60,70,80,90,91,92,93,94,95,96;11,21,22,23,24,25,35,36,37,27,17;86,85,84,83,82,81,71,61,51,52,53,63,64,65,66,67,68,69,79,89,99;55,56,57,58,59,49,39,29,19,9,8,7,6,5,4,3,2,1,0,10,20,30,31,32,33,34;87,97,98;12,13,14,15,16,26;18,28,38,48,47,46,45,44,54
10,0,30,8;1,2,12,22,32,42,52,53,54;13,14,15,16,17,18,19,29,39,49,59,69,79,89,99,98,97,96,95,94,93,92,91,90,80,70,60,50,40,30,20;66,56,55,45,44,43,33,23,24,25,26,27,28;65,64,63,62,72,82,83,84,85,86,87,88,78,68,58,48,38,37,36,35,34;9,8,7,6,5,4,3;73,74,75;76,77,67,57,47,46;0,10,11,21,31,41,51,61,71,81
6,0,31,5;1,7,8,9,10;16,22,28,27;2,3,4,5,11,17,23,29,35,34,33,32,31,30,24,18,12,6,0;19,13,14;25,26,20,21,15
6,0,32,6;31,32,26;20,21,22,16,17,11,5,4,3,2,1,0,6,12,18,24,30;23,29,35,34;28,27,33;14,15,9,10;25,19,13,7,8
6,0,33,4;15,14,20,26,32,31;35,34,33,27;21,22,16,10,9,8,7,13,19,25,24,30;18,12,6,0,1,2,3,4,5,11,17,23,29,28
11,0,34,10;39,40,41,52,63,74,75,76,65,54,43,32,21,10,9,8,7,6,5,4,3,14,25,26,37,48,59;13,24,35,46,57,68,79,90,101,102,103,104,105,106,107;93,94,95,96,97,108,119,118,117,116,115,114,113,112,111,110,99,88,77,66,55,44,33,22,11,0,1,2;82,83,72,61,62,51;20,19,18,17,16,15;12,23,34,45,56,67,78,89,100;64,53,42,31,30,29,28,27,38,49,50;36,47,58,69,80;120,109,98,87,86,85,84,73;60,71,70,81,92,91
11,0,35,11;84,95,106,105,104,103;78,67,68,57,46,35,24;2,1,0,11,22,33,44;61,50,51,52,53,54,43,32,21,10,9,8,7,6,5,4,3;30,29,28,27,26,37,48,59,70,81,92,91,102,101,112,111,110,99,88,77,66;97,108,107,118,117,116,115,114,113;55,56,45,34,23,12,13,14,25,36,47,58,69,80,79,90,89,100;119,120,109,98;62,63,64,65,76,87,86,85,96;93,82,71,60,49,38,39,40,41,42,31,20,19,18,17,16,15;94,83,72,73,74,75
6,0,36,6;7,8,14,20;26,27,21,15,9,10;31,30,24,18,12,6,0,1,2,3,4,5;23,29,35;32,33,34,28,22,16,17,11;13,19,25
6,0,37,5;27,26,25;23,29,35,34,33,32,31,30,24,18,12,6,0,1,2,3;4,5,11,17,16,15,14,13,7;10,9,8;19,20,21,22,28
6,0,38,5;17,11,10,9,15,21;5,4,3;19,25,26,27,28,22,16;8,2,1,0,6,12,18,24,30,31,32,33,34,35,29,23;7,13,14,20
11,0,39,12;87,76,65,54,43,32,21,10,9,8,7;0,1,2,3;19,20,31,42;92,91,90,79,68,57,46,35,36,37,38,39,28,17,18;103,102,101,100,89,78,67,56,45,34,23,24,25,26,27,16;108,107,96,85,74,75,64,53;86,97,98,109,120,119,118,117,106,95,84,73;63,52,41,30;80,69,58,47,48,49,50,51,40,29;116,105,94,83;72,71,82,93,104,115,114,113,112,111,110,99,88,77,66,55,44,33,22,11,12,13,14,15,4,5,6;62,61,60,59,70,81
11,0,40,12;56,57,58,69,80,91,102,113,114;98,109,120,119,118,117,116,115,104,93,82,71,72,61,62,51,52;110,111,112;0,1,12,23,34,35,36,25,14,3,4,5,6,7,8,9,10;88,99,100,101,90,79,68,67;41,40,39,50,49,60,59,70,81,92,103;45,46,47,48,37,38,27,28,29,30,31,42,53,64,75,86,85,96,95,106;26,15,16,17,18,19,20,21,32,43,54,65,76,87;11,22,33,44,55,66,77,78,89;24,13,2;97,108,107;105,94,83,84,73,74,63
6,0,41,5;15,21,20,19,18,12,6;5,4,3,2;30,24,25,26,27,28,22,16;14,13,7,1,0;31,32,33,34,35,29,23,17,11,10,9,8
6,0,42,6;6,7,8;10,9,15,14;22,16,17,11,5,4,3,2,1,0;21,20,19,13;28,27,26,25;12,18,24,30,31,32,33,34,35,29,23
6,0,43,5;27,21,15,14,13,12;7,8,9,10,16,22,28;25,19,18;24,30,31,32,26,20;6,0,1,2,3,4,5,11,17,23,29,35,34,33
11,0,44,12;10,21,32,43,54,65,76;79,68,57;5,4,3,2,1,0,11,22,33,44,55,66,77;42,53,64,75,86,87,98,109,120,119,118,117,116,115,114,113,112,111,110,99,88,89,90,91,80,69,58,47;19,18,29,40,51,62,73,72,71,60,49,38,27,26,25,24,23,34;61,50,39,28;103,104,105,106,107;15,14,13,12;45,56,67,78;46,35,36,37,48,59,70,81,92,93,94,95,96,97,108;100,101,102;16,17,6,7,8,9,20,31,30,41,52,63,74,85,84,83,82
11,0,45,12;48,59,60,61,72;35,36,37;76,87,98,109,120,119,118,117,116,115,114,113,112,111,110,99;80,69,68;24,25,26,27,38,49;18,29,40,51,62,63,74,85,96,95,94,93;58,47,46,45,34,23,12,13,14,15,16,17,28,39,50;57,56,55,44,33,22,11,0,1,2,3,4,5,6,7,8,19,30,41,52,53;73,84,83,82,71;78,79,90,91,92,81,70;10,21,32;9,20,31,42,43,54,65,64,75,86,97,108,107,106,105,104,103,102,101,100,89,88,77,66,67
6,0,46,5;28,27,26,25;5,11,17,16;22,23,29,35,34,33,32,31,30,24,18,12,6,0;4,10,9,15,21,20,19,13,7,1;14,8,2,3
6,0,47,4;25,19,13,7,8,9,10,16,22,28;21,27,33;18,12,6,0,1,2,3,4,5,11,17,23,29,35,34;15,14,20,26,32,31,30,24
6,0,48,6;9,8,2,1,0;6,12,18,24,30,31,32,33,34,28;7,13,19;25,26,27,21,22,16,10;3,4,5,11,17,23,29,35;20,14,15
11,0,49,8;67,56,57,58,69,70;61,62,73,84,83,82,81,80;102,101,100,89,78,79,68;32,21,10,9,8,7,6,5,4,3,2,1,0,11,22,33,44,45,46,47,48,59,60,71,72;20,31,30,29,28,27,26,25,24;55,66,77,88,99,110,111,112,113,114,115,116,117,118,119,120,109,98,87,76,65,54,43;93,94,95,96,85,74,63,52,51,50,49;90,91,92,103,104,105,106,107,108,97,86,75,64,53,42,41,40,39,38,37,36,35,34,23,12,13,14,15,16,17,18,19
11,0,50,10;72,61,50,39,28,29,30,41,52,63,74,85,96,95,94,105;12,23,34,45,56,67,78,89,100;76,87,98,109,120,119,118,117,116,115,114,103,92,91;64,53,42,31,20,19,18,17,16,15,26,37,36,47,58,59,60,71;102,101,90,79,80,81;70,69,68,57,46,35,24,13,2,1,0,11,22,33,44,55,66,77,88,99,110,111,112,113;27,38,49,48;106,107,108,97,86,75;65,54,43,32,21,10,9,8,7,6,5,4,3,14,25;104,93,82,83,84,73,62,51,40
6,0,51,6;30,24,18,12,6,7,8;22,28,27;11,17,16,15,21,20,26;9,10,4,5;0,1,2,3;23,29,35,34,33,32,31,25,19,13,14
6,0,52,4;0,1,2,3,4,5,11,17,23,29,35,34,33,27,21,15,14,13,19,18,24;20,26,25;30,31,32;12,6,7,8,9,10,16,22,28
6,0,53,5;10,9,15,21,27,33,32;35,29,23,17,11,5,4,3,2,1,0,6,12;30,24,18,19,13,7;31,25,26,20,14,8;16,22,28,34
11,0,54,12;109,120,119,118,117,116,115,114,113,112,111,110,99,88,77,66,55,44,33,22,11,0,1,2,3,4,5;53,52,51,50,61,72,83;42,31,20,19,18,29,28,27,16,15,14,13,12,23,34,45,46,57,68,69,80;71,82,93,94;107,96,85,74,75;108,97,86;56,67,78,79,90;17,6,7,8,9,10,21,32,43,54,65,76,87,98;35,36,47,58,59,70,81,92,103,104,105,106,95,84,73,62,63,64;89,100,101,102,91;24,25,26,37,48,49,60;38,39,40,41,30
11,0,55,7;0,1,2,3,4,5,6,7,8,9,10,21,32,43,54,65,76,87,98,109,120,119,118;39,38,37,36,35,46,57,56,67,78,89,100;59,60,61,62,63,52,41,30,19,18,17,16,15,14,13,12,11,22,33,44,55;80,91,92,93,82,83,84,85,86,97,108,107,106,117,116,115,114,113,112,111,110,99,88,77,66;96,95,94,105,104,103,102,101,90;20,31,42,53,64,75,74,73,72,71,70,81;79,68,69,58,47,48,49,50,51,40,29,28,27,26,25,24,23,34,45
6,0,56,5;27,28,22,16;7,8,9,15,21,20;5,4,3,2,1,0,6,12,13,14;18,24,30,31;10,11,17,23,29,35,34,33,32,26,25,19
6,0,57,4;26,25,19,13,7,8,9,10,16,22,21;35,34,33,32,31,30,24,18,12,6,0,1,2,3,4,5,11;17,23,29,28,27;20,14,15
6,0,58,5;12,6,0,1,2,3,4,5;32,33,34,35,29,23,17,16,15,14,13;31,25,26,27,28;11,10,9,8,7;30,24,18,19,20,21,22
11,0,59,8;73,84,95,106,107,108;105,94,83,72;86,87,76,65,54,43,32,21,10,9,8,7;80,69,58,47,36,25,14,3,2,1,0;19,18,29,40,51;16,27,38,49,60,71,82,93,104,103,102,101,100,89,78,67,56,45,34,23;6,5,4,15,26,37,48,59,70,81,92,91,90,79,68,57,46,35,24,13,12,11,22,33,44,55,66,77,88,99,110,111,112,113,114,115,116,117,118,119,120,109,98,97,96,85,74,75,64,53,42,31,20;17,28,39,50,61,62,63,52,41,30
11,0,60,11;84,95,106,105,116,115,114,113,112,111,110,99,88;17,16,15,14,13,24,35,46,57;58,47,36,25,26,27,28,29,30,31,20;19,8,9,10,21,32,43,42,41,40,39,38,37,48,59,60,61,72,83,94;89,100,101,102,103,104,93,82,71,70,69,68,67,56,45,34,23,12,1,2,3,4,5,6,7,18;76,87,98,109,120;119,108,97,86,75,64;73,62,51,50,49;0,11,22,33,44,55,66,77,78,79,80;90,91,92,81;65,54,53,52,63,74,85,96,107,118,117
7,0,61,5;12,11,10,9,8,15,22,29,36;28,21,14,7,0,1,2,3,4,5,6,13,20,27,34,41,40;26,33,32,39,46,47,48;35,42,43,44,37,30,23,16,17,18,19;25,24,31,38,45
7,0,62,5;36,37,30,23,16,17,18,11,12;40,33,26,19;25,32,39,46,47,48,41,34,27,20,13,6,5,4,3,10,9,8,15,22,29;35,28,21,14,7,0,1,2;42,43,44,45,38,31,24
7,0,63,6;30,31,32,33,34,27;24,25,26;18,17,16,23,22,29,36,37,38,39,40,41,48;20,19,12,11,10,9,8,15,14,21,28;13,6,5,4,3,2,1,0,7;35,42,43,44,45,46,47
11,0,64,11;116,117,118,119,120,109,98,87,76,65,54,53,42;41,30,29,28,27,26;21,10,9,8,7,6,5,4,3,2,1,0,11,22,33,44,55,66,67,68,57,46,35,24;82,93,92,91,90,79;43,32,31,20,19,18,17,16,15,14,13,12,23,34,45,56;84,83,72,71,60;115,114,113,112,111,110,99,88;80,69,58;25,36,37,38,49,50,61,62,73,74,85,96,95,94;47,48,59,70,81;77,78,89,100,101,102,103,104,105,106,107,108,97,86,75,64,63,52,51,40,39
11,0,65,11;51,50,49,48,59,58,57;19,30,41,52,53,64,75,74,73,72,83,82,93,92,91,90,89,88,99,110,111,112,113,114,115,116,117,118,119,108;10,21,32;120,109,98,97,96,107;106,95,84,85,86,87,76,65,54,43,42,31,20;63,62,61,60,71,70,81;80,79,78,77,66,55,44,33,22,11,0,1,2,3,4,5,6,7,8,9;29,28,27,26,25,24,35,34,45,56,67,68,69;18,17,16,15,14,13,12,23;94,105,104,103,102,101,100;40,39,38,37,36,47,46
7,0,66,6;6,13,20,27,34,41,48,47,46,45,44,37,30,31,24,17,10,3;42,43,36,29,22,23,16,9;35,28,21,14,15,8;4,5,12,19,26,33,40;38,39,32,25,18,11;7,0,1,2
7,0,67,6;18,17,24,31,38,37,36,29,22,15,8,7;30,23,16,9,10,11;0,1,2,3,4,5,12,19;41,48,47,46,45,44,43,42,35,28,21,14;6,13,20,27,34,33,40,39;26,25,32
7,0,68,6;13,6,5,4,3,2,1,0,7,14,21,28,35,42,43,44,45;18,19,20,27,34,41,48,47,46;31,24,17,16;29,36,37,38,39,32,25;40,33,26;30,23,22,15,8,9,10,11,12
11,0,69,11;69,68,57,46,47,36,37;58,59,48,49,38,27,26,25,24,35,34,45,56;100,101,102,103,104,105,106,107,96,97,86;108,119,118,117,116,115,114,113,112;120,109,98,87,76;20,19,18,17,16,15,14,13,12,23;21,10,9,8,7,6,5,4,3,2,1,0,11,22,33,44,55,66,77,88,89,90,91,92,93,94,95,84,85,74,63,52,53;111,110,99;81,82,83,72,73,62,51,40,41,42;75,64,65,54,43,32,31,30,29,28,39,50,61,60,71,70;80,79,78,67
11,0,70,10;99,110,111,112,113,114,115,116,117;120,119,118,107,106,105,104;60,59,58,47,36,25,14,13,12,23,34,45,56,67,78,79,90,91,92,93;82,81,80,69,68,57,46,35,24;97,96,95,94,83,72,71,70;103,102,101,100,89,88,77,66,55,44,33,22,11,0,1,2,3,4,5,16,27,38;64,53,54,43,32,21,10,9,8,7,6;65,76,75,74,63,52,41,42,31,20,19,18,17,28,39,50,61;108,109,98,87,86,85,84,73,62,51,40,29,30;49,48,37,26,15
7,0,71,7;27,20,19,18;34,41,48;46,39,32,25;37,30,23,16,9,2,3,4,5,6,13;12,11,10,17,24,31,38,45,44,43,42,35,28,21,14,7,0;47,40,33,26;1,8,15,22,29,36
7,0,72,6;26,27,20,13,6,5;25,18,17,10,3,2,1,0,7,14,21,28,35,42,43,44,45,46,47,48,41;36,37,38,39,40,33,34;19,12,11,4;8,15,22,29,30,31,32;24,23,16,9
7,0,73,5;16,17,18;19,12,11,10;32,31,30,29,28,21;14,7,0,1,2,3,4,5,6,13,20,27,34,41,48,47,46,45,44,43;9,8,15,22,23,24,25,26,33,40,39,38,37,36,35,42
11,0,74,9;4,3,14,25,36,47,48,49;112,111,110,99,88,89,90,91,92,103,104,105,106,107,108,97,86;11,12,23,34,45,56,67,68,69,70,71,72,73,62;75,76,87,98,109,120,119,118,117,116,115,114,113,102,101,100;17,18,19,20,31,32,43,54,65;0,1,2,13,24,35,46,57,58,59,60,61,50,39,38,37,26,15;40,51,52,63,74,85,84,83;21,10,9,8,7,6,5,16,27,28,29,30,41,42,53,64;96,95,94,93,82,81,80,79,78,77,66,55,44,33,22
11,0,75,9;20,19,8,7,6,5,4,3,2,1,0,11,22;56,57,58,59,48;111,100,89,90,91,92,93,82,83,84;41,40,51,62,73,72,71,70,81,80,79,78,77,88,99,110;112,101,102,103,104,105,94,95,96,85,74,63,52;69,68,67,66,55,44,33,34,23,12,13,14,15,16,17,18,29,30,31,42,53,64,75,86,97,108,107,106;45,46,47,36,37,38,49,60;35,24,25,26,27,28,39,50,61;9,10,21,32,43,54,65,76,87,98,109,120,119,118,117,116,115,114,113
7,0,76,6;38,45,44,43,42,35,28,21,14,7,0,1,2,3,4,5;6,13,12;11,18,25,26,33,40;10,17,16,23,30,37,36;29,22,15,8,9;19,20,27,34,41,48,47,46,39,32,31,24
7,0,77,6;6,5,12,19,26,33,40,39,38,37,44;43,36,29,22,15,8;31,32,25,18,11,4;45,46,47,48,41,34,27,20,13;42,35,28,21,14,7,0,1,2,3,10,17,24;9,16,23,30
7,0,78,6;17,18,19,20,13,6,5,4,3,2,1,0,7,14,21,28,35,42,43,44,45,38;31,32,33,40;37,30,23,16;41,34,27,26,25,24;36,29,22,15,8,9,10,11,12;39,46,47,48
11,0,79,10;112,113,114,115,116,117,118,119,120,109,98,87,76,65,54,43,32,21,10,9,8,19,30,41,52,63,74,85,96,95,94;17,16,27,26,25,24;33,22,11,0,1,2,3;72,71,82,93;110,99,88,77,66,55,56,57,46,35,36,37,38,39,28,29,18,7,6;20,31,42,53,64,75,86,97,108,107,106,105,104,103,102,91,80;83,84,73,62,61,60,59,70,81,92;40,51,50,49,48,47,58,69,68,67,78,89,100,111;44,45,34,23,12,13,14,15,4,5;79,90,101
11,0,80,10;109,108,107;103,104,93,82,71;10,21,32,43,54,65,76,87,98,97,96,85,74,63,52,41,30,19,18,17,16,15,14,13,12,23,34,45,56;86,75,64,53,42,31,20,9,8,7,6,5,4,3,2,1,0,11,22,33,44,55,66,77,88;90,89,78,67;35,24,25,26,37,48;99,100,101,102,91,80,79,68,57,46;69,70,81,92;120,119,118,117,106,95,84,73,62,51,40,29,28,27,38,49,60,59,58,47,36;110,111,112,113,114,115,116,105,94,83,72,61,50,39
7,0,81,5;48,47,46,45,44,43,42,35,28,21,14,7,0,1,2,3,4;41,40,39,38,37,36,29,22,15,8,9,10,17;16,23,30,31,32,33,26,19;24,25,18,11,12,5;6,13,20,27,34
7,0,82,6;25,26,27,34;5,12,11;47,46,39,38,37,30,23,16,9,2,1,0,7,14,21,28,35,42;4,3,10,17,24,31,32,33,40,41,48;18,19,20,13,6;45,44,43,36,29,22,15,8
7,0,83,6;28,21,14,7,8,9,16,23,30,31,32,25;15,22,29,36,37,38,39,40,33;5,4,3,2,1,0;24,17,18;26,19,12,11,10;6,13,20,27,34,41,48,47,46,45,44,43,42,35
11,0,84,10;15,16,5,6,7,8,9,10,21,32,31,42,53;1,0,11,22,33,44,55,66,77,88,99,110,111,112,113,114,115;24,25,14;60,59,58,57,56,67,78,79,80,81,82,83,84,95,106,107,108,97,86,75,64,63,52,41,30,19,20;100,101,102,103,104;4,3,2,13,12,23,34,45,46,47,48,49,38,39,40,29,18,17;51,62,73,74,85,96;43,54,65,76,87,98,109,120,119,118,117,116,105,94,93,92,91,90,89;28,27,26,37,36,35;68,69,70,71,72,61,50
11,0,85,11;45,34,23;97,108,107,106,105,104,103,102,101,100,89,78,67,56;14,15,16,17,18,29,40,51,62,61,60,59,70,81,82,83,94,95,96;90,79,68,57,46,35,36,37,38;12,13,24;19,30,41,52,63,74,75,76,65,54,43;20,31,42,53,64;85,84,73,72,71;93,92,91,80,69,58,47,48,49,50,39,28,27,26,25;9,10,21,32;86,87,98,109,120,119,118,117,116,115,114,113,112,111,110,99,88,77,66,55,44,33,22,11,0,1,2,3,4,5,6,7,8
7,0,86,7;12,11,10,17,24;40,33,26,19,18;37,36,35,28,21;42,43,44;25,32,39;8,9,16,23,30,31,38,45,46,47,48,41,34;27,20,13,6,5,4,3,2,1,0,7,14,15,22,29
7,0,87,6;30,31,32,33,26,19;1,0,7,14,21,28,35,42,43,44,45,46,47,40;5,4,3,2,9,8,15,22,29,36,37,38,39;16,17,10;23,24,25,18,11,12;48,41,34,27,20,13,6
7,0,88,6;36,37,38,39,40,33,26,27;11,4,3,2,1,0,7,14,21,22,29,30,31,32;8,9,10,17,18,19,12,5;15,16,23,24,25;34,41,48,47,46,45,44,43,42,35,28;6,13,20
11,0,89,11;24,35,46;15,16,17,18,19,20,21,32,43;51,50,49,60,71,82,81,92,103,102,101;39,38,37,48,59,70,69,80,91,90,89,100;114,113,112,111,110,99,88,77,66,55,44,33,22,11,0,1,2;78,79,68,57,58,47,36,25,26,27,28,29,40,41,52,63,64,75,86,97,108,107;84,95,106,105,116;30,31,42,53,54,65,76,87,98,109,120,119,118,117;67,56,45,34,23,12,13,14,3,4,5,6,7,8,9,10;115,104,93,94,83,72,61;96,85,74,73,62
11,0,90,12;27,38,49,50,51,52,53,64,75,86,97,108,107,106,105,94,83,82;57,46,35,24,23;95,96,85,74,63,62,61,60;84,73,72,71;48,37,26,15,16,17,18;20,31,42,41,40;1,0,11,22,33,44,55,66,77,88,99;93,104,103,102,101,100,89,78,79;90,91,92,81,70,59,58,47,36,25,14;34,45,56,67,68,69,80;39,28,29,30,19;110,111,112,113,114,115,116,117,118,119,120,109,98,87,76,65,54,43,32,21,10,9,8,7,6,5,4,3,2,13,12
7,0,91,7;48,47,40,39,32,25,26,27,20,13,6,5,4,3,2,1,0,7,14,15,22,23;8,9,10,11,12;41,34,33;36,29,30;24,31,38,37;46,45,44,43,42,35,28,21;16,17,18,19
7,0,92,6;6,5,4,3,2,1,0,7,14,15,16,23,30,31;48,41,34,27,20;13,12,11,18,25,32,39;24,17,10,9,8;19,26,33,40,47,46,45,44,43,42,35,28,21;22,29,36,37,38
7,0,93,6;30,29,28,21,14,7,0,1,2,9;40,33,26,19,12,11;43,44,45,46,47,48,41,34,27,20,13,6,5,4,3,10;22,23,24,31,38,37,36,35,42;18,17,16,15,8;39,32,25
12,0,94,11;78,79,91,103;27,15,3,4,5,6,7,8,9,10,11,23,35,47,59,71,83,95,107,119,131,143,142,141,140,139,138,137;39,40,28,16,17;12,0,1,2,14,26,38,50,51,52,53,41,29,30,18,19,20,21,22,34;123,122,121,109,97,85,73,61,49,37;77,76,75,87,99,100,101,113,125,126,127,128,129,130;88,89,90,102,114,115,116,117,118,106,94,82,70,58,46,45,33,32,31;42,43,55,67,68,80,92,104;13,25,24,36,48,60,72,84,96,108,120,132,133,134,135;105,93,81,69,57,56,44;136,124,112,111,110,98,86,74,62,63,64,65,66,54
12,0,95,10;82,70,58,46,45,44,56,55,54,53;28,29,30,18,19,20,21;84,96,108,120,132,133,134;91,79,78,77,76,64,52;26,38,50,51,63,75,87,88,89,90,102,103,104,92,80,68,67,66,65;93,94,106,118,130,129,128,127,126,125,124,112,111,110;81,69,57;109,121,122,123,135,136,137,138,139,140,141,142,143,131,119,107,95,83,71,59,47,35,23,11,10,9,8,7,6,5,17;22,34,33,32,31,43,42,41,40,39,27,15,14,13,25,37,49,61,62,74,86,98,99,100,101,113,114,115,116,117,105;16,4,3,2,1,0,12,24,36,48,60,72,73,85,97
7,0,96,6;48,47,46,45,44,43,36,29;16,17,18,19,20,27,34;33,26,25;38,37,30;12,11,10,9,8,15,22,23,24,31,32,39,40,41;13,6,5,4,3,2,1,0,7,14,21,28,35,42
7,0,97,7;12,19,26,25,32,31;36,35,28,21,14,7,0,1,2,3,4,11,18;42,43,44,45,46,47,48,41;8,9,10,17,24,23,30,37;5,6,13,20,27;29,22,15,16;34,33,40,39,38
7,0,98,6;34,33,32,31,30,29,22,21,14;23,24,25,26,27;0,1,2,9,10,11,12;41,40,39,38,37,36;28,35,42,43,44,45,46,47,48;7,8,15,16,17,18,19,20,13,6,5,4,3
12,0,99,13;62,61,60,48,36,24,12,0,1,2,14,26,38,39;47,59,58,57,69,68,80,92,91,90;84,72,73,74,75,76,88,89,101,102,103,104,105,93,81,82;100,99,87,86,85;77,78,79,67,55,56,44,45,46,34,35,23,11,10,9,8,7,6,5,4,3;98,97,96;27,15,16,17,29,41,53;70,71,83,95,94,106,118,130,129,128,127,126,125,124,123,122,121;13,25,37,49,50,51,63,64;22,21,20,19,18,30;28,40,52;107,119,131,143,142,141,140,139,138,137,136,135,134,133,132,120,108,109,110,111,112,113,114,115,116,117;65,66,54,42,43,31,32,33
12,0,100,10;102,103,104,116,128,129,130,118,106,94,82,81,80,79;99,87,75,63,51,39,27,28,29,30,31,32,33;101,100,88,76,77,65,53,54,55,56,57,58,59,47,35,23,11,10,9,8,7,6,5,4,3,2,1,0,12,24,36,48,60,72;84,96,108,120,132,133,134,135,136,137,138,126;117,105,93,92,91;19,18,17,16,15,14,13,25,37,49,61,73;85,97,109,121,122,123;20,21,22,34,46,45,44,43,42,41,40,52,64;125,124,112,111,110,98,86,74,62,50,38,26;113,114,115,127,139,140,141,142,143,131,119,107,95,83,71,70,69,68,67,66,78,90,89
7,0,101,6;10,9,16,15,22,29,36,37;8,7,14,21,28,35,42,43,44,45,38,31,32,25;6,5,4,3,2,1,0;39,46,47,48,41,34,27;12,11,18,17,24,23,30;13,20,19,26,33,40
7,0,102,7;48,47,46,45;31,30,23,16,9,2,1,0;12,11,18,25,32,39,40,41,34;38,37,44,43,42,35,28,21,14,7;36,29,22,15,8;19,26,33;24,17,10,3,4,5,6,13,20,27
7,0,103,6;17,24,31,38,39,40;36,29,22,15,8,9,10,11,18,25,32;44,43,42,35,28,21,14,7,0,1,2,3,4,5,6,13,20,27,34;16,23,30,37;41,48,47,46,45;12,19,26,33
12,0,104,13;103,102,101,113;74,62,50,38,26,27;80,68,67,55,43,42,41,29,28,16,4,5,6,7,8,9,10,11,23,35,47,59,71,83,95,107,119,131,143,142,141,140;76,88,89,90,91,92,104,116,115,114,126,125,137,136,135,134,133,132,120,108,96,84,72,60,48,36,24,12,0,1,2,3;51,63,64,65,77;17,18,19,20,21,33,45,57,69;117,105,93,81;30,31,32,44,56;99,100,112,124;122,121,109,97,85,73,61,49,37,25,13,14,15;79,78,66,54,53,52,40,39;123,111,110,98,86,87,75;22,34,46,58,70,82,94,106,118,130,129,128,127,139,138
12,0,105,14;31,19,7,6,5;128,127,126,125,124,123,122,121,109,97;51,63,64,76,77,89,101,100,99,98,86,85,84,72,60,48,36,24;30,18,17;115,116,104,92,80,79,67,55,54,42,41,29,28,16,4,3,2,1,0,12;8,9,21,22,34,46,58,70,71,83,95,107,119,131,143,142,141,140,139,138,137,136,135,134,133,132,120,108,96;59,47,35,23,11,10;110,111,112,113,114,102,103;93,105,117,129;20,32,33,45,57,69,81,82,94,106,118,130;14,26,38,50,62,74,75,87,88;15,27,39,40,52,53,65,66,78,90,91;73,61,49,37,25,13;68,56,44,43
7,0,106,7;37,30,23,24,17;38,39,40,33,26,19;21,22,15,16,9,10;42,35,28,29;36,43,44,45,46,47,48,41,34,27,20,13,12,11,18,25,32,31;0,7,14;8,1,2,3,4,5,6
7,0,107,5;12,11,10,9;13,20,19,18,17,16,15,8;48,47,46,45,44,43,42,35;36,37,38,39,40,41,34,27,26,25,24,23,22,21,14,7,0,1,2,3,4,5,6;28,29,30,31,32,33
7,0,108,6;37,30,23;34,27,20,13,6,5,4,3,2,1,0,7,14,21,28,35,42,43,44,45,38;26,19,12,11,10,9,8;41,40,33;36,29,22,15,16,17,18,25;24,31,32,39,46,47,48
12,0,109,10;61,62,74,86,98,99,111,123,124,125,126,127,128,129,130,118,106,94,82,70,58,46,34,22,21,9,8,7,6,5,4,3,15;27,28,29,30,42,54,55,67,79,91;20,32,33,45,57,69,81,93,105,117,116,115,114,113,112,100,88,87,75,63,51;13,25,26,38,50,49,48,60,72,73,85,97,109,110,122,134,133,132;90,78,66,65,53,41;16,17,18,19,31,43,44,56,68,80,92,104,103,102,101,89,77,76,64,52,40,39;12,24,36,37;135,136,137,138,139,140,141,142,143,131,119,107,95,83,71,59,47,35,23,11,10;14,2,1,0;84,96,108,120,121
12,0,110,11;94,95,83,71,59,47,35,23,11,10,9,21,33,45,57,56,55,54,66,78,90,89,88,87,86;2,1,0,12,24,36,37,38,26,27,15,16,17,18,19,31;126,127,128,129,130,131,119,107;22,34,46,58,70,69,68,67,79,91,103,102,101,100,99,98,110,122,123,124,125,137,138,139,140,141,142,143;48,49,50,51,39;121,109,97,85,73,74,75,76,77,65,53,41,42,43,44,32,20,8,7,6,5,4,3;80,92,104,105,106;136,135,134,133,132,120,108,96,84,72,60,61,62,63,64,52,40,28,29,30;14,13,25;93,81,82;111,112,113,114,115,116,117,118
7,0,111,6;31,30,23,22,15,8,9,10,11,18,25;32,33,26,19,12;1,2,3,4,5,6,13,20,27,34,41,40,39;0,7,14,21,28,29,36,37,38;35,42,43,44,45,46,47,48;16,17,24
7,0,112,7;44,45,46,47,48;7,8,9,10,11,12,19,26,27;20,13,6,5,4,3,2,1,0;40,41,34;33,32,39,38,37,36,29,22,23,16,17;18,25,24,31,30;43,42,35,28,21,14,15
7,0,113,6;26,33,40,39,38,37,36,43,42;0,1,2,3,10,17;11,4,5,6,13,20,27,34,41,48,47,46,45,44;15,16,23,24;35,28,29,30,31,32,25,18,19,12;22,21,14,7,8,9
12,0,114,11;22,34,46,58,70,82,94,106,118,130,129,128,127,139,138,137,136,135,134,133;111,112,113,101,102,103,104,105,93,81,69,57,56,55,54,53,52,51,50,38;15,14,13,25,37,49;26,27,28,16,17,18,19,20,32;42,43,44,45,33,21;90,89,88,100,99,98,110,109,121,120,132;117,116,115,114,126,125,124,123,122;97,85,86,87,75,76,77,78,79,91;140,141,142,143,131,119,107,95,83,71,59,47,35,23,11,10,9,8,7,6,5,4,3,2,1,0,12,24,36,48,60,61;108,96,84,72,73,74,62,63,64,65,66,67,68,80,92;39,40,41,29,30,31
12,0,115,14;128,127,126,125,124,123,122,121,120,108,96,97,85,73,74,75,87;63,51,39,27,15;22,10,9,8,7,6,18,17,16,28,40,52,64,76,88;100,99,98,86;132,133,134,135,136,137,138,139,140,141,142,130,118,106;81,80,68,56,57,45,33,21,20,19,31,30,29,41,53,65,77,89,101,113,112,111,110,109;69,70,58,46,34;103,91,79,67,55;14,26,38,50;143,131,119,107,95;62,61,49,37,25,13;84,72,60,48,36,24,12,0,1,2,3,4,5;129,117,105,93,94,82,83,71,59,47,35,23,11;32,44,43,42,54,66,78,90,102,114,115,116,104,92
7,0,116,6;47,46,39,32,25,18,11;42,43,44,45,38;12,19,26,33,40,41,48;17,24,31,30,29,22,15,8,1,2;34,27,20,13,6,5,4,3,10,9,16,23;37,36,35,28,21,14,7,0
7,0,117,6;27,34,41,48,47,46,45,44;9,8,15,22,23,24;12,11,10,17,16;40,33,26,19,20,13,6,5,4,3,2,1,0,7,14,21;42,43,36,37,38,39;35,28,29,30,31,32,25,18
7,0,118,6;26,19,12,11,10;0,1,2,3,4,5,6,13,20,27;35,28,21,14,7;8,15,22,29,36,43,42;18,25,32,33,34,41,48,47,46,45,44,37,30,23,16,9;40,39,38,31,24,17
12,0,119,12;99,87,88,89;51,63,64,65,66,78,90,102,101,100,112,111,110,98,86,85,73,61,49,37,25,26,27,28,16,4,3,2,1,0;67,55,43;107,95,83,71,59,47,35,23,11,10,9,8,7,6,5,17,29,41,42,54;134,133,132,120,108,96,84,72,60,48,36,24,12,13,14,15;80,79,91,103,115,114,113,125,124;97,109,121,122,123,135,136,137,138,126,127,128,129,130;33,45,57;18,30,31,32,44,56,68,69,81,93,92,104,116,117,118,119,131,143,142,141,140,139;39,38,50,62,74,75,76,77;19,20,21,22,34,46,58,70,82,94,106,105;40,52,53
12,0,120,13;94,106,118,130,129,141,140,139,138,137,136,135,123,111;55,54,42,41,40;60,48,36,37,25,13,1;117,116,115,114,113;15,16,17,18,19,20,32,33,45;14,26,38,50,49;132,133,134,122,110,98,99,87,88,89,90,91,92;21,22,34,46,58,57,56,44,43,31,30,29,28,27,39,51,52,53,65;64,63,62,61,73,72,84,96,108,120;93,105,104,103,102,101,100,112,124,125,126,127,128;2,3,4,5,6,7,8,9,10,11,23,35,47,59,71,70,69,68,67,66;142,143,131,119,107,95,83,82,81,80,79,78,77,76,75,74,86,85,97,109,121;0,12,24
8,0,121,6;56,57,58,59,60,61,62,63,55,47,39,38,37;18,26,34;53,52,51,50,49,48,40;22,21,20,19,27,35,43,42,41;25,17,9,10,11,12,13,14;54,46,45,44,36,28,29,30,31,23,15,7,6,5,4,3,2,1,0,8,16,24,32,33
8,0,122,6;35,27,19,11,12,13;20,28,36,44,43,42,34,26,18,10,9,8,16,24,32,40,48,56,57,58,59,60,61,62,63,55,47,39;14,22,21,29,37;45,46,54;0,1,2,3,4,5,6,7,15,23,31,30,38;53,52,51,50,49,41,33,25,17
8,0,123,8;49,41,33,25,17;59,60,52,44,36,28,27;38,30,22,14,13,12,11,10,9;61,62,63,55;42,34,26,18;50,51,43,35;53,54,46,47,39,31,23,15,7,6,5,4,3,2,1,0,8,16,24,32,40,48,56,57,58;19,20,21,29,37,45
12,0,124,14;78,79,67;1,0,12,24,36,48,60,72,84,96,97;75,76,64,52,53,41,42,43,44,45,57,69,81,93,105,104,103;113,125,137,136,135,134,133,132;101,102,90,91,92,80;108,109,110,111;139,138,126,114;26,38,50,49,61,73,85,86,98,99,100,112,124,123,122,121,120;141,142,143,131,119,107,95,83,71,59,47,35,23,11,10,9,8,7,6,5,4,3,2,14,13,25,37;87,88,89,77,65,66,54,55,56,68;115,116,117;27,15,16,17,18,19,20,21,22;129,130,118,106,94,82,70,58,46,34,33,32,31,30,29,28,40,39,51,63,62,74;140,128,127
12,0,125,12;118,130,129,128,127,126,125,124,123,122,110,109,97,85,73,61,49,37,25,13,14,2,3,4,5;54,55,56,57,58,46,34,22;39,51,63,64,76,77,89,101,113,114,115,116,117,105,93,81;15,16,17,18;52,53,65,66,78,90,102,103,104,92,80;121,133,134,135,136,137,138,139,140,141,142,143,131,119,107,95,83,71,59,47,35,23,11;91,79,67,68,69,70,82,94,106;75,87,88,100,112;6,7,19,31,30,29;132,120,108,96,84,72,60,48,36,24,12,0,1;45,33,21,9,10;8,20,32,44,43,42,41,40,28,27,26,38,50,62,74,86,98,99,111
8,0,126,6;34,35,27,19;26,18,17,16,24,32;21,29,37,45,53,52,51,50,49;40,48,56,57,58,59,60,61,62,63,55,47,39,31,23,15,7,6,5,4,3,2,1,0,8;25,33,41,42,43,44,36,28,20;9,10,11,12,13,14,22,30,38,46,54
8,0,127,8;49,50,51,43,35,36,37,45;33,32,24,16,8,0;61,62,63,55,47,39,31,23,15,7,6,5,13,21,20;11,19,27,26,25,17,9,1;53,54,46,38;44,52,60,59,58,57,56,48,40,41,42,34;14,22,30,29,28;12,4,3,2,10,18
8,0,128,8;9,17,25,33,41;49,50,42,34;62,63,55,47,39,31,23,15,7;54,53,61,60,59,58,57,56,48,40,32,24,16,8,0,1,2,3,4,5,13,21,20,28;27,19,11,12;44,45,46,38;52,51,43,35,36,37,29,30,22,14,6;10,18,26
12,0,129,13;89,88,76,64,52,51,50;101,102,90,78,77,65,53,41,40,39,38,37,25,13;49,61,73,85,97,109,121;74,86,98,110,122,134,135,136,137,138,139,140,128,116;44,45,46,47,59,71,83,95,107,119,118,130;22,21,9,8,7,6,5,4,3,2,1,0,12,24,36,48,60,72,84,96,108,120,132,133;131,143,142,141,129,117,105,106;114,113,112,100,99,87,75,63,62;20,19,18,17,16,15;81,69,68,56,55,43,31,32,33,34,35,23,11,10;104,92,93,94,82,70,58,57;80,79,67,66,54,42,30,29,28,27,26,14;91,103,115,127,126,125,124,123,111
12,0,130,12;140,128,116,117,105,93,81,69,70,58;82,94,106,118,130,129;41,29,28,27,26,25,24,12,0,1,2,3,4,5,6,7,8,9,10,11,23,35,47,59,71,83,95,107,119,131,143,142,141;46,34,33,32,44,43,55,67,79,91;31,30,42,54,66,78,90,102,114,113;110,98,86;74,75,87,99,111,112,124;139,138,137,136,135,134,133,132,120,108,96,84,72,60,48,36,37,38,39,40;123,122,121,109,97,85,73,61,49,50,51,52,53,65,77,89;125,126,127,115,103,104,92,80,68,56,57,45;22,21,20,19,18,17,16,15,14,13;62,63,64,76,88,100,101
8,0,131,8;21,29,30,31,39,47,55;34,26,18,10,11,12,13,14,22,23;42,43,35,27,19,20;44,52,51,50,49,41,40;32,24,16,8,0;15,7,6,5,4,3,2,1,9,17,25,33;38,46,54,62,63;48,56,57,58,59,60,61,53,45,37,36,28
8,0,132,8;45,44,43,35,34;25,33,41,49;51,52,53,54,46,38,37,36,28,27,26;16,8,0,1,2,3,4,12,13,14,22,30;11,10,9,17;42,50,58,57,56,48,40,32,24;59,60,61,62,63,55,47,39,31,23,15,7,6,5;29,21,20,19,18
8,0,133,6;9,17,18,26,34,42;50,51,52,44,36,28,20,12,4,3;49,41,33,25;55,47,39,31,23,15,7,6,5,13,21,29,37,45,53,61,60,59,58,57,56,48,40,32,24,16,8,0;63,62,54,46,38,30,22,14;1,2,10,11,19,27,35,43
12,0,134,11;132,133,134,122,123,124,125,126,127,115,116,117,105;55,43,31,30,29,28,27,26;112,111,110,109,121,120;113,101,89,90,91,92,93,81,69,57,45,33,21,9,10,11,23,35,47,59,71,83,95,107,119,131,143,142,141;135,136,137,138,139,140,128,129,130,118,106,94,82,70,58,46,34,22;85,97,98,99,100,88,76,64,52,51,50,49,37,25,13,14,15,16,17,18,19;67,66,54,42;38,39,40,41,53,65,77,78,79,80,68,56,44,32,20;114,102,103,104;74,73,72,84,96,108;8,7,6,5,4,3,2,1,0,12,24,36,48,60,61,62,63,75,87,86
12,0,135,14;81,93,105,117,129,141,140,139,138,137,136,135,134,133,132,120,108,96,84,72,60,61,62,63,51,52,53,65,77;13,14,15,16,17,18,19,20,21;55,56,57,58,70,82,94,106,118,130,142,143;59,71,83,95,107,119,131;11,23,35,47,46,45,44;34,33,32;110,98,99;67,68,69;126,127,128,116,104,92,80;115,114,113,125,124;86,87,88,89,101,102,103,91,79;90,78,66,54,42,41,40,39,38,50,49,48,36,24,12,0,1,2,3,4,5,6,7,8,9,10,22;64,76,75,74,73,85,97,109,121,122,123,111,112,100;37,25,26,27,28,29,30,31,43
8,0,136,8;28,20,19,18;9,10,11,12,13,21,29,37,45;56,57,58,59,51,43,42,41;27,26,34;33,25,17;15,14,22,30,38,46,54,53;35,36,44,52,60,61,62,63,55,47,39,31,23;7,6,5,4,3,2,1,0,8,16,24,32,40,48,49,50
8,0,137,6;26,25,24,32,40,48,56;21,20,28,36,44,43,42,50,58,59,60,61,62,63,55,47,39,31;15,14,13,12,11,10,9;51,52,53,54,46,38,30,22,23;29,37,45;7,6,5,4,3,2,1,0,8,16,17,18,19,27,35,34,33,41,49,57
8,0,138,8;7,6,5,13,12;42,43,44,45,37;34,26,18,17;25,33,41,49,50,51,52,53,54,46,38,30;15,14,22,21,29,28;2,1,0,8,16,24,32,40,48,56,57,58,59,60,61,62,63,55,47,39,31,23;20,19,27,35,36;4,3,11,10,9
12,0,139,10;99,100,101,102,114,126,127,128,129,130,118;65,53,41,29,30,31,43,44,56,68,80,92,93,94,82;51,39,27,15;124,123,122,121,109,97,85,73,74,75,76,77,78,66;81,69,57,45,33,32;115,116,117;70,58,46,34,22,21,20,19,18,17,16,28,40,52,64,63,62,50,38,26,14;119,131,143,142,141,140,139,138,137,125,113,112,111,110,98,86,87,88,89,90,91,79,67,55,54,42;13,25,37,49,61;103,104,105,106,107,95,83,71,59,47,35,23,11,10,9,8,7,6,5,4,3,2,1,0,12,24,36,48,60,72,84,96,108,120,132,133,134,135,136
12,0,140,12;50,51,52,53,54,42;21,22,34,46,58,70,82,81,80,68,56,44,32,31,30,29,28,27,15,14,13;127,139,140,141,142,130,118,106,94;16,17,18,19,20;143,131,119,107,95,83,71,59,47,35,23,11,10,9,8,7,6,5,4,3,2,1,0,12,24,36,37;43,55,67,66,65,64,63,62,74,86,98,110,111,112,113,101,102,103,104,105,117,129,128;25,26,38,39,40,41;93,92,91,90,89,88;33,45,57,69;49,48,60,72,84,96,108,120,132,133,134,135,136,137,138,126,114,115,116;100,99,87,75,76,77,78,79;61,73,85,97,109,121,122,123,124,125
8,0,141,6;36,37,38;49,41,33,25,17,18,19,20,21;35,43,44,45,46,47;55,63,62,61,60,59;39,31,23,15,7,6,5,4,3,2,1,0,8,16,24,32,40,48,56,57,58;9,10,11,12,13,14,22,30,29,28,27,26,34,42,50,51,52,53,54
8,0,142,9;58,50,51,43,35,36;13,5,6,7,15,23,31,39,47,55,63,62;30,29,37,45,44,52,60,59;1,0,8,16,24;38,46,54,53,61;3,2,10,9;57,56,48,40,32,33,25,26,27,28,20,21,22,14;17,18,19,11,12,4;49,41,42,34
8,0,143,8;54,46,38,37,29,28,27;18,10,11;19,20,12,13,14;63,62,61,53,45;21,22,30;0,8,16,24,32,40,48,56,57,58,59,51,43,42,34,26;60,52,44,36,35;55,47,39,31,23,15,7,6,5,4,3,2,1,9,17,25,33,41,49,50
12,0,144,12;23,11,10,9,8,7,6,5,4,3,2,1,0,12,24,36,48,60,72,84,96,108,120,132,133,134,135,136,137,138;121,122,123;31,30,29,28,27,26,38,50,62,74,86,87;128,129,141,142,143,131,119,107,106,105,93,81,82,70;44,43,42,41,40,52,64,76,88;94,95,83,71,59,47,35,34,22,21;124,125,126,114,102,90,78,66,67;98,99,100;46,45,33,32,20,19,18,17,16,15,14,13,25,37,49,61,73,85,97,109,110,111,112,113,101,89,77,65,53,54,55,56;79,91,103,115,127,139,140;39,51,63,75;130,118,117,116,104,92,80,68,69,57,58
12,0,145,10;49,37,25,13,14,15;44,43,42,30,18,19,20,21,22,34,46,58;57,45,33,32,31;121,122,123,124,125,126,127,128;130,118,106,94,82,70,69,68,67,66,65,64,63,51,39,40,41,29;56,55,54,53,52;103,102,101,100,99,98,97,85,73,61,62,50,38,26,27,28,16,17;120,132,133,134,135,136,137,138,139,140;129,117,105,93,81,80,79,78,77,76,75;74,86,87,88,89,90,91,92,104,116,115,114,113,112,111,110,109,108,96,84,72,60,48,36,24,12,0,1,2,3,4,5,6,7,8,9,10,11,23,35,47,59,71,83,95,107,119,131,143,142,141
8,0,146,8;30,22,21,20,19,18;43,42,41,49,57,58,59,60,61,62,63,55,47;14,13,12,11,10,9,17;38,37,29,28,27;5,4,3,2,1,0,8,16,24,25,26;50,51,52,53,54,46;45,44,36,35,34,33,32,40,48,56;39,31,23,15,7,6
8,0,147,8;42,34,33,25,17,9;21,22,23,15,7,6,5;46,45,44,43,51,50,49;48,56,57,58,59,60,52,53,54;61,62,63,55,47,39,38,37,36,28,20,19,11,3,2,1,0,8,16,24,32,40,41;10,18,26,27,35;31,30,29;14,13,12,4
8,0,148,7;37,38,46,54,62,61,60,59,58,57,56;3,2,1;0,8,16,24,32,40,41,42,34,26,18,19,20,21,13,14,15,23,31,39,47,55,63;22,30,29,28,36,44,45;48,49,50,51,52,53;43,35,27;7,6,5,4,12,11,10,9,17,25,33
12,0,149,13;18,6,7,8,9,10;115,114,102,101,89,77,65,53,41,29,17,5;52,40,28,16,4,3,2,1,0,12,24,25,26,38;11,23,35,34,33,45,57,58,70,82,94,106,118,130,129,128;113,125,126;13,14,15,27,39,51,63,75,87,99,111,123,135;30,42,54,66,78,90,91,103;104,92,80,79,67,55,43,31,19,20,21,22;116,117,105,93,81,69,68,56,44,32;138,137,136,124,112,100,88,76,64;72,84,96,108,120,132,133,134,122,110,98,86,74,62,50,49,37;36,48,60,61,73,85,97,109,121;127,139,140,141,142,143,131,119,107,95,83,71,59,47,46
12,0,150,12;68,69,70,71,59,47,35,34,33,45,44,43;52,64,63,62,74,73,85,97,109,110,122,123,124,125,126,127,128,129,117,105,93,94;11,10,9,8,7,6,5,4,3,2,1,0,12,24,36,48;75,87,88,100,101,102,103,91,79,67,66,54;42,41,40,39,51,50,49,37,25,13,14,15,16,17,18,19;119,131,143;23,22,21,20,32,31,30,29,28,27,26,38;55,56,57,58,46;86,98,99,111,112,113,114,115,116,104,92,80,81,82,83,95,107,106,118,130,142,141,140,139,138,137,136,135,134,133,121;89,90,78;76,77,65,53;132,120,108,96,84,72,60,61
