10,0,1,4,,,1|11:2|12:3|13:4|14:5|15:6|16:7|17:18|19:20|21:28|29:30|31:38|39:40|41:48|49:50|51:58|59:60|61:68|69:70|71:78|79:80|81:82|92:83|93:84|94:85|95:86|96:87|97:88|98;46,56,66,76,86,85,84,83,82,81,91,92,93,94,95,96,97,98,99;53,43,33,23,13,14,15,16,17,18,8,7,6,5,4,3,2,1,0;9,19,29,39,49,59,69,79,89,88,87,77,67,57,47,37,36,35,45,55,65,75,74,73,72,71,61,51,41,31,21,11,10,20,30,40,50,60,70,80,90;78,68,58,48,38,28,27,26,25,24,34,44,54,64,63,62,52,42,32,22,12
10,0,2,5,,,2|12:3|13:4|14:5|15:6|16:7|17:8|18:10|11:20|21:28|29:30|31:38|39:40|41:48|49:50|51:58|59:60|61:68|69:70|71:78|79:81|91:82|92:83|93:84|94:85|95:86|96:87|97:88|89;29,39,49,59,69,79,89,99,98,88,78,68,58,48,38,37,36,35,34;17,16,15,14,13,12,22,32,42,52,62,63,64,65;55,56,66,76,75,74,73,72,71,61,51,41,31,21,11,1,0,10,20,30,40,50,60,70;2,3,4,5,6,7,8,9,19,18,28,27,26,25,24,23,33,43;53,54,44,45,46,47,57,67,77,87,86,85,84,83,82,81,80,90,91,92,93,94,95,96,97
10,0,3,6,,,1|11:3|13:4|14:5|15:6|16:7|17:8|18:10|11:18|19:20|21:30|31:38|39:40|41:48|49:50|51:58|59:60|61:68|69:78|79:80|81:81|91:82|92:83|93:84|94:85|95:86|96:88|89:88|98;1,0,10,20,30,40,50,60,70,71,72,73,74,75,65,66,56;22,32,42,52,53,54,55;45,44,43,33,23,24,25,26,27,37,38,48,58,68,78,88,87,97,96,95,94,93,92,91,90,80;13,14,15,16,17,18,28,29,39,49,59,69,79,89,99,98;81,82,83,84,85,86,76,77,67,57,47,46,36,35,34;19,9,8,7,6,5,4,3,2,12,11,21,31,41,51,61,62,63,64
10,0,4,6,,,1|11:2|12:4|14:5|15:6|16:7|17:8|18:10|11:18|19:20|21:28|29:30|31:40|41:48|49:50|51:58|59:68|69:70|71:78|79:80|81:81|91:82|92:83|93:84|94:85|95:87|97:88|89:88|98;82,83,84,85,75,76,77,67,57,56,55,54,53,52,51,41,31,21,11;66,65,64,74,73,72,71,81;50,40,30,20,10,0,1,2,3,13,12,22,32,42,43,44,45,46,36;24,14,15,16,17,18,28,38,39,29,19,9,8,7,6,5,4;23,33,34,35,25,26,27,37,47,48,58,68,78,88,87,86,96,97,98,99,89,79,69,59,49;63,62,61,60,70,80,90,91,92,93,94,95
10,0,5,8,,,1|11:2|12:3|13:5|15:6|16:7|17:8|18:10|11:18|19:20|21:28|29:30|31:38|39:40|41:58|59:60|61:68|69:70|71:78|79:80|81:81|91:82|92:83|93:84|94:86|96:87|97:88|89:88|98;72,62,52,42,41,31,21;5,6,7,8,9,19,29,39,49,48,38,28,18,17,16,15,25,35,45,55,65,75,76;23,13,14,4,3,2,1,0,10,20,30,40;26,36,46,56,66,67,77,87,86;11,12,22,32,33,43,53,63,73,83;24,34,44,54,64,74,84,85,95,96,97,98,99,89,79,69,59;88,78,68,58,57,47,37,27;82,81,71,61,51,50,60,70,80,90,91,92,93,94
10,0,6,7,,,1|11:2|12:3|13:4|14:6|16:7|17:8|18:10|11:18|19:20|21:28|29:30|31:38|39:48|49:50|51:60|61:68|69:70|71:78|79:80|81:81|91:82|92:83|93:85|95:86|96:87|97:88|89:88|98;81,82,83,73,74,64,65,66,76,86,87,88,78,68,58,59,69,79,89,99,98,97,96,95;4,3,2,1,0,10,20,30,40,41,31,32,22,23,24,25,26,16;21,11,12,13,14,15,5,6,7,8,9,19,29,39,49;71,61,51,52,42,43,44,45,46,47,48,38,28,18;17,27,37,36,35,34,33;75,85,84,94,93,92,91,90,80,70,60,50;72,62,63,53,54,55,56,57,67,77
10,0,7,6,,,1|11:2|12:3|13:4|14:5|15:7|17:8|18:10|11:18|19:20|21:28|29:38|39:40|41:48|49:50|51:58|59:60|61:70|71:78|79:80|81:81|91:82|92:84|94:85|95:86|96:87|97:88|89:88|98;36,35,45,44,54,64;66,67,57,58,48,38,28,18,17,16,6,5,4,3,2,1,0,10,20;34,24,23,22,32,42,41,51,61,71,81;7,8,9,19,29,39,49,59,69,68,78,88,87,86,85,84,74,73,63;77,76,75,65,55,56,46,47,37,27,26,25,15,14,13,12,11,21,31,30,40,50,60,70,80,90,91,92;79,89,99,98,97,96,95,94,93,83,82,72,62,52,53,43,33
10,0,8,7,,,1|11:2|12:3|13:4|14:5|15:6|16:8|18:10|11:18|19:28|29:30|31:38|39:40|41:48|49:50|51:58|59:60|61:68|69:70|71:80|81:81|91:83|93:84|94:85|95:86|96:87|97:88|89:88|98;89,99,98,97,96,95,94,93,92,82,81,71,61,51;31,41,42,52,62,72;57,47,37,27,26,25,24,23,13,12,11,21,20,30,40,50,60,70,80,90,91;65,55,45,44,43,53,63,73,83,84,85,86,87,88,78,79,69,59,49,39,29,19,9,8;14,15,16,17,7,6,5,4,3,2,1,0,10;77,76,75,74,64,54;18,28,38,48,58,68,67,66,56,46,36,35,34,33,32,22
10,0,9,5,,,1|11:2|12:3|13:4|14:5|15:6|16:7|17:18|19:20|21:28|29:30|31:38|39:40|41:48|49:50|51:58|59:60|61:68|69:70|71:78|79:80|81:82|92:83|93:84|94:85|95:86|96:87|97:88|98;79,69,59,49,39,29,19,9,8,18,28,38,48,47,46,45,44,43,53,63,73;7,6,5,4,3,2,1,0,10,11,12,13,14,15,16,17,27,37,36,35,34,33,32,42,52,62,72,82,83,84,85,86,87,77;58,57,56,55,54,64,74,75,76;65,66,67,68,78,88,89,99,98,97,96,95,94,93,92;20,30,40,50,60,70,80,90,91,81,71,61,51,41,31,21,22,23,24,25,26
10,0,10,5,,,2|12:3|13:4|14:5|15:6|16:7|17:8|18:10|11:20|21:28|29:30|31:38|39:40|41:48|49:50|51:58|59:60|61:68|69:70|71:78|79:81|91:82|92:83|93:84|94:85|95:86|96:87|97:88|89;28,38,48,58,68,78,77,76,75,74,73,63,53,43,42,41,51,61,71,81,80,90,91,92,93,94,95,96,97;52,62,72,82,83,84,85,86,87,88,98,99,89,79,69,59,49,39,29;31,32,33,34,44,54,55,56,46,36,26,16,15,14,13,12;2,3,4,5,6,7,8,9,19,18,17,27,37,47,57,67,66,65,64;70,60,50,40,30,20,10,0,1,11,21,22,23,24,25,35,45
11,0,11,7,,,1|12:3|14:4|15:5|16:6|17:7|18:8|19:9|20:11|12:20|21:22|23:33|34:42|43:44|45:53|54:55|56:64|65:66|67:75|76:77|78:86|87:97|98:99|100:100|111:101|112:102|113:103|114:104|115:105|116:106|117:108|109:108|119;50,61,72,73,74,75,64,53,42;23,12,13,2,3,4,5,6,7,8,9,10,21;108,97,86,85,84,83,82,71,60;119,120,109,98,87,76,65,54,43,32,31,20,19,18,17,16,15,14,25,24,35,34,45,56,67,78,89,88,77,66,55,44,33,22,11,0,1;99,110,111,112,113,114,115,116,117,118,107,106,105,104,103,102,91,80,69,58;100,101,90,79,68,57,46,47,36,37,26,27,28,29,30,41,52,63;96,95,94,93,92,81,70,59,48,49,38,39,40,51,62
11,0,12,8,,,1|12:2|13:4|15:5|16:6|17:7|18:8|19:9|20:11|12:20|21:22|23:31|32:33|34:44|45:53|54:55|56:64|65:66|67:75|76:86|87:88|89:97|98:99|100:100|111:101|112:102|113:103|114:104|115:105|116:107|118:108|109:108|119;36,25,26,15,16,17,18,19,20,31;66,55,44,33,22,11,0,1,2,3,14,13,12,23,34,45,56,67,68,79,90;71,72,73,74,63,64,53,42,43,32,21,10,9,8,7,6,5,4;75,86,85,84,83,82,93,92,91,80,69,58,57,46,35,24;97,96,95,94,105,104,103,102,101,100,89,78,77,88,99,110,111,112,113,114,115,116;108,107,106,117,118,119,120,109,98,87,76,65,54;81,70,59,60,61,62,51,52,41,30,29,28,27,38,37;40,39,50,49,48,47
11,0,13,8,,,1|12:2|13:3|14:5|16:6|17:7|18:8|19:9|20:11|12:20|21:22|23:31|32:33|34:42|43:44|45:55|56:64|65:75|76:77|78:86|87:88|89:97|98:99|100:100|111:101|112:102|113:103|114:104|115:106|117:107|118:108|109:108|119;55,44,33,22,11,0,1,2,3,4,15,14,13,12,23,34,45,56,57,58,59,60,61,62,73,74;81,82,93,94,95,106,107,108,97,86,75,64,63,52;65,76,87,98,109,120,119,118,117,116,105,104,103,92,91,90,79,68;115,114,113,112,111,110,99,88,77,66,67,78,89,100,101,102;5,6,7,8,9,10,21,32,43,54,53,42,31,30,29,28,39,38,37,36;80,69,70,71,72,83,84,85,96;41,40,51,50,49,48,47,46,35,24,25,26,27,16,17;20,19,18
11,0,14,7,,,1|12:2|13:3|14:4|15:6|17:7|18:8|19:9|20:11|12:20|21:22|23:31|32:33|34:42|43:44|45:53|54:66|67:75|76:77|78:86|87:88|89:97|98:99|100:100|111:101|112:102|113:103|114:105|116:106|117:107|118:108|109:108|119;95,96,85,74,63,52,53,42,31,20,19,18,17,16,5,6,7,8,9,10,21,32,43,54;25,24,35,46,57,68,67,78,89,90,91,92,81,70,59,60;66,77,88,99,110,111,112,113,114,115,104,103,102,101,100;48,49,50,61,72,71,82,93;41,30,29,28,27,38,37,36,47,58,69,80,79;116,117,118,119,120,109,98,87,76,65,64,75,86,97,108,107,106,105,94,83,84,73,62,51,40,39;26,15,14,13,12,23,34,45,56,55,44,33,22,11,0,1,2,3,4
11,0,15,7,,,1|12:2|13:3|14:4|15:5|16:7|18:8|19:9|20:11|12:20|21:22|23:31|32:33|34:42|43:53|54:55|56:64|65:66|67:77|78:86|87:88|89:97|98:99|100:100|111:101|112:102|113:104|115:105|116:106|117:107|118:108|109:108|119;7,8,9,10,21,32,43,54,65,76,75,64,53,42,31,20,19,18,29,40,51,62,61,60;86,97,108,107,106,105,104,93,92,91,90,79,68,57,46,35,24,25,26,37,38;113,112,111,110,99,88,77,66,55,44,45,34,23,12,13,14,15,16,27;87,98,109,120,119,118,117,116,115,114,103,102,101,100,89,78,67,56;82,81,80,69,58,47,36;84,73,74,63,52,41,30;33,22,11,0,1,2,3,4,5,6,17,28,39,50,49,48,59,70,71,72,83,94,95,96,85
11,0,16,7,,,1|12:2|13:3|14:4|15:5|16:6|17:8|19:9|20:11|12:20|21:22|23:31|32:42|43:44|45:53|54:55|56:64|65:66|67:75|76:77|78:88|89:97|98:99|100:100|111:101|112:103|114:104|115:105|116:106|117:107|118:108|109:108|119;98,109,120,119,118,117,116,115,114,113,102,101,100,89,78,67,56,45,46,47;12,13,14,15,16,17,28,29,30,41,52,63,74,85,96,95,94,83,72,61,60,59,58,57;103,92,91,90,79,68,69,70,71;75,64,53,42,31,20,19,18,7,6,5,4,3,2,1,0,11,22;8,9,10,21,32,43,54,65,76,87,86,97,108,107,106,105,104,93,82,81,80;112,111,110,99,88,77,66,55,44,33,34,23,24,25,26,27,38,39,40,51,62,73,84;35,36,37,48,49,50
11,0,17,8,,,1|12:2|13:3|14:4|15:5|16:6|17:7|18:9|20:11|12:20|21:31|32:33|34:42|43:44|45:53|54:55|56:64|65:66|67:75|76:77|78:86|87:88|89:99|100:100|111:102|113:103|114:104|115:105|116:106|117:107|118:108|109:108|119;58,69,80,81,92,93,94,95,96,85,74,63,52,41,30,29,18,17,16;109,120,119,118,117,116,115,114,113,112,101,100,89,78,67,56,45;11,0,1,2,3,4,5,6,7,8,19,20,31,42,53,64,75,86;40,39,28;37,36,25,24,13,12;111,110,99,88,77,66,55,44,33,22,23,34,35,46,47,48,59,70,71,82,83,84,73,62,51,50;57,68,79,90,91,102,103,104,105,106,107,108,97,98,87,76,65,54,43,32,21,10,9;14,15,26,27,38,49,60,61,72
11,0,18,6,,,1|12:2|13:3|14:4|15:5|16:6|17:7|18:8|19:20|21:22|23:31|32:33|34:42|43:44|45:53|54:55|56:64|65:66|67:75|76:77|78:86|87:88|89:97|98:99|100:101|112:102|113:103|114:104|115:105|116:106|117:107|118:108|119;49,48,47,58,69,70,81,92,103,104,105,106,107,108,109,98,87,76,65,54,43,32,21,10;61,72,83,84,85,86;0,1,2,3,4,5,6,7,8,9,20,31,42,53,64,75,74,73,62,51,50,39,38,37,36,35,46,57,68,79,80,91,102,101,100,111,112,113,114,115,116,117,118,119,120;110,99,88,77,66,55,44,33,22,11,12,13,14,15,16,17,18,19,30,41,52,63;97,96,95,94,93,82,71,60,59;40,29,28,27,26,25,24,23,34,45,56,67,78,89,90
11,0,19,5,,,2|13:3|14:4|15:5|16:6|17:7|18:8|19:9|20:11|12:22|23:31|32:33|34:42|43:44|45:53|54:55|56:64|65:66|67:75|76:77|78:86|87:88|89:97|98:100|111:101|112:102|113:103|114:104|115:105|116:106|117:107|118:108|109;120,109,98,87,76,65,54,43,32,21,20,19,18,17,16,15,26,37,48,59,60,61,72,83,82,81,80,79,68,57,46,35,24;38,39,40,41,52,63,74,85,96,107,106,105,104,103,102,101,100,99,88,77,66,55,44,33,22,11,0;71,70,69,58,47,36,25,14,13;110,111,112,113,114,115,116,117,118,119,108,97,86,75,64,53,42,31,30,29,28,27;49,50,51,62,73,84,95,94,93,92,91,90,89,78,67,56,45,34,23,12,1,2,3,4,5,6,7,8,9,10
11,0,20,7,,,1|12:3|14:4|15:5|16:6|17:7|18:8|19:9|20:11|12:20|21:22|23:33|34:42|43:44|45:53|54:55|56:64|65:66|67:75|76:77|78:86|87:97|98:99|100:100|111:101|112:102|113:103|114:104|115:105|116:106|117:108|109:108|119;47,36,37,38,39,40,51,52,63,74,85,96,95,106;117,116,115,114,113,112,111,110,99,88,89,100,101,102,103,104,105,94,83,84,73,62;3,4,5,6,7,8,9,10,21,32,31,20,19,18,17,16,15,14,25,24,35,46,57,58,59,60;93,82,81,80,69,68;92,91,90,79,78,67,56,45,34,23,12,13,2,1,0,11,22,33,44,55,66,77;70,71,72,61,50,49,48;26,27,28,29,30,41,42,53,64,75,86,97,108,107,118,119,120,109,98,87,76,65,54,43
12,0,21,8,,,1|13:2|14:4|16:5|17:6|18:7|19:8|20:9|21:10|22:12|13:22|23:24|25:34|35:36|37:48|49:58|59:60|61:70|71:72|73:82|83:84|85:94|95:106|107:108|109:118|119:120|121:121|133:122|134:123|135:124|136:125|137:126|138:127|139:129|141:130|131:130|142;4,5,6,7,8,9,10,11,23,35,47,46,58,70,82,94,106,118,130,129;14,13,25,37,49,61,73,85,86,87,88,76,64,52;139,138,137,136,135,134,133,132,120,108,96,97,109,121,122,123,124,125,126,127,115,103,104,92,80,68,56,44,43,42,54,66,78;55,67,79,91,90,102,114,113,112,111,110,98;22,34,33,45,57,69,81,93,105,117,116,128,140,141,142,143,131,119,107,95,83,71,59;84,72,60,48,36,24,12,0,1,2,3,15,27,26,38,50,62,74;75,63,51,39,40,28,16,17,18,19,20,21;32,31,30,29,41,53,65,77,89,101,100,99
12,0,22,8,,,1|13:2|14:3|15:5|17:6|18:7|19:8|20:9|21:10|22:12|13:22|23:24|25:34|35:36|37:46|47:48|49:60|61:70|71:72|73:82|83:94|95:96|97:106|107:108|109:118|119:120|121:121|133:122|134:123|135:124|136:125|137:126|138:128|140:129|141:130|131:130|142;96,108,120,132,133,134,135,136,137,138,139,127,115,116,104,92,80,81,69,57,45,33,32,31,30,42,41,40,39,51,63,64,76,88,100,99,98,86;73,61,49,37,25,13,14,15,16,4,5,6,7,8,9,10,11,23,35,47;52,53,65,77,89,101,113,112,111,110;140,141,142,143,131,119,107,95,83,71,59,58,70,82,94,106,118,130,129,128;3,2,1,0,12,24,36,48,60,72,84,85,97,109,121,122,123,124,125,126,114,102,90,78,66,54,55;43,44,56,68,67,79,91,103;117,105,93;87,75,74,62,50,38,26,27,28,29,17,18,19,20,21,22,34,46
12,0,23,8,,,1|13:2|14:3|15:4|16:6|18:7|19:8|20:9|21:10|22:12|13:22|23:24|25:34|35:36|37:46|47:48|49:58|59:60|61:82|83:84|85:94|95:96|97:106|107:108|109:118|119:120|121:121|133:122|134:123|135:124|136:125|137:127|139:128|140:129|141:130|131:130|142;104,103,102,101,89,77,65;68,69,57,45,33,21,20,19,18,30,29,28,27,26,38,50;22,34,46,58,70,71,83,95,107,119,131,143,142,141,140,139;32,44,56,55,67,79,91,92,93;90,78,66,54,53,52,64,76,88,100,112,111,110,98,86,74,62,61,49,37,25,13,14,15,16,17,5,6,7,8,9,10,11,23,35,47,59;84,96,108,120,132,133,134,135,136,137,138,126,127,128,129,130,118,106,94,82,81,80;4,3,2,1,0,12,24,36,48,60,72,73,85,97,109,121,122,123,124,125,113,114,115,116,117,105;31,43,42,41,40,39,51,63,75,87,99
12,0,24,7,,,1|13:2|14:3|15:4|16:5|17:7|19:8|20:9|21:10|22:12|13:22|23:24|25:34|35:36|37:46|47:48|49:58|59:70|71:72|73:84|85:94|95:96|97:106|107:108|109:118|119:120|121:121|133:122|134:123|135:124|136:126|138:127|139:128|140:129|141:130|131:130|142;48,36,24,12,0,1,2,3,4,5,6,18,19,20,21,33,45,57;26,38,39;27,28,40,41,42,43,55,67,79,91,90,89,101,113;115,116,117,105,93,81,69,70,58,46,34,22;7,8,9,10,11,23,35,47,59,71,83,82,94,106,118,130,129,128,127,126,114,102,103,104,92,80,68,56,44,32,31,30,29,17,16,15,14,13,25,37,49,50,62,74,86,98,110;95,107,119,131,143,142,141,140,139,138,137,125,124,112,100,88,76,64,65;77,78,66,54,53,52,51,63,75,87,99,111,123,122,121,109,97,85,73,61,60,72,84,96,108,120,132,133,134,135,136
12,0,25,7,,,1|13:2|14:3|15:4|16:5|17:6|18:8|20:9|21:10|22:12|13:22|23:24|25:34|35:36|37:46|47:58|59:60|61:70|71:72|73:82|83:84|85:96|97:106|107:108|109:118|119:120|121:121|133:122|134:123|135:125|137:126|138:127|139:128|140:129|141:130|131:130|142;135,134,133,132,120,108,96,84,72,60,48,49,61,73,85,97,109,121,122,123,111,99,100,101,102,103,104,105,106,118,130,129,128,127,126,125;13,25,26,27,39,51,63,64,65,66,67,55,43,31,32,20,21,22,34,46,58,70,82,94,95,83,71,59,47,35,23,11,10,9,8;33,45,44,56,68,80,79,78,77,76,75,74,62,50,38,37;17,29,41;57,69,81,93,92,91,90,89,88,87,86,98,110;107,119,131,143,142,141,140,139,138,137,136,124,112,113,114,115,116,117;14,15,16,28,40,52,53,54,42,30,18,19,7,6,5,4,3,2,1,0,12,24,36
12,0,26,8,,,1|13:2|14:3|15:4|16:5|17:6|18:7|19:9|21:10|22:12|13:22|23:24|25:34|35:46|47:48|49:58|59:60|61:70|71:72|73:82|83:84|85:94|95:96|97:108|109:118|119:120|121:121|133:122|134:124|136:125|137:126|138:127|139:128|140:129|141:130|131:130|142;24,12,0,1,2,3,4,5,6,7,8,20,21,22,34,46,58,70,82,94,93,105,117,116,115,103,102,90,89,88,76,64,52;25,13,14,15,16,17,18,19,31,32,33,45,57,69,81,80;85,97,109,121,122,123,135,136,137,138,139,140,141,142,143,131,119;104,92,91,79,78,77,65,53,41,40,39,51;44,56,68,67,66,54;114,113,101,100,99,87,75,63,62;134,133,132,120,108,96,84,72,60,48,36,37,38,26,27,28,29,30,42,43,55;9,10,11,23,35,47,59,71,83,95,107,106,118,130,129,128,127,126,125,124,112,111,110,98,86,74,73,61,49,50
12,0,27,7,,,1|13:2|14:3|15:4|16:5|17:6|18:7|19:8|20:10|22:12|13:22|23:34|35:36|37:46|47:48|49:58|59:60|61:70|71:72|73:82|83:84|85:94|95:96|97:106|107:108|109:120|121:121|133:123|135:124|136:125|137:126|138:127|139:128|140:129|141:130|131:130|142;53,52,64,63,62,61,73,85,97,109,121,122,134,135,136,137,138,139,140,141,142,143,131;87,99,100,112,113,114,115,116,117;78,90,91,92,93,81,69,57,45,33,32,20,19,18,17,16,15,14,13,25,24,36,48,60,72,84,96,108,120,132,133;37,49,50,51,39,40,41,42,54;55,67,66,65,77,89,101,102,103,104,105,106,94,82,70,58,46,34,22,21,9,8,7,6,5,4,3,2,1,0,12;88,76,75,74,86,98,110,111,123,124,125,126,127,128,129,130,118,119,107,95,83,71,59,47,35,23,11,10;79,80,68,56,44,43,31,30,29,28,27,26,38
12,0,28,6,,,1|13:2|14:3|15:4|16:5|17:6|18:7|19:8|20:9|21:22|23:24|25:34|35:36|37:46|47:48|49:58|59:60|61:70|71:72|73:82|83:84|85:94|95:96|97:106|107:108|109:118|119:120|121:122|134:123|135:124|136:125|137:126|138:127|139:128|140:129|141:130|142;24,36,48,60,72,84,96,108,120,132,133,121,122,123,124,125,126,127,128,129,117,105,93,81,69;21,20,19,18,17,16,15,14,26,38,50,62,74,86,98,99,100,101,102,103,91,79;134,135,136,137,138,139,140,141,142,143,131,130,118,106,94,82,70,58,57,56,55,54,53,65,77,89;88,87,75,63,51,39,27,28,29,30,31,32,33,34,22,10,11,23,35,47,59,71,83,95,107,119;90,78,66,67,68,80,92,104,116,115,114,113,112,111,110,109,97,85,73,61,49,37,25,13,12,0,1,2,3,4,5,6,7,8,9;76,64,52,40,41,42,43,44,45,46
12,0,29,6,,,2|14:3|15:4|16:5|17:6|18:7|19:8|20:9|21:10|22:12|13:24|25:34|35:36|37:46|47:48|49:58|59:60|61:70|71:72|73:82|83:84|85:94|95:96|97:106|107:108|109:118|119:121|133:122|134:123|135:124|136:125|137:126|138:127|139:128|140:129|141:130|131;104,105,93,94,82,70,58,46,34,22,23,11,10,9,8,7,6,5,4,3,2;35,47,59,71,83,95,107,119,131,143,142,130,129,128,127,126,114,102,90,78,66,65,53;32,31,30,29,28,27,39,51,63,75,87,88,100,112,111,110,109,97,85,73,61,49,37,25,13,1,0,12,24,36,48,60,72,84,96,108;106,118,117,116,115,103,91,79,67,55,54;68,56,44,43,42,41,40,52,64,76,77,89,101,113,125,124,123,122,121,120,132,133,134,135,136,137,138,139,140,141;99,98,86,74,62,50,38,26,14,15,16,17,18,19,20,21,33,45,57,69,81,80,92
12,0,30,8,,,1|13:3|15:4|16:5|17:6|18:7|19:8|20:9|21:10|22:12|13:22|23:24|25:36|37:46|47:48|49:58|59:60|61:70|71:72|73:82|83:84|85:94|95:96|97:106|107:118|119:120|121:121|133:122|134:123|135:124|136:125|137:126|138:127|139:128|140:130|131:130|142;103,115,114,113,112,111,110,98,97,85,73,61,49;102,101,100,99,87,86,74,62,50,51,52,53,41;1,0,12,24,36,48,60,72,84,96,108,109,121,122,123,124,125,126,127,128,116,104,92,91,90,89,88,76;55,67,68,69,70,82,94,106,118,130,129,141,140,139,138,137,136,135,134,133,132,120;46,45,33,32,31,30,29,28,40,39,38,37,25,13,14,2,3,4,5,6,7,8,9,10,11,23;75,63,64,65,77,78,79,80,81,93,105,117;142,143,131,119,107,95,83,71,59,47,35,34,22,21,20,19,18,17,16,15,27,26;66,54,42,43,44,56,57,58
