11:12+B,0,1,8,,0:1:2:4:5:6:7:8:15:16:17:18:19:22:33:44:45:55:56:66:67:77:88:89:99:100:101:109:110:111:112:116:117:118:119:120:121:122:123:125:126:127:128:129:130:131;9,10,21,32,43,42,53,64,75,86,85,96,95,94,93,92,81,80,69,68,57,46,35,24,13,14,3;20,31,30,41,52,63,74;103,102,91,90,79,78;54,65,76,87,98,97,108,107,106,105,104,115,114,113,124;25,26,37,38,39,50,61,72;11,12,23,34;70,59,58;36,47,48,49,60,71,82,83,84,73,62,51,40,29,28,27
10:12+B,0,2,8,,0:2:3:4:5:6:7:13:15:16:30:40:50:60:70:80:90:99:100:101:107:108:109:110:111:113:114:115:116:117:118:119;10,11,1;65,55,45,35,34,24,14;9,8,18,28,38,48,58,68,78,77,87,86,85,84,83,82,72,62,61,51,41,31,21,20;25,26,36,46,56,66,76,75,74,64,54,44,43,33,23,22,12;17,27,37,47,57,67;71,81,91,92,93,94,95;32,42,52,53,63,73;112,102,103,104,105,106,96,97,98,88,89,79,69,59,49,39,29,19
10:12+B,0,3,7,,0:3:4:5:6:14:15:16:20:40:50:60:70:80:89:90:99:100:101:107:108:109:110:111:113:114:116:117:118:119;10,11,1,2;30,31,21;115,105,106,96,97,98,88,78,79;36,35,34,44,54,53,52,62,72,82;13,12,22,32,42,41,51,61,71,81,91,92,93,83,73,63,64,65,55,45,46,47,37,27,17,7,8,9,19,29,39,49,59,69,68,67,77,87,86,85,95;43,33,23,24,25,26;18,28,38,48,58,57,56,66,76,75,74,84,94,104,103,102,112
10:13+B,0,4,9,,0:1:3:4:5:6:7:8:9:10:13:14:15:16:20:24:25:30:50:51:60:70:90:100:109:110:111:117:118:119:120:121:123:125:126:127:128:129;11,12,2;80,81,91,101,102,103,104,105,95,96,97,87,88,89,79,69,59;56,55,54,64,74,73,72,82,92,93,94;40,41,31,21,22,23,33,34,35,36,26,27,17,18,19,29,39,49,48,58,68,78,77,76,86;124,114,115,116,106,107,108,98,99;122,112,113;28,38,37,47,46,45,44,43,53,63,62,61,71;57,67,66,65,75,85,84,83;52,42,32
10:13+B,0,5,9,,0:1:3:4:5:6:7:8:9:10:14:15:16:17:20:30:40:50:60:70:90:100:109:110:111:117:118:119:120:121:123:125:126:127:128:129;80,81,91,101,102;44,45,55,65,66,67;88,87,97,96,95,105,104,103,113,112,122;86,85,84,94,93,92,82,72,71,61,51,41,31,21,11;124,114,115,116,106,107,108,98,99,89,79,69,59,49,39,29,19;22,32,42,52,62,63,73,83;38,28,18;57,56,46,36,35,34,33,43,53,54,64,74,75;76,77,78,68,58,48,47,37,27,26,25,24,23,13,12,2
10:13+B,0,6,8,,0:2:3:4:5:6:7:14:15:16:17:20:30:40:50:60:70:90:100:101:109:110:111:117:118:119:120:121:122:124:125:127:128:129;1,11,10;91,92,93,94,95,85,75,65,66,56;126,116,115,114,113,123;62,52,42,32,33,23,24,25,26,27,28,18;112,102,103,104,105,106,107,108,98,99,89,79,69,59,49,39,29,19,9,8;96,86,76,77,67,57,47,46;97,87,88,78,68,58,48,38,37,36,35,34,44,43,53,63,73,72,71,61,51,41,31,21,22,12,13;45,55,54,64,74,84,83,82,81,80
10:13+B,0,7,9,,0:2:3:4:5:6:7:14:15:16:20:30:60:70:80:90:99:100:107:108:109:110:111:118:119:120:121:124:126:127:128:129;39,49,48,47,46,56,55,65;1,11,10;50,40,41,31,21;105,104,94,84,83,73,63,53,43,33,23,13;12,22,32,42,52,62,72,82,92,93,103,113,114,115,125;45,35,36,37,38,28,29,19;123,122,112,102,101,91,81,71,61,51;95,85,86,87,77,78,68;9,8,18,17,27,26,25,24,34,44,54,64,74,75,76,66,67,57,58,59,69,79,89,88,98,97,96,106,116,117
10:14+B,0,8,8,,0:3:4:5:6:7:8:9:14:15:20:30:60:70:80:89:99:100:101:108:109:110:111:117:118:119:120:121:127:128:129:130:131:132:133:134:136:137:138:139;10,11,1,2;87,86,96,95,105,115,114,124,123,122,112,102,92,82,72,62,63,53,43,44,34,35,36,37,27;50,40,41,31,21,22,12,13;28,38,48,58,68,67,77,76;113,103,93,83,73,74,64,54,55,45,46,47;90,91,81,71,61,51,52,42,32,33,23,24,25,26;57,56,66,65,75,85,84,94,104;135,125,126,116,106,107,97,98,88,78,79,69,59,49,39,29,19,18,17,16
10:14+B,0,9,9,,0:3:4:5:6:7:8:9:10:13:14:15:20:30:50:70:80:89:90:99:100:108:109:110:111:118:119:120:127:128:129:130:131:133:135:137:138:139;51,52,53,54,55,65,66,76;60,61,62,63,64,74,75,85;136,126,125,115,114,104,103,93,92,82;96,86,87,77,67,57,56,46,45,44,43,42,41,40;1,11,21,31,32,33,34,35,36,37,47,48,58,68;107,97,98,88,78,79,69,59,49,39,29,19,18,17,16;2,12,22,23,24,25,26,27,28,38;132,122,121;117,116,106,105,95,94,84,83,73,72,71,81,91,101,102,112,113,123,124,134
10:15+B,0,10,9,,0:3:4:5:6:7:8:9:10:13:14:15:16:17:18:19:20:23:24:25:30:40:50:60:70:80:99:100:109:110:117:118:119:120:121:127:128:129:130:138:139:140:144:147:148:149;108,98,88,89,79,69,59,49,39,29,28,27,26,36,35,34,33,43;102,103,104,105,95,85,75,76,66,56,55;72,62,52,42,32,22,12,2;1,11,21,31,41,51,61,71,81,82,92,93,94,84,74,64,65;37,38,48,58,68,78,77,87,86,96;90,91,101,111,112,113,114,115,116,106,107,97;131,132,122,123,124,125,126,136,137;67,57,47,46,45,44,54,53,63,73,83;141,142,143,133,134,135,145,146
10:15+B,0,11,8,,0:3:4:5:6:7:8:9:10:13:14:15:17:18:19:20:23:24:27:28:30:40:50:60:89:90:99:109:110:118:119:120:127:128:129:130:137:138:139:140:141:147:148:149;16,26,25,35,34,33,32,22,12,2,1;58,68,69,79;11,21,31,41,42,43,44,45,46,36,37,38,39,29;59,49,48,47,57,67,77,78,88,98,108,107,117,116,115,125,135,134,133,123,122,112,102,92,91,81;100,101,111,121,131,132,142,143,144,145,146,136,126;124,114,113,103,93,83,82,72,62,63,64,65,75,85,95,96,97;87,86,76,66,56,55,54,53,52,51,61,71,70,80;73,74,84,94,104,105,106
11:15+B,0,12,8,,0:4:5:6:7:8:9:10:11:12:15:16:17:18:19:20:21:22:23:27:30:31:32:33:34:44:45:55:56:66:67:77:98:99:110:111:120:121:122:130:131:132:133:140:141:142:143:144:151:152:153:154:155:157:162:163:164;109,108,119,118,129,128,139,150,161,160,159,158;46,57,68,79,78,89,88;81,70,59,48,49,50,51,52,53,64,75,74,73,72,83;29,28,39,38,37,26,25,14,3;156,145,146,147,148,149,138,127,116,117,106,107,96,97;124,125,114,115,104,105,94,95,84,85,86,87,76,65,54,43,42,41,40;63,62,61,60,71,82,93,92,103,102,113,112,123,134,135,136,137,126;100,101,90,91,80,69,58,47,36,35,24,13,2,1
11:16+B,0,13,9,,0:1:3:4:5:6:7:8:9:10:11:14:15:16:17:18:19:20:21:22:23:27:28:29:30:31:32:33:34:38:41:42:43:44:45:55:56:66:67:77:78:109:110:111:121:131:132:133:142:143:144:152:153:154:155:162:163:164:165:166:167:168:172:173:174:175;2,13,12;120,119,130,141,140,151,150,161,160,171,170,169;40,51,52,53,54,65,76,87,98,97,108,107,118,129,128,139;122,123,112,113,114,103,104,93,82,71,72;36,47,58,59,60,61,62,63,64,75,86,85,96,95,106,117;125,124,135,134,145,156,157,158,159,148,149,138,127,116,105,94,83,84,73,74;88,99,100,101,102,91,92,81,70,69,68,57,46,35,24,25,26,37,48,49,50,39;80,79,90,89;115,126,137,136,147,146
11:16+B,0,14,9,,0:1:3:4:5:6:7:8:9:10:16:17:18:19:20:21:22:27:28:29:30:31:32:33:34:39:40:41:42:43:44:45:53:55:56:66:67:78:109:110:120:121:122:131:132:133:141:142:143:153:154:155:156:162:163:164:165:166:167:168:172:173:174:175;99,100,111,112,123,124,135,146,157,158,159,148,149;169,170,171,160,161,150,151,152;144,145,134;147,136,137,138,139,140,129,118,107,96,85,86,75,64,63,52,51,50,49,38,37,26,15;68,79,80,91,92,103,104;130,119,108,97,98,87,76,65,54;125,126,127,128,117,106,95,84,83,72,71;74,73,62,61,60,59,48,47,36,25,14,13,2;77,88,89,90,101,102,113,114,115,116,105,94,93,82,81,70,69,58,57,46,35,24,23,12,11
11:16+B,0,15,9,,0:1:2:3:5:6:7:8:9:10:11:16:17:18:19:20:21:22:28:29:30:31:32:33:40:41:42:43:44:45:52:54:55:66:67:77:109:120:121:132:133:141:142:143:144:152:153:154:155:156:157:162:163:164:165:166:167:168:172:173:174:175;79,78,89,88,99,110,111,122,123,134,145,146,147,158,169,170,171,160,161,150,151,140,129,130,131;4,15,14;46,47,58,59,70,81,92,103,102,113,112;23,34,35,36,37,48,49,60,71,82,93,104,115,114,125,124,135;86,75,74,63,62,51,50,39,38,27,26,25,24,13,12;56,57,68,69,80,91,90,101,100;53,64,65,76,87,98,97,108,119,118,117,128,139,138,149,148,159;136,137,126,127,116,105,106,107,96,85,84,73,72,61;83,94,95
11:15+B,0,16,8,,0:6:7:8:9:10:11:17:18:19:20:21:22:23:29:30:31:32:33:34:44:45:55:56:66:98:109:110:120:121:131:132:133:141:142:143:144:145:152:153:154:155:156:157:160:161:162:163:164;89,90,101,112,123,134,135,146,147,158,159;50,51,52,53,64,75,74,85,96,107,118,129,140,151,150,149,148,137,136,125,124,113,102,91;12,1,2,3,4,5,16,27,28,39,40,41,42,43,54,65,76,87,86,97,108,119,130;138,139,128,117,116,105,104,93,82,71;106,95,84,73,62,63;68,67,78,77,88,99,100,111,122;94,83,72,61,60,49,38,37,26,15,14,13,24,35,46,57,58,69,80,79;127,126,115,114,103,92,81,70,59,48,47,36,25
11:16+B,0,17,9,,0:1:2:3:5:6:7:8:9:10:17:18:19:20:21:22:29:30:31:32:33:40:42:43:44:45:55:66:67:77:78:88:109:120:131:132:141:142:143:144:145:152:153:154:155:156:157:163:164:165:166:167:168:170:171:173:174:175;36,47,48,59,70,69,68,79,90,89,100,99,110,121;58,57,56;13,14,15,4;71,82,81,80,91,102,101,112,111,122,133,134,135,146,147,148,137,138,127,116,105,106,95,84,73,74;16,27,28,39,50,51,62,63,64,75,86,85,96,107,118,117,128,139,150,149,160,159,158,169;34,35,46;172,161,162,151,140,129,130,119,108,97,98,87,76,65,54,53,52,41;136,125,126,115,104,93,94,83,72,61,60,49,38,37,26,25,24,23,12,11;92,103,114,113,124,123
12:16+B,0,18,9,,0:1:2:3:4:6:7:8:9:10:11:12:13:20:21:22:23:24:25:32:33:34:35:36:37:45:46:47:48:49:59:60:61:62:72:73:84:85:96:97:108:119:132:143:144:145:155:156:157:158:160:166:167:168:169:170:171:172:177:178:179:180:181:182:183:184:185:186:187:189:190:191;109,110,122,123,135,136,148,149,161,173,174,175,163,151,139,127,126;5,17,18,19,31,43,44,56,57,58,70,71,83,95,107;188,176,164,152,140,141,129,117,105,93,92,80,79,78,66,65,53,41;128,116,104,103,91,90,89,77,76,64,52,40,39,27;115,114,102,101,100,88,87;124,112,111,99,98,86,74,75,63,51,50,38,26,14,15,16,28,29,30,42,54,55,67,68,69,81,82,94,106,118;120,121,133,134,146,147,159;162,150,138,137,125,113;131,130,142,154,153,165
11:15+B,0,19,9,,0:7:8:9:10:11:19:20:21:29:30:31:32:33:44:54:55:66:77:87:98:109:120:131:132:135:141:142:143:144:145:146:152:153:154:155:156:157:158:160:162:163:164;22,23,12,1,2,3,4,15,26,25,36,47,58,69,80,91,102,113,112,123,134;133,122,121,110,99,88,89,78,67,56,45,34,35,24,13,14;65,76,75,86,97,108,119,130,129,140,151,150,161;46,57,68,79,90,101,100,111;61,72,83,94,93,104,115,126,137,136,147;43,42,53,64,63,74,85,96,107,118,117,128,139,138,149,148,159;127,116,105,106,95,84,73,62,51,50,49,60,71,82,81,92,103,114,125,124;6,5,16,27,38,37,48,59,70;52,41,40,39,28,17,18
12:16+B,0,20,9,,0:1:2:7:8:9:10:11:12:20:21:22:23:24:25:32:33:34:35:36:37:44:45:46:47:48:58:59:60:72:73:83:84:85:95:96:97:108:109:119:131:132:143:144:154:155:156:157:166:167:168:169:170:171:172:178:179:180:181:182:183:184:185:186:187:188:190:191;49,61,62,74,86,98,110,122,134,135,147,148,149,150,162,163,164,165,153,141,142,130,118,106,107;56,57,69,81,93,105,117,129,128,140;103,91,79,78,66,54,42,30,18,6,5,4,16,28;101,113,125,126,127,115,116,104,92,80,68,67,55,43,31,19;114,102,90,89,77,65,53,41,29,17;13,14,26,38,50,51,63,75,87,99,111,123;120,121,133,145,146,158,159,160,161,173,174,175,176,177,189;71,70,82,94;152,151,139,138,137,136,124,112,100,88,76,64,52,40,39,27,15,3
11:16+B,0,21,9,,0:1:6:7:8:9:10:11:18:19:20:21:22:29:30:31:32:41:42:43:52:53:54:65:66:76:77:87:98:99:120:141:142:143:152:153:154:156:157:163:164:165:166:167:168:169:170:172:174:175;119,118,107,96,85,74,73,72,83,94,105,116,127,138,139,140,151,162,173;171,160,159,158,147,136,125,114,103,92,81,70,59,48,49,38,27,26,15,14,13,12,23,34,45,56,67,78,89,88;40,51,62,63,64,75,86,97,108,109;155,144,145,146,135,124;110,121,132,133,134,123,112,113,102,91,80,69,58,47,36,37;2,3,4,5,16,17,28,39,50,61,60,71,82,93,104,115,126,137,148,149,150,161;131,130,129,128,117,106,95,84;33,44,55;25,24,35,46,57,68,79,90,101,100,111,122
11:16+B,0,22,9,,0:1:2:5:7:8:9:10:11:18:19:20:21:22:29:30:31:32:33:41:42:43:54:65:66:77:87:88:98:109:120:131:141:142:143:152:153:154:157:158:164:165:166:167:168:169:174:175;76,75,64,53,52,51,40,39,38,27,16,15,4,3;28,17,6;24,35,36,47,58,59,60,71,72,73,74,85,86,97,108,119,130,129,140,151,150;63,62,61,50,49,48,37,26,25,14,13,12,23,34,45,46,57,68,79,90,101,112;44,55,56,67,78,89,100,111,122,123,134,145,146,147,148,159,170,171,172,173,162,163;139,128,117,118,107,96,95,94,93,104,115,126,137,136,135,124,113,102,91,80,69,70;125,114,103,92,81,82,83,84;161,160,149,138,127,116,105,106;156,155,144,133,132,121,110,99
12:16+B,0,23,8,,0:1:2:3:4:5:6:9:10:11:12:13:14:21:22:23:24:25:32:33:34:35:36:45:46:47:59:60:71:72:73:83:84:85:95:96:97:107:108:119:120:132:143:144:154:155:156:167:168:169:172:178:179:180:181:182:183:184:185:189:190:191;20,8,7;138,126,127,115,116,104,105,93,81,69,68,67,55;162,150,151,139,140,128,129,117,118,106,94,82,70,58,57,56,44,43,31,19,18,17,16,15,27,26,38,37,49,48;186,187,188,176,177,165,166;170,171,159,160,161,173,174,175,163,164,152,153,141,142,130,131;80,79,78,90,89,101,100,112,124,136,135;41,53,52,64,63,75,74,86,98,110,109,121,133,145,157,158;61,62,50,51,39,40,28,29,30,42,54,66,65,77,76,88,87,99,111,123,122,134,146,147,148,149,137,125,113,114,102,103,91,92
12:16+B,0,24,9,,0:1:2:3:4:10:11:12:13:14:15:21:22:23:24:25:33:34:35:36:37:45:46:47:48:59:60:71:72:83:84:85:95:96:97:107:108:131:132:143:144:145:154:155:156:166:167:168:169:178:179:180:181:182:183:184:188:189:190:191;80,79,78,66,65;185,186,187;5,6,7,8,9;109,110,122,123,135,136,148,149,150,151,152,153,165,177,176,175,174,173,172,171,170,158,157;116,104,105,106,94,82,70,58,57,56,44,32,20,19,18,17,16,28,27,26,38,50,49,61,73;124,112,111,99,98,86,74,62,63,51,39,40,41,29,30,31,43,55,67,68,69,81,93,92,91,103,115,127,128,129,117;126,114,102,90,89,77,76,64,52,53,54,42;120,121,133,134,146,147,159,160,161,162,163,164;75,87,88,100,101,113,125,137,138,139,140,141,142,130,118,119
12:16+B,0,25,10,,0:1:2:3:4:5:10:11:12:13:14:15:21:22:23:24:25:33:34:35:36:45:46:47:48:58:59:72:83:84:96:97:107:108:109:119:120:131:132:143:144:145:154:155:156:157:166:167:168:169:178:179:180:181:186:189:190:191;164,163,175,174,173,185,184,183,182,170,158,146,134,135,123,111,99,87,75,63,64,52,53,54,42,30,18,17,16,28,27,26,38,37,49,61,60;130,142,141,140,139,138,137,149,148,147,159,171;71,70,69,57;115,116,104,105,93,81,82;85,73,74,62,50,51,39,40,41,29;114,102,103,91,92,80,68,56,44,32,20,8,9;6,7,19,31,43,55,67,66,65,77,76,88,100,112,124,136;79,78,90,89,101,113,125,126,127,128,129,117,118,106,94,95;133,121,122,110,98,86;187,188,176,177,165,153,152,151,150,162,161,160,172
12:16+B,0,26,10,,0:1:2:3:4:5:9:10:11:12:13:14:15:16:17:22:23:24:33:34:35:36:45:46:47:59:83:84:96:97:98:107:108:110:119:120:132:143:144:154:155:156:157:166:167:168:169:177:178:179:180:181:188:189:190:191;74,75,63,51,52,53,54,55,56,44,32,20,21;109,121,133,145,146,158,170,182,183,184,185,186,187,175,176;61,62,50,38,39,40,41,42,43,31,19,7,8;131,130,142,141,153,165,164,163,162,161,149;118,117,129,128,140,152,151,150,138,137,136,148,160;139,127,126,125,124,123,111,99,87,86,85,73,72,60,48,49,37,25,26,27,28,29,30,18,6;58,57,69,68,80,79,78,77,89,101,102,103;122,134,135,147,159,171,172,173,174;67,66,65,64,76,88,100,112,113,114,115,116,104,105,106,94,95;71,70,82,81,93,92,91,90
12:16+B,0,27,9,,0:1:2:3:4:5:8:9:10:11:12:13:14:15:17:21:22:23:24:33:34:35:36:45:46:47:84:96:97:106:107:108:119:120:131:132:143:154:155:156:166:167:168:169:177:178:179:180:181:187:188:189:190:191;176,164,165,153;7,6,18,30,31,43,55,67,68,69,70;151,163,175,174,186,185,184,183,182,170,158,146,134,122,123,111,99,87,75,74,62,61;157,145,144;133,121,109,110,98,86,85,73,72,60,48,49,37,25,26,27,39,40,52,53,65,77,89,90,91,92,80,81,82;19,20,32,44,56,57,58,59,71,83,95,94,93,105,104,103,102,101,100,88,76,64,63,51,50,38;16,28,29,41,42,54,66,78,79;142,130,118,117,116,115,114,113,112,124,136,135,147,159,171,172,173,161,162,150,138,139,140,152;141,129,128,127,126,125,137,149,148,160
12:16+B,0,28,10,,0:1:2:3:4:5:9:10:11:12:13:15:17:20:21:22:23:24:34:35:36:45:46:47:84:85:96:97:107:108:119:120:131:132:142:143:144:155:166:167:168:177:178:179:180:181:186:187:188:189:190:191;91,79,67,55,56,44,32,33;138,139,140,141,129,130,118,106,94,95,83,71,59,58,57,69,68,80,92,104,103,115,114,113,101,89,77,65,53,41,29,30,18,6;14,26,25,37,49,48,60,72,73,74,86,98,110,122,134;16,28,27,39,38,50,62,61;152,151,150,149,137,136,124,112,100,88,76,64,52,40;109,121,133,145,146,158,159,171,172;163,162,161,160,148,147,135,123,111,99,87,75,63,51;125,126,127,128,116,117,105,93,81,82,70;156,157,169,170,182,183,184,185,173,174,175,176,164,165,153,154;102,90,78,66,54,42,43,31,19,7,8
12:16+B,0,29,10,,0:1:2:3:4:5:8:9:10:11:12:13:14:16:21:22:23:24:33:34:35:36:46:84:96:97:107:120:131:132:143:144:154:155:165:166:167:168:177:178:179:180:181:185:186:187:188:189:190:191;176,164,152,153,141,142,130,118,119;48,60,72,73,85,86,98,110,122,134,135,147,159,171;127,115,116,104,92,93,81,82,70,58,57,45,44,32,20,19,7,6;80,79,67,66,54,42,41,29,28;69,68,56,55,43,31,30,18,17;78,90,91,103;50,38,39,40,52,53,65,77,89,101,102,114,126,138,139,140,128,129,117,105,106,94,95,83,71,59,47;156,157,169,170,182,183,184,172,173,174,175,163,151,150,149,137,125,113,112,100,88,76,64,63,51;162,161,160,148,136,124,123,111,99,87,75,74,62,61,49,37,25,26,27,15;158,146,145,133,121,109,108
12:16+B,0,30,10,,0:1:2:3:4:5:9:10:11:12:13:14:15:21:22:23:24:34:35:36:47:59:84:96:107:108:119:120:131:132:143:144:154:155:156:166:167:168:177:178:179:180:181:186:187:189:190:191;19,31,30,29,41,40,39,27,26,25,37;68,80,79,78,77,76,88,100,112,124,125,126;149,150,151,152,140,128,116,104,103,102,101,89;90,91,92,93,105,117,129;55,67,66,65,64,63,75,87,99,111,123,135,136,137,138,139,127,115,114,113;172,171,159,158;38,50,51,52,53,54,42,43,44,56,57,69,81,82;28,16,17,18,6,7,8,20,32,33,45,46,58,70,71,83,95,94,106,118,130,142,141;153,165,164,163,162,161,160,148,147,146,134,122,110,98,86,74,62,61,49;48,60,72,73,85,97,109,121,133,145,157,169,170,182,183,184,185,173,174,175,176,188
