10+B,0,1,6,,0:9:90:99,44|45:44|54:45|55:54|55;45,46,56,66,76,86,85,84,83,82;55,65,75,74,73,72,71,81,91,92,93,94,95,96,97,98,88,78,68,58,48,38,28,27,26,25,24,23,33,43,42,41,31,21,11,1,2,3,4,5,6,7,8;87,77,67,57,47,37,36,35,34,44;80,70,60,61,62,63,64;32,22,12,13,14,15,16,17,18,19,29,39,49,59,69,79,89;10,20,30,40,50,51,52,53,54
10+B,0,2,6,,0:9:90:99,44|45:44|54:45|55:54|55;87,86,85,95,94,93,83,73,63,53,43,44;81,80,70,60,50,40,30,20,10,11,12,13,14,15,16,17,27,37,47,57,67,66,65,64,54;1,2,3,4,5,6,7,8,18,19,29,39,49,59,69,79,89,88,98,97,96;55,56,46,36,26,25,24,23,22,21,31,41,51,61,71,72,82,92,91;28,38,48,58,68,78,77,76,75,74,84;45,35,34,33,32,42,52,62
10+B,0,3,6,,0:9:90:99,44|45:44|54:45|55:54|55;54,64,74,84,94,95,96,97,98,88,89,79,69,59,49,39,29,19,18,8,7,6,5,4,3,2,1,11,10,20,30,40,50,60,70,80;55,65,75,85,86,87,77,67,57,47,37;45,35,34,33,32,42,52,62,72,82;76,66,56,46,36,26,25,24,23;78,68,58,48,38,28,27,17,16,15,14,13,12,22;21,31,41,51,61,71,81,91,92,93,83,73,63,53,43,44
10+B,0,4,7,,0:9:90:99,44|45:44|54:45|55:54|55;55,56,46,36,26,25,24,23,22,21,31,41,40,50,60,70,80,81,91,92,93,94,95,96,97,98,88;30,20,10,11,12,13,14,15;44,43,53,63,73,74,75,76,77,78,68,58,48,38,28,27,17,16,6,5,4,3,2,1;7,8,18,19,29,39,49,59,69,79,89;62,52,42,32,33,34,35,45;37,47,57,67,66,65,64,54;87,86,85,84,83,82,72,71,61,51
10+B,0,5,7,,0:9:90:99,44|45:44|54:45|55:54|55;31,32,42,52,62,63,64,65;19,18,8,7,6,16,26,36,46,56,55;41,51,61,71,72,82,83,84,85,86,87,77,78,68,58,48;44,34,24,14,13,12,11,10,20,30,40,50,60,70,80,81,91,92,93,94,95,96,97,98,88,89,79,69,59,49,39,29,28,27,17;1,2,3,4,5,15,25,35,45;73,74,75,76,66,67,57,47,37,38;54,53,43,33,23,22,21
10+B,0,6,6,,0:9:90:99,44|45:44|54:45|55:54|55;78,68,58,48,38,28,27,17,7,6;5,4,3,2,1,11,10,20,30,40,50,60,70,80,81,82,83,84,85,86,87,77,67,57,47,37,36,35,34,44;21,31,41,51,61,71,72,73,74,75,76,66,56,46,45;91,92,93,94,95,96,97,98,88,89,79,69,59,49,39,29,19,18,8;26,25,24,23,33,43,53,54;16,15,14,13,12,22,32,42,52,62,63,64,65,55
10+B,0,7,7,,0:9:90:99,44|45:44|54:45|55:54|55;54,64,65,66,67,68,69,79,89,88,98,97,96,95,94,93,92,91;55,56,57,58,59,49,39,29,19;78,77,87,86,85,84,83,82,72,71;1,2,3,4,5,6,7,8,18,28,38,48,47,46,36,26,25,24,23,22,21,31,41,51,50;37,27,17,16,15,14,13,12,11,10,20,30,40;76,75,74,73,63,53,43,44;81,80,70,60,61,62,52,42,32,33,34,35,45
10+B,0,8,6,,0:9:90:99,44|45:44|54:45|55:54|55;44,34,35,36,37,47,57,67;8,7,6,5,4,3,2,1,11,21,31,41,51,61,71,72;45,46,56,66,76,77,78,68,58,48,38,28,27,26,25,24,23,33,43,53;55,65,75,85,95,96,97,98;86,87,88,89,79,69,59,49,39,29,19,18,17,16,15,14,13,12,22,32,42,52,62,63,73,83,82;54,64,74,84,94,93,92,91,81,80,70,60,50,40,30,20,10
10+B,0,9,5,,0:9:90:99,44|45:44|54:45|55:54|55;14,13,12,22,32,42,52,62,63,64,65,55;37,47,57,67,77,87,86,85,84,83,82,81,80,70,60,50,40,30,20,10;45,46,56,66,76,75,74,73,72,71,61,51,41,31,21,11,1,2,3,4,5,15,25,24,23,33,43,53,54;44,34,35,36,26,16,6,7,8,18,19,29,39,49,59,69,79,89,88,98,97,96,95,94,93,92,91;78,68,58,48,38,28,27,17
10+B,0,10,5,,0:9:90:99,44|45:44|54:45|55:54|55;71,61,51,41,31,21,22,12,13,14,24,34,44;45,35,25,15,5,4,3,2,1,11,10,20,30,40,50,60,70,80,81,91,92,93,94,95,96,97,98;23,33,43,53,63,73,74,75,76,77,78,68,58,48,38,28,27,17;37,47,57,67,66,65,64,54;55,56,46,36,26,16,6,7,8,18,19,29,39,49,59,69,79,89,88,87,86,85,84,83,82,72,62,52,42,32
11+B,0,11,6,,0:10:60_0B:110:120,48|49:48|59:49|50:50|61:59|70:61|72:70|71:71|72;109,108,119,118,117,116,115,114,113,102,91,80,79,68,57,46,47,48,37,38,49;103,104,105,106,107,96,97,98,87,76,65,54,43,32,21,20,9,8,7,6,5,4,3,2,1,12,11,22,33,44,55,66,77,88,99,100,111,112;23,24,13,14,15,16,17,28,39,50,51,62,61;101,90,89,78,67,56,45,34,35,36,25,26,27;18,19,30,31,42,53,64,75,86,85,84,95,94,93,92,81,70,69,58,59;29,40,41,52,63,74,73,72,83,82,71
11+B,0,12,7,,0:10:60_0B:110:120,48|49:48|59:49|50:50|61:59|70:61|72:70|71:71|72;35,36,25,26,27,28,39,50,51,52;59,58,69,70,81,92,93,94,95,84,85,74,63,64,65,54,43,32,21,20,9;76,75,86,97,96,107,106,105,104,103,102,101,90,89,78,67,56,45,34,23,24,13,14,15,16,17,18,29,40,41;71,82,83,72,73,62,61;53,42,31,30,19,8;91,80,79,68,57,46,47,48,37,38,49;7,6,5,4,3,2,1,12,11,22,33,44,55,66,77,88,99,100,111,112,113,114,115,116,117,118,119,108,109,98,87
11+B,0,13,7,,0:10:60_0B:110:120,48|49:48|59:49|50:50|61:59|70:61|72:70|71:71|72;89,78,67,68,69,70,81,82,71;46,35,36,25,14,15,16,17,18,19,30,31,42,53,64,75,86,85,84,95;91,92,93,94,83,72,73,74,63,52,41,40,29,28,27,26,37,48,47;59,58,57,56,45,34,23,24,13;49,38,39,50,51,62,61;109,108,119,118,117,116,115,114,113,112,111,100,99,88,77,66,55,44,33,22,11,12,1,2;3,4,5,6,7,8,9,20,21,32,43,54,65,76,87,98,97,96,107,106,105,104,103,102,101,90,79,80
11+B,0,14,6,,0:10:60_0B:110:120,48|49:48|59:49|50:50|61:59|70:61|72:70|71:71|72;89,90,101,102,103,104,105,106,107;59,58,47,48,37,26,27,28,29,40,41,42,53,64,75,86,97,96,95,94,83,72,73,62,61;49,38,39,50,51,52,63,74,85,84;71,82,81,70,69,68,57,46,35,36,25,14,15,16,17,18,19,30,31,32,43,54,65,76,87,98,109,108,119,118,117,116,115,114,113,112,111,100,99,88;13,24,23,34,45,56,67;21,20,9,8,7,6,5,4,3,2,1,12,11,22,33,44,55,66,77,78,79,80,91,92,93
11+B,0,15,7,,0:10:60_0B:110:120,48|49:48|59:49|50:50|61:59|70:61|72:70|71:71|72;59,58,69,70,81,82,71;68,79,80,91,92,93,94,83,72,73,62,61;49,38,37,48,47,46,57,56,55,44,33,22,11,12,1,2,3,4,5,6,7,8,9,20,31,42,53,64,75,86,97,96,107;23,24,13,14,15,16,17,18,29,40,51,50;39,28,27,26,25,36,35,34,45;21,32,43,54,65,76,87,98,109,108,119,118,117,116,115,114,113,112,111,100,99,88,77,66;67,78,89,90,101,102,103,104,105,106,95,84,85,74,63,52,41,30,19
11+B,0,16,7,,0:10:60_0B:110:120,48|49:48|59:49|50:50|61:59|70:61|72:70|71:71|72;47,48,37,26,27,28,29,40,41;61,62,73,72,83,94;116,105,106,95,84,85,74,63,52,51,50,39,38,49;91,80,79,68,57,46,35,36,25,14,15,16,17,18,19,30,31,42,53,64,75,86,97,96,107,118,117;92,93,104,115,114,113,112,111,100,99,88,77,66,55,44,33,22,11,12,1,2,3,4,5,6,7,8,9,20,21,32,43,54,65,76,87,98,109,108,119;71,82,81,70,69,58,59;103,102,101,90,89,78,67,56,45,34,23,24,13
11+B,0,17,6,,0:10:60_0B:110:120,48|49:48|59:49|50:50|61:59|70:61|72:70|71:71|72;59,58,47,48,37,26,27,28;1,12,11,22,33,44,55,66,77,88,89,90,101,102,103,104,105,106,95,84,85,74,63,62,61;73,72,83,94,93,92,91,80,79,78,67,56,45,34,23,24,13,2,3,4,5,6,7,8,9;71,82,81,70,69,68,57,46,35,36,25,14,15,16,17,18,29,40;49,38,39,50,51,52,41,30,19,20,21,32,43,54,65,76,87,98,109,108,119;31,42,53,64,75,86,97,96,107,118,117,116,115,114,113,112,111,100,99
11+B,0,18,6,,0:10:60_0B:110:120,48|49:48|59:49|50:50|61:59|70:61|72:70|71:71|72;61,62,73,72,83,82,71;49,38,39,50,51,52,63,74,85,84,95,94,93,92,81,70,69,58,59;23,24,13,14,15,16,17,18,19,30,31,42,53,64,75,86,97,96,107,106,105,104,103,102,91,80,79,68,57;111,100,99,88,77,66,55,44,45,46,47,48,37;11,22,33,34,35,36,25,26,27,28,29,40,41;12,1,2,3,4,5,6,7,8,9,20,21,32,43,54,65,76,87,98,109,108,119,118,117,116,115,114,113,112,101,90,89,78,67,56
11+B,0,19,6,,0:10:60_0B:110:120,48|49:48|59:49|50:50|61:59|70:61|72:70|71:71|72;61,62,51,50,39,38,49;109,108,119,118,117,116,105,94,83,72,73,74,63,52,41,40,29,28,27,26,37,48,47;71,82,81,70,69,58,59;1,12,11,22,33,44,55,66,77,88,99,100,111,112,113,114,115,104,93,92,91,80,79,68,57,46;107,96,97,98,87,76,65,54,43,32,21,20,9,8,7,6,5,4,3,2,13,24,23,34,45,56,67,78,89,90,101,102,103;106,95,84,85,86,75,64,53,42,31,30,19,18,17,16,15,14,25,36,35
11+B,0,20,7,,0:10:60_0B:110:120,48|49:48|59:49|50:50|61:59|70:61|72:70|71:71|72;115,116,117,118,119,108,109,98,87,76,65,54,43,32,21,20,9,8,7,6,5,4,3,2,1,12,11;61,62,73,72,83,82,71;31,30,19,18,17,28,39,50,51,52,63,74,85,84,95,94,93,92,81,70,69,58,59;37,48,47,46,57,68,79,80,91,102;26,25,36,35,34,45,56,67,78,89,90,101;49,38,27,16,15,14,13,24,23,22,33,44,55,66,77,88,99,100,111,112,113,114,103;104,105,106,107,96,97,86,75,64,53,42,41,40,29
12+B,0,21,7,,0:11:132:143,65|66:65|77:66|78:77|78;37,38,39,27,28,29,30,31,32,44,45,57,69,81,93,105,104,103,102,101,100,99,98;77,76,75,74,73,85,97,109,110,111,112,113,114,115,116,117,118,106,94,82,70,58,46,34,33,21,20,19,18,17,16,15,14,26,25;66,54,53,52,51,50,49,48,36,24,12,13,1,2,3,4,5,6,7,8,9,10,22,23,35,47,59,71,83,95,107,119,131,130,129,128,127,126,125,124,123,122;40,41,42,43,55,67,79,78;63,64,65;86,87,88,89,90,91,92,80,68,56;142,141,140,139,138,137,136,135,134,133,121,120,108,96,84,72,60,61,62
12+B,0,22,9,,0:11:132:143,65|66:65|77:66|78:77|78;66,67,79,91,103,102,101,100,99,98,86,74,62,50,38,37;105,93,81,69,57,45,44,32,31,30;17,16,15,14,26,25,24,36,48,49,61,73,85,97,109,110;43,42,41,40,52,64,76,77;12,13,1,2,3,4,5,6,7,8,9,10,22,23,35,47,59,71,83,95,107,119,131,130,142,141,140,139,138,137;122,123,111,112,113,114,115,116,104,92,80,68,56,55,54,53,65;60,72,84,96,108,120,121,133,134,135,136,124;125,126,127,128,129,117,118,106,94,82,70,58,46,34,33,21,20,19,18;29,28,27,39,51,63,75,87,88,89,90,78
12+B,0,23,7,,0:11:132:143,65|66:65|77:66|78:77|78;88,100,101,102,103,104,105,93,81,69,57,45,33,21,20,8,7,6,5,4,3,2,1,13,12,24;66,54,53,41,40,39,51,63,62,74,86,98;77,76,75,87,99,111,112,113,114,115,116,117,118,106,94,82,70,58,46,34,22,10,9;27,28,29,30,42,43,55,67,79,78;65,64,52;23,35,47,59,71,83,95,107,119,131,130,142,141,140,139,138,137,136,135,134,133,121,120,108,96,84,72,60,48,36,37,25;129,128,127,126,125,124,123,122,110,109,97,85,73,61,49,50,38,26,14,15,16,17,18,19,31,32,44,56,68,80,92,91,90,89
12+B,0,24,7,,0:11:132:143,65|66:65|77:66|78:77|78;78,90,89,88,87,86,85,97,109;14,15,16,17,18,19,20,21,33,34,46,58,70,82,94,106,118,117,129,128,127,126,125,124,136,135,134,133;38,39,40,41,42,43,55,67,79,91,103,102,101,100,99,98,110,122,121,120,108,96,84,72,73,74,75,76,77;65,64,63,62,61,60,48,36,24,12,13,1,2,3,4,5,6,7,8,9,10,22,23,35,47,59,71,83,95,107,119,131,130,142,141,140,139,138,137;26,27,28,29,30,31,32,44,45,57,69,81,93,105;123,111,112,113,114,115,116,104,92,80,68,56;25,37,49,50,51,52,53,54,66
12+B,0,25,6,,0:11:132:143,65|66:65|77:66|78:77|78;66,67,79;12,24,36,48,60,72,84,96,108,120,121,122,123,124,125,126,127,115;77,76,64,52,40,41,42,43,44,45,57,69,81,93,105,104,116,128;65,53,54,55,56,68,80,92,91,103,102,114,113,112,111,110,109,97,85,73,61,49,37,25,13,1,2,3,4,5,6,7,8,9,10;78,90,89,88,87,75,63,51,39,27,28,29,30,31,32,33,34,46,58,70,82,94,106,118,117,129,141,140,139,138,137,136,135,134,133;101,100,99,98,86,74,62,50,38,26,14,15,16,17,18,19,20,21,22,23,35,47,59,71,83,95,107,119,131,130,142
12+B,0,26,7,,0:11:132:143,65|66:65|77:66|78:77|78;65,53,41,29,30,31,43,55,56,68,80,92,104,116,128,140,141,142,130,131,119,107,95,83,71,59,47,35,23,22,10,9,8,7,6,5,4,3,15,27,39,51,63,75,87,88,100;105,93,81,69,57,45,44,32,20,19,18,17,16,28,40,52,64,76;66,54,42;67,79,91,103,115,127,139,138,137,136,135,134,133,121,120,108,96,84,72,60,48,36,24,12,13;1,2,14,26,25,37,49,61,73,85,97,109,110,122,123,124,125,126,114,102,90,78;129,117,118,106,94,82,70,58,46,34,33,21;38,50,62,74,86,98,99,111,112,113,101,89,77
12+B,0,27,6,,0:11:132:143,65|66:65|77:66|78:77|78;66,67,79,91,103,102,101,100,99,98,86,85,84,96,108,120,121,133,134,135,136,137,138,139,140,141,142,130,131,119,107,95,83,71,59,47,35,23,22,10,9,8,7,6,5,4,3,2,1,13;12,24,25,26,14,15,16,17,18,19,20,21,33,34,46,58,70,82,94,106,118,117,129,128,127,126,125,124,123,122;92,80,68,56,55,54,53,65;97,109,110,111,112,113,114,115,116,104,105,93,81,69,57,45,44,32,31,30,29,28,27,39,38,37,36;78,90,89,88,87,75,74,73,72,60,48,49,50,51,52,40,41,42,43;61,62,63,64,76,77
12+B,0,28,8,,0:11:132:143,65|66:65|77:66|78:77|78;65,53,54,55,56,68,80,92;33,32,31,30,29,28,27,39,51,63,75,87,88,89,90,78;102,101,100,99,111,110,109,97,85,73,61,49,37,25,13,1,2,3,4,5,6,7,8,9,10,22,23,35,47,59,71,83,95,107,119,131,130,142;77,76,64,52,40,41,42,43,44,45,57,69,81,93,105,104,103,91,79,67,66;116,115,114,113,112,124,123,122,121,120,108,96,84,72,60,48,36,24,12;138,139,140,141,129,117,118,106,94,82,70,58,46,34;133,134,135,136,137,125,126,127,128;21,20,19,18,17,16,15,14,26,38,50,62,74,86,98
12+B,0,29,7,,0:11:132:143,65|66:65|77:66|78:77|78;66,67,79,91,103,102,114,126,138,139,140,141,142,130,131,119,107,95,83,71,59,47,35,23,22,10,9,8,7,6,5,4,3,2,1,13,12,24,36,48,60,72,84,96;78,90,89,101,113,125,137,136,135,134,133,121,120,108;38,39,27,28,29,30,31,32,33,34,46,58,70,82,94,106,118,117,129,128,127;65,53,54,55,56,68,80,92;115,116,104,105,93,81,69,57,45,44,43,42,41,40,52,64,76,77;50,62,74,86,98,99,111;51,63,75,87,88,100,112,124,123,122,110,109,97,85,73,61,49,37,25,26,14,15,16,17,18,19,20,21
12+B,0,30,9,,0:11:132:143,65|66:65|77:66|78:77|78;51,63,75,87,88,89,90,78;18,6,5,4,3,2,1,13,12,24,36,48,60,72,84,96,108,120;66,54,42,30,31,19,20,21;97,85,73,61,49,37,25,26,27,28,40,52,64,76,77;95,107,119,131,130,142,141,140,139,138,137,136,135,134,133,121,109,110,111,112,113,114,115,116,104,92,80,68,56,57,45;39,38,50,62,74,86,98,99,100,101,102,103,91,79,67,55,43,44,32,33;34,46,58,70,69,81,93,105,117,129,128,127,126,125,124,123,122;14,15,16,17,29,41,53,65;7,8,9,10,22,23,35,47,59,71,83,82,94,106,118
