10+B,0,1,5,,0:9:90:99,44|45:44|54:45|55:54|55;19,29,39,49,59,69,79,89,88,87,86,85,84,83,82,72,71,61,51,41,31,21,22,23,24,25,26,36,46,56,55;98,97,96,95,94,93,92,91,81,80,70,60,50,40,30,20,10,11;1,2,12,13,14,15,16,17,27,37,47,57,67,66,65,64,54;3,4,5,6,7,8,18,28,38,48,58,68,78,77,76,75,74,73,63,53,43,44;62,52,42,32,33,34,35,45
10+B,0,2,5,,0:9:90:99,44|45:44|54:45|55:54|55;44,34,35,36,37,47,57,67,77,87,86,85,84,83,82,72,71,61,51,41,31,21;8,7,6,5,4,3,2,1,11,10,20,30,40,50,60,70,80,81,91,92,93,94,95,96,97,98;54,53,43,33,23,24,25,26,27,28,38,48,58,68,78,88;45,46,56,66,76,75,74,73;89,79,69,59,49,39,29,19,18,17,16,15,14,13,12,22,32,42,52,62,63,64,65,55
10+B,0,3,5,,0:9:90:99,44|45:44|54:45|55:54|55;55,56,46,47,48,38,28,27,17,16,15,14,13,12,22,21,31,41,51,61,71,81,91,92,93,94,95,96,97,98;57,58,59,49,39,29,19,18,8,7,6,5,4,3,2,1,11,10,20,30,40,50,60,70,80;37,36,26,25,24,23;45,35,34,33,32,42,52,62,72,82,83,84,85,86,87,88,89,79,69,68,67,66,65,64,54;44,43,53,63,73,74,75,76,77,78
10+B,0,4,6,,0:9:90:99,44|45:44|54:45|55:54|55;21,31,41,51,61,71,72,73,74,75,76,66,67;55,65,64,63,62,52,42,32,22,12,13,14,15,16,17,27,28;26,25,24,23,33,43,53,54;45,46,56,57,58,68,78,77,87,86,85,84,83,82,81,91;47,48,49,59,69,79,89,88,98,97,96,95,94,93,92;80,70,60,50,40,30,20,10,11,1,2,3,4,5,6,7,8,18,19,29,39,38,37,36,35,34,44
10+B,0,5,5,,0:9:90:99,44|45:44|54:45|55:54|55;71,61,51,41,31,21,22,23,24,25,26,36,46,56,55;1,2,3,4,5,6,7,8,18,28,38,48,58,68,78,77,76,75,74;19,29,39,49,59,69,79,89,88,98,97,96,95,94,93,92,91;87,86,85,84,83,73,63,53,43,44;54,64,65,66,67,57,47,37,27,17,16,15,14,13,12,11,10,20,30,40,50,60,70,80,81,82,72,62,52,42,32,33,34,35,45
10+B,0,6,6,,0:9:90:99,44|45:44|54:45|55:54|55;44,34,24,14,13,12,22,32,42,52,62;23,33,43,53,63,73,74,75,76,77,78,68,58,48,38,28;4,3,2,1,11,21,31,41,51,61,71,72,82,83,84,85,86,87;8,7,6,5,15,25,35,45;55,56,46,36,26,16,17,18,19,29,39,49,59,69,79,89,88,98,97,96,95,94,93,92,91,81,80,70,60,50,40,30,20,10;54,64,65,66,67,57,47,37,27
10+B,0,7,6,,0:9:90:99,44|45:44|54:45|55:54|55;44,34,35,36,26,16,15,14,13,12,22,32,42,52,62,63,64,65,55;78,68,58,48,38,28,27,17,7,6,5,4,3,2;82,83,84,85,86,87,77,67,57,47,37;1,11,10,20,30,40,50,60,70,80,81,91,92,93,94,95,96,97,98,88,89,79,69,59,49,39,29,19,18,8;54,53,43,33,23,24,25;21,31,41,51,61,71,72,73,74,75,76,66,56,46,45
10+B,0,8,5,,0:9:90:99,44|45:44|54:45|55:54|55;71,72,73,74,75,76,66,56,46,45;23,24,25,26,27,28,38,48,58,68,78,77,87,86,85,84,83,82,81,80,70,60,61,62,63,64,65,55;8,7,6,5,4,3,2,1,11,10,20,30,40,50,51,52,53,54;67,57,47,37,36,35,34,33,32;91,92,93,94,95,96,97,98,88,89,79,69,59,49,39,29,19,18,17,16,15,14,13,12,22,21,31,41,42,43,44
10+B,0,9,5,,0:9:90:99,44|45:44|54:45|55:54|55;1,2,3,4,5,6,7,8,18,28,38,48,58,68,78,77,87,86,85,84,83,82,72,62,52,42,32,33,34,35,45;70,71,61,51,41,31,21,22,23,24,25,26,36,46,56,55;19,29,39,49,59,69,79,89,88,98,97,96,95,94,93,92,91,81,80;60,50,40,30,20,10,11,12,13,14,15,16,17,27,37,47,57,67,66,65,64,54;76,75,74,73,63,53,43,44
10+B,0,10,6,,0:9:90:99,44|45:44|54:45|55:54|55;84,83,82,72,71,61,51,41,31,21,22,23,24,25,26,36,46,56,55;87,77,78,68,58,48,38,28,27,17,16,15,14,13,12,2;62,52,42,32,33,34,35,45;37,47,57,67,66,65,64,54;3,4,5,6,7,8,18,19,29,39,49,59,69,79,89,88,98,97,96,86,76,75,74,73,63,53,43,44;1,11,10,20,30,40,50,60,70,80,81,91,92,93,94,95,85
11+B,0,11,8,,0:10:60_0B:110:120,48|49:48|59:49|50:50|61:59|70:61|72:70|71:71|72;67,66,77,88,99,100,111,112,113,114,115,104,105,106,107,96,97,86,75,64,53,42,31,30,19,8,7,6,5,4,3,2,13,24,35,36,37,38,49;25,26,27,28,39,50,51;91,80,79,68,57,56,55,44,33,22,11;116,117,118,119,108,109,98,87,76,65,54,43,32,21,20,9;71,82,83,72,73,62,61;14,15,16,17,18,29,40,41,52,63,74,85,84,95,94,93,92,81,70,69,58,59;78,89,90,101,102,103;48,47,46,45,34,23,12,1
11+B,0,12,7,,0:10:60_0B:110:120,48|49:48|59:49|50:50|61:59|70:61|72:70|71:71|72;71,82,83,72,73,74,63,52,41,40,29,18,17,16,15,14,13,24,23,22,33;85,84,95,94,93,92,81,70,69;104,105,106,107,96,97,86,75,64,53,42,31,30,19,8,7,6,5,4,3,2,1,12,11;59,58,57,56,67,78,89,90,101;34,35,36,25,26,27,28,39,50,51,62,61;68,79,80,91,102,103,114,115,116,117,118,119,108,109,98,87,76,65,54,43,32,21,20,9;49,38,37,48,47,46,45,44,55,66,77,88,99,100,111,112,113
11+B,0,13,6,,0:10:60_0B:110:120,48|49:48|59:49|50:50|61:59|70:61|72:70|71:71|72;119,108,109,98,87,76,65,54,43,32,21,20,9,8,7,6,5,4,3,2,1,12,11,22,33,34,45,56,67,78,89,90,101;29,40,41,52,63,74,85,84,95,106,105,104;73,72,83,94,93,92,103,114,115,116,117,118,107,96,97,86,75,64,53,42,31,30,19,18,17,16,15,14,13,24,23;61,62,51,50,39,28,27,26,25,36,35,46,57,68,69,70,81,82,71;49,38,37,48,47,58,59;79,80,91,102,113,112,111,100,99,88,77,66,55,44
11+B,0,14,6,,0:10:60_0B:110:120,48|49:48|59:49|50:50|61:59|70:61|72:70|71:71|72;4,5,6,7,8,9,20,21,32,43,54,65,64,63,62,61;71,82,83,72,73,74,75,76,87,98,97,96,107,106,105,104,103,102,91,80,79,68,57,46,47,48,37,26,15,16,17,18,19,30,31,42,53,52,51,50,39;11,12,1,2,3,14,25,36,35,34,45,56,67,78,89,90,101;59,58,69,70,81,92,93,94,95,84,85,86;49,38,27,28,29,40,41;13,24,23,22,33,44,55,66,77,88,99,100,111,112,113,114,115,116,117,118,119,108,109
11+B,0,15,6,,0:10:60_0B:110:120,48|49:48|59:49|50:50|61:59|70:61|72:70|71:71|72;49,38,27,26,25,36,35;37,48,47,46,57,68,79,80,91,102;59,58,69,70,81,92,93,94,95,84,85;61,62,51,50,39,28,17,16,15,14,13,24,23,34,45,56,67,78,89,90,101,112,113,114,115,116,117,118,119,108,109,98,87,76,65,54,43,32,21,20;71,82,83,72,73,74,63,52,41,40,29,18,7,6,5,4,3,2,1,12,11,22,33,44,55,66,77,88,99,100,111;103,104,105,106,107,96,97,86,75,64,53,42,31,30,19,8,9
11+B,0,16,8,,0:10:60_0B:110:120,48|49:48|59:49|50:50|61:59|70:61|72:70|71:71|72;56,57,46,35,36,25,26,27,28,39,50,51;59,58,47,48,37,38,49;85,84,95,106,105,104,103,102,101,90,89;64,63,52,41,40,29,18,17,16,15,14,13,24,23,34,45,44,55;71,82,81,70,69,68,67,66;107,96,97,86,75,74,73,62,61;43,32,21,20,9,8,7,6,5,4,3,2,1,12,11,22,33;19,30,31,42,53,54,65,76,87,98,109,108,119,118,117,116,115,114,113,112,111,100,99,88,77,78,79,80,91,92,93,94,83,72
11+B,0,17,6,,0:10:60_0B:110:120,48|49:48|59:49|50:50|61:59|70:61|72:70|71:71|72;18,19,30,31,42,53,64,75,86,85,84,95,94,93,92,81,70,69,58,59;111,100,99,88,77,66,55,44,33,22,11,12,1,2,3,4,5,6,7;49,38,39,50,51,62,61;109,108,119,118,117,116,115,114,113,112,101,90,89,78,67,56,45,34,23,24,13,14,15,16,17;8,9,20,21,32,43,54,65,76,87,98,97,96,107,106,105,104,103,102,91,80,79,68,57,46,47,48,37;35,36,25,26,27,28,29,40,41,52,63,74,73,72,83,82,71
11+B,0,18,7,,0:10:60_0B:110:120,48|49:48|59:49|50:50|61:59|70:61|72:70|71:71|72;19,30,31,42,53,64,75,86,97,96,107,106,105,104,103,102,101,90;88,89,78,79,80,91,92,93,94,83,72,73;71,82,81,70,69,68,67;49,38,37,48,47,58,59;95,84,85,74,63,52,41,40,29,18,17,16,15,14,13,24,23,34,45;61,62,51,50,39,28,27,26,25,36,35,46,57,56,55,66,77;99,100,111,112,113,114,115,116,117,118,119,108,109,98,87,76,65,54,43,32,21,20,9,8,7,6,5,4,3,2,1,12,11,22,33,44
11+B,0,19,6,,0:10:60_0B:110:120,48|49:48|59:49|50:50|61:59|70:61|72:70|71:71|72;9,20,21,32,43,54,65,76,87,86,85,84,95,94;71,82,83,72,73,74,75,64,53,42,31,30,19,8,7,6,5,4,3,2,1,12,11,22,33,44,55,66,77,88,99,100,111,112,113;63,52,41,40,29,18,17,16,15,14,13,24,23;109,108,119,118,117,116,115,114,103,102,101,90,89,78,67,56,45,34,35,36,25,26,27,28,39,50,51,62,61;98,97,96,107,106,105,104,93,92,81,70,69,58,59;91,80,79,68,57,46,47,48,37,38,49
11+B,0,20,8,,0:10:60_0B:110:120,48|49:48|59:49|50:50|61:59|70:61|72:70|71:71|72;112,111,100,99,88,77,66,55,44;71,82,83,72,73,62,61;11,12,1,2,3,4,5,6,7,8,9,20,21,32,43,54,65,76,87,98,109,108,119,118,117,116,115,114,113;46,57,68,79,80,91;41,40,29,28,27,26,37,48,47;25,36,35,34,45,56,67,78,89,90,101,102,103,92,81,70,69,58,59;33,22,23,24,13,14,15,16,17,18,19,30,31,42,53,64,75,86,97,96,107,106,105,104,93;94,95,84,85,74,63,52,51,50,39,38,49
12+B,0,21,7,,0:11:132:143,65|66:65|77:66|78:77|78;40,41,42,43,55,67,79,78;77,89,90,91,92,80,68,56;6,5,4,3,2,1,13,12,24,36,48,60,72,84,96,108,120;7,19,31,30,29,28,27,39,38,50,62,74,86,98,110,122,123,124,125,126,127,128,129;21,33,34,46,58,70,82,94,106,118,117,116,115,114,113,112,111,99,87,75,63,51,52,53,54,66;18,17,16,15,14,26,25,37,49,61,73,85,97,109,121,133,134,135,136,137,138,139,140,141,142,130,131,119,107,95,83,71,59,47,35;23,22,10,9,8,20,32,44,45,57,69,81,93,105,104,103,102,101,100,88,76,64,65
12+B,0,22,10,,0:11:132:143,65|66:65|77:66|78:77|78;20,21,33,34,46,58,59,71,83,95,107,119,131,130,142,141,140,139,138,137,136,135,134,133;73,74,75,87,88,89,90,78;66,67,79;96,108,120,121,122,123,124,125,126,127,128,129,117,118,106,94,82,70,69,57,45,44,32,31,19,18,17,5,4,3,2,1,13,25,37,38,50,51,52;14,26,27,39,40,41;12,24,36,48,49,61,62,63,64,76,77;6,7,8,9,10,22,23,35,47;60,72,84,85,97,109,110,111,112,113,114,115,116,104,105,93,81,80,68,56,55,54,53,65;15,16,28,29,30,42,43;92,91,103,102,101,100,99,98,86
12+B,0,23,8,,0:11:132:143,65|66:65|77:66|78:77|78;20,21,33,45,57,69,81,93,105,104,103,102,101,100;66,54,53,41,29,17;38,50,62;116,115,114,113,112,111,99,87,88,76,77;23,35,47,59,71,83,95,107,119,131,130,142,141,140,139,138,137,136,135,134,133;27,39,51,63,75,74,86,98,110,122,123,124,125,126,127,128,129,117,118,106,94,82,70,58,46,34,22,10,9,8,7,19,31,32,44,56,68,80,92,91,90,89;65,64,52,40,28,16,15,14,26,25,37,49,61,73,85,97,109;121,120,108,96,84,72,60,48,36,24,12,13,1,2,3,4,5,6,18,30,42,43,55,67,79,78
12+B,0,24,9,,0:11:132:143,65|66:65|77:66|78:77|78;109,97,85,73,61,49,37,25,26,27,28;134,133,121,120,108,96,84,72,60,48,36,24,12,13,14,15,16,17,18,19,20,21,33,34,46,58;77,89,101,113,114,115,103,104,105,117,129;127,126,125,124,112,100,88,76,64,65;66,54,53,52,51,63,75,87,99,111,123,135,136,137,138,139;131,119,107,95,83,82,81,80,68,56;102,90,78;116,128,140,141,142,130,118,106,94,93,92,91,79,67,55,43,42,41,40,39,38,50,62,74,86,98,110,122;29,30,31,32,44,45,57,69,70,71,59,47,35,23,22,10,9,8,7,6,5,4,3,2,1
12+B,0,25,9,,0:11:132:143,65|66:65|77:66|78:77|78;66,54,55,43,44,45,46,47,35;23,22,10,9,8,7,6,5,4,3,2,1,13,12,24,36,48,60,72,84,96,108,120,121,133,134,135,136,137,138,139,140,141,142;65,53,41,42,30,31,32;16,15,14,26,38,50,62,74,86,98;58,57,56,68,67,79,78;34,33,21,20,19,18,17,29,28,40,52,64,76,88,100,101,102,103,104,105,93,94,82;27,39,51,63,75,87,99,111,112,113,114,115,116,117,118,106,107,95,83;25,37,49,61,73,85,97,109,110,122,123,124,125,126,127,128,129,130,131,119;59,71,70,69,81,80,92,91,90,89,77
12+B,0,26,6,,0:11:132:143,65|66:65|77:66|78:77|78;34,33,21,20,19,31,43,55,67,79;71,83,95,107,119,131,130,142,141,140,139,138,137,136,135,134,133,121,120,108,96,84,72,60,48,36,24,12,13,1,2,3,4,5,17,29,41,53,65;51,63,75,87,88,89,90,78;77,76,64,52,40,28,16,15,14,26,25,37,49,61,73,85,97,109,110,122,123,124,125,126,127,128,129,117,118,106,94,82,70,58,59,47,35,23,22,10,9,8,7,6,18,30,42,54,66;46,45,57,69,81,93,105,104,116,115,114,113,112,111,99,98,86,74,62,50,38,39,27;32,44,56,68,80,92,91,103,102,101,100
12+B,0,27,10,,0:11:132:143,65|66:65|77:66|78:77|78;101,89,90,91,103,115,127,128,129;66,67,68,56,44,32,20,19,18,17,16,15,14,26,25;10,22,23,35,47,59,71,83,95,107,106,118,117,116,104,92;53,54,55,43,31,30,29,28,27,39,38,37,49,61,73,85,97,109,110,111;113,125,137,136,135,134,133,121,120,108,96,84,72,60,48,36,24,12,13,1,2,3,4,5,6,7,8,9,21,33,34,46,58,70,82,94,93,105;45,57,69,81,80,79,78;99,87,75,63,64,65;42,41,40,52,51,50,62,74,86,98;102,114,126,138,139,140,141,142,130,131,119;122,123,124,112,100,88,76,77
12+B,0,28,8,,0:11:132:143,65|66:65|77:66|78:77|78;66,54,55,56,57,69,81,82,83,71,59,47,35,23,22,21,20,19,18,17,16,15,27,39,51,63,75,87,99,111,110,109,97,85,73,61,49,37,25;122,123,124,112,100,88,76,64,52,40,28,29,30,31,32,33,34,46,58,70;131,119,107,95,94,93,92,80,68,67;10,9,8,7,6,5,4,3,2,14,26,38,50,62,74,86,98;77,89,101,113,125,126,127,128,129;1,13,12,24,36,48,60,72,84,96,108,120,121,133,134,135,136,137,138,139,140,141,142,130,118,106,105,104,103,91,79;78,90,102,114,115,116,117;65,53,41,42,43,44,45
12+B,0,29,7,,0:11:132:143,65|66:65|77:66|78:77|78;106,105,93,81,69,57,45,44,32,31,30,29,28,27,39,38,50,62,74,86,98;139,138,126,125,124,123,122,110,109,97,85,73,61,49,37,25,26,14,15,16,17,18,19,20,21,33,34,46,58,70,82,94;131,119,107,95,83,71,59,47,35,23,22,10,9,8,7,6,5,4,3,2,1,13,12,24,36,48,60,72,84,96,108,120,121,133,134,135,136,137;78,79,67,55,43,42,41,40,52,51,63,75,87,99,111,112,113,114,115,127,128,140,141,142,130,118;65,64,76,88,100,101,102,103,104,116,117,129;56,68,80,92,91,90,89,77;53,54,66
12+B,0,30,7,,0:11:132:143,65|66:65|77:66|78:77|78;54,42,30,29,28,27,26,25;60,48,49,50,51,52,64,76,77;85,97,109,110,122,123,124,125,126,127,128,129,117,118,106,94,82,70,58,46,34,33,21,20,19,18,17,16,15,14,13,12,24,36,37,38,39,40,41,53,65;74,86,98,99,100,101,102,103,91,79,67,66;78,90,89,88,87,75,63,62,61,73,72,84,96,108,120,121,133,134,135,136,137,138,139,140,141,142,130,131,119,107,95,83,71,59,47,35,23,22,10,9,8,7,6,5,4,3,2,1;31,43,55,56,68,80,92,104,116,115,114,113,112,111;105,93,81,69,57,45,44,32
