W_6:3,0,1,4,,0_0:4_0:5_0:12_0:16_0:17_0,3|15:2|14:1|13;10,11,6;1,2,3;7,8,9;13,14,15
W_5:3,0,2,4,,,0|10:1|11:2|12:3|13:4|14:0|4:10|14;0,1,2,3,4;8,13,14;10,11,12,7;6,5,9
W_5,0,3,5,,,0|20:2|22:1|21:4|24:3|23:0|4:5|9:15|19:20|24;12,13,14,10;0,1,2,3,4;5,6,7,8,9;11,16,17,18,19;15,20,21,22,23,24
W_5,0,4,6,,,0|20:2|22:1|21:4|24:3|23:0|4:5|9:15|19:20|24;9,8,7,6,5,0;24,23,22,21;17,18,13;12,11,10,14,19;4,3,2,1;20,15,16
W_5,0,5,6,,,0|20:2|22:1|21:4|24:3|23:0|4:5|9:15|19:20|24;8,13,14,10,11,16;18,19,24;7,12,17;1,2,3,4,9;0,5,6;15,20,21,22,23
W_5,0,6,4,,,0|20:1|21:2|22:3|23:4|24:0|4:5|9:15|19:20|24;15,16,11,6;3,2,7,12,17,22,21,20;24,23,18,13,8,9,4;19,14,10,5,0,1
W_5,0,7,6,,,0|20:1|21:2|22:3|23:4|24:0|4:5|9:15|19:20|24;1,2,3;15,16,17,12,7;11,10,14;6,5,0;18,13,8,9,4;19,24,23,22,21,20
W_5,0,8,5,,,0|20:1|21:2|22:3|23:4|24:0|4:5|9:15|19:20|24;18,13,12;16,11,6,7,8;19,24,23,22,17;21,20,15,10,14,9;5,0,1,2,3,4
W_5,0,9,5,,,0|20:1|21:2|22:3|23:4|24:0|4:5|9:15|19:20|24;20,15,16,17,12;11,10,14,9,4;21,22,23,24;19,18,13,8,7,6;3,2,1,0,5
W_5,0,10,6,,,0|20:1|21:2|22:3|23:4|24:0|4:5|9:15|19:20|24;0,1,2,3,4,9;5,6,7,8;19,24,23;12,17,22;15,20,21;16,11,10,14,13,18
W_5,0,11,5,,,0|20:1|21:2|22:3|23:4|24:0|4:5|9:15|19:20|24;4,3,8,7,6;15,20,21;11,12,13,18,19;2,1,0,5,10,14,9;16,17,22,23,24
W_5,0,12,6,,,0|20:1|21:2|22:3|23:4|24:0|4:5|9:15|19:20|24;9,4,3,2,1;15,10,14,13;0,5,6;18,17,16,11;19,24,23,22,21,20;8,7,12
W_5,0,13,5,,,0|20:1|21:2|22:3|23:4|24:0|4:5|9:15|19:20|24;3,2,7,12,13;4,9,8;21,20,15;24,23,22,17,16,11,6,1,0;18,19,14,10,5
W_5,0,14,4,,,0|20:1|21:2|22:3|23:4|24:0|4:5|9:15|19:20|24;4,9,8,7,12,17,22,21,20,15;19,24,23;16,11,6,1,2,3;18,13,14,10,5,0
W_5,0,15,5,,,0|20:1|21:2|22:3|23:4|24:0|4:5|9:15|19:20|24;4,9,14,10,15,20;19,18,13,8,3,2,1;7,12,17,16;21,22,23,24;11,6,5,0
W_5,0,16,4,,,0|20:1|21:2|22:3|23:4|24:0|4:5|9:15|19:20|24;15,20,21,22,17,12;16,11,6,7;9,8,13,18,23,24;4,3,2,1,0,5,10,14,19
W_5,0,17,4,,,0|20:1|21:2|22:3|23:4|24:0|4:5|9:15|19:20|24;24,23,22,21,16,11,6,5;20,15,10,14,13,8,7,2,1,0;19,18,17,12;3,4,9
W_5,0,18,4,,,0|20:1|21:2|22:3|23:4|24:0|4:5|9:15|19:20|24;19,18,13,8,7,6,5,0;11,12,17;16,15,10,14,9,4,3,2,1;24,23,22,21,20
W_5,0,19,6,,,0|20:1|21:2|22:3|23:4|24:0|4:5|9:15|19:20|24;17,18,13,14,10,15,20;19,24,23;8,7,12;9,4,3,2,1;22,21,16,11;6,5,0
W_5,0,20,5,,,0|20:1|21:2|22:3|23:4|24:0|4:5|9:15|19:20|24;4,9,8,13;12,17,18,19,14,10,5,0,1;21,22,23,24;3,2,7,6;11,16,15,20
W_5,0,21,4,,,0|20:1|21:2|22:3|23:4|24:0|4:5|9:15|19:20|24;23,22,21,20,15;0,1,2,3,8,13,18,19,24;4,9,14,10,11,16,17;12,7,6,5
W_5,0,22,5,,,0|20:1|21:2|22:3|23:4|24:0|4:5|9:15|19:20|24;18,13,8,3,4;12,17,22,21,20;23,24,19;7,6,11,16,15;9,14,10,5,0,1,2
W_5,0,23,5,,,0|20:1|21:2|22:3|23:4|24:0|4:5|9:15|19:20|24;21,16,11,6;4,9,8,13,18,23;5,0,1;3,2,7,12,17,22;20,15,10,14,19,24
W_5,0,24,5,,,0|20:1|21:2|22:3|23:4|24:0|4:5|9:15|19:20|24;7,12,17;9,8,13,18,19;20,15,16,11,6,1,2,3,4;0,5,10,14;24,23,22,21
W_5,0,25,6,,,0|20:1|21:2|22:3|23:4|24:0|4:5|9:15|19:20|24;23,18,17,16,15;7,2,3,4,9;6,11,12,13,8;24,19,14,10;1,0,5;20,21,22
W_5,0,26,5,,,0|20:1|21:2|22:3|23:4|24:0|4:5|9:15|19:20|24;0,1,2,7,8;18,17,16;19,24,23,22,21;13,12,11,6,5;20,15,10,14,9,4,3
W_5,0,27,5,,,0|20:1|21:2|22:3|23:4|24:0|4:5|9:15|19:20|24;4,9,8;3,2,1,0,5;19,18,17,16,11;6,7,12,13;14,10,15,20,21,22,23,24
W_5,0,28,5,,,0|20:1|21:2|22:3|23:4|24:0|4:5|9:15|19:20|24;12,11,10,14,9,4;15,20,21,22,23,24;7,6,5,0;19,18,17,16;13,8,3,2,1
W_5,0,29,4,,,0|20:1|21:2|22:3|23:4|24:0|4:5|9:15|19:20|24;12,17,22,21;20,15,16,11,6,7,8,9,4;13,18,23;3,2,1,0,5,10,14,19,24
W_5,0,30,6,,,0|20:1|21:2|22:3|23:4|24:0|4:5|9:15|19:20|24;8,13,12;24,19,18;1,0,5;21,20,15,10,14,9;23,22,17,16;11,6,7,2,3,4
W_5,0,31,6,,,0|20:1|21:3|23:4|24:20|24:15|19:5|9:0|4;1,0,5;12,17,16;15,20,21;8,13,18;7,6,11,10,14,9,4,3;19,24,23,22,2
W_5,0,32,5,,,0|20:1|21:3|23:4|24:0|4:5|9:15|19:20|24;6,11,16;5,0,1,2,22,23,24;7,12,17;21,20,15,10,14,9,4;3,8,13,18,19
W_5,0,33,5,,,0|20:1|21:3|23:4|24:0|4:5|9:15|19:20|24;4,3,8,13,12,11;1,0,5;24,23,22,2,7,6;21,20,15,10,14,9;16,17,18,19
W_5,0,34,6,,,0|20:1|21:3|23:4|24:0|4:5|9:15|19:20|24;5,0,1;16,11,6;2,22,21,20,15,10,14,9,4;19,24,23;17,12,7;3,8,13,18
W_5,0,35,5,,,0|20:1|21:3|23:4|24:0|4:5|9:15|19:20|24;3,4,9;11,12,17,18,19;6,7,8,13,14,10,15;24,23,22,2,1,0,5;16,21,20
W_5,0,36,6,,,0|20:1|21:3|23:4|24:0|4:5|9:15|19:20|24;6,11,12;21,16,17,18,19;9,4,3;13,14,10,15,20;1,0,5;8,7,2,22,23,24
W_5,0,37,5,,,0|20:1|21:3|23:4|24:0|4:5|9:15|19:20|24;12,13,18,23,24;11,16,17,22,2,3,4;15,20,21;19,14,10,5,0;9,8,7,6,1
W_5,0,38,5,,,0|20:1|21:3|23:4|24:0|4:5|9:15|19:20|24;21,20,15;1,6,7,8,13,18;23,24,19,14,10,5,0;16,11,12;9,4,3,2,22,17
W_5,0,39,5,,,0|20:1|21:3|23:4|24:0|4:5|9:15|19:20|24;4,9,8,7;3,2,22,17,16;1,0,5,10,14,19;24,23,18,13,12,11,6;15,20,21
W_5,0,40,5,,,0|20:1|21:3|23:4|24:0|4:5|9:15|19:20|24;20,21,22,2,3,4,9;12,17,16,15;7,8,13,18,23;24,19,14,10,11,6;5,0,1
W_5,0,41,5,,,0|20:1|21:3|23:4|24:0|4:5|9:15|19:20|24;9,4,3,2,22,23,24,19;18,17,16,21;12,11,6;20,15,10,14,13,8,7;1,0,5
W_5,0,42,5,,,0|20:1|21:3|23:4|24:0|4:5|9:15|19:20|24;13,12,11,16,15;9,4,3,2,22,21,20;8,7,6,1;17,18,23,24;0,5,10,14,19
W_5,0,43,5,,,0|20:1|21:3|23:4|24:0|4:5|9:15|19:20|24;12,17,16;19,18,13;11,6,7,8,3,4;24,23,22,2,1,0,5;21,20,15,10,14,9
W_5,0,44,5,,,0|20:1|21:3|23:4|24:0|4:5|9:15|19:20|24;14,10,15,20,21,22,2,1,0;8,7,12;23,24,19;5,6,11,16,17,18,13;9,4,3
W_5,0,45,5,,,0|20:1|21:3|23:4|24:0|4:5|9:15|19:20|24;17,18,13;9,4,3,2,22,21;8,7,12;23,24,19,14,10,5,0,1;6,11,16,15,20
W_5,0,46,5,,,0|20:1|21:3|23:4|24:0|4:5|9:15|19:20|24;5,0,1,2,22,23;8,7,6,11;3,4,9,14,10,15,20,21;18,19,24;13,12,17,16
W_5,0,47,6,,,0|20:1|21:3|23:4|24:0|4:5|9:15|19:20|24;1,6,7,12;22,2,3,4,9;19,24,23;21,20,15;8,13,18,17,16,11;14,10,5,0
W_5,0,48,4,,,0|20:1|21:3|23:4|24:0|4:5|9:15|19:20|24;23,24,19,14,10,5;7,8,13,18,17,16,15,20;12,11,6,1,0;21,22,2,3,4,9
W_5,0,49,5,,,0|20:1|21:3|23:4|24:0|4:5|9:15|19:20|24;17,12,7,8,9;1,0,5;20,15,10,14,13,18;4,3,2,22,21,16,11,6;19,24,23
W_5,0,50,5,,,0|20:1|21:3|23:4|24:0|4:5|9:15|19:20|24;21,20,15,10,14,13;9,4,3;12,7,8;19,24,23,22,2,1,0,5;6,11,16,17,18
W_5,0,51,5,,,0|20:1|21:3|23:4|24:0|4:5|9:15|19:20|24;8,7,12,17,16,21;3,4,9;11,6,5,0;18,13,14,10,15,20;19,24,23,22,2,1
W_5,0,52,5,,,0|20:1|21:3|23:4|24:0|4:5|9:15|19:20|24;5,10,14,19;9,8,7,6,1,0;20,15,16,17,18,23,24;21,22,2,3,4;13,12,11
W_5,0,53,5,,,0|20:1|21:3|23:4|24:0|4:5|9:15|19:20|24;24,19,14,10,5,0,1;23,18,13,8;7,12,17;9,4,3,2,22,21;6,11,16,15,20
W_5,0,54,5,,,0|20:1|21:3|23:4|24:0|4:5|9:15|19:20|24;24,19,14,10,15,20,21,22,2,1,0;11,12,13;5,6,7,8;3,4,9;23,18,17,16
W_5,0,55,5,,,0|20:1|21:3|23:4|24:0|4:5|9:15|19:20|24;23,24,19;17,16,15,20;18,13,8,7;12,11,6,1,2,22,21;3,4,9,14,10,5,0
W_5,0,56,5,,,0|20:1|21:3|23:4|24:0|4:5|9:15|19:20|24;23,18,17,16;15,20,21,22,2,7,8,13;6,11,12;3,4,9;24,19,14,10,5,0,1
W_5,0,57,5,,,0|20:1|21:3|23:4|24:0|4:5|9:15|19:20|24;1,6,7,8,13;21,22,2,3,4,9,14,10,5,0;19,24,23;16,15,20;11,12,17,18
W_5,0,58,5,,,0|20:1|21:3|23:4|24:0|4:5|9:15|19:20|24;7,6,11,10,14,19,24;12,17,16,15;20,21,22,2,3,4;5,0,1;9,8,13,18,23
W_5,0,59,5,,,0|20:1|21:3|23:4|24:0|4:5|9:15|19:20|24;0,5,10,14,9,4;3,8,7;23,24,19;13,12,11,6,1,2,22,21,20,15;18,17,16
W_5,0,60,5,,,0|20:1|21:3|23:4|24:0|4:5|9:15|19:20|24;19,18,13,12,7,6,1,0;11,16,17;8,3,2,22,23,24;15,20,21;5,10,14,9,4
W_5,0,61,7,,,0|20:1|21:3|23:4|24:0|4:20|24:2|22;5,0,1;11,16,17,18;6,7,8;22,23,24,19;10,14,13,12;2,3,4,9;15,20,21
W_5,0,62,7,,,0|20:1|21:3|23:4|24:0|4:20|24:2|22;0,5,9,4;20,15,19,24;1,2,3;21,22,23;10,11,16;12,17,18;6,7,8,13,14
W_5,0,63,5,,,0|20:1|21:3|23:4|24:0|4:20|24:2|22;0,1,2,3,4,9,14;8,7,12,17,22,21,20;19,15,16,11;24,23,18,13;10,5,6
W_5,0,64,5,,,0|20:1|21:3|23:4|24:0|4:20|24:2|22;5,10,14,19;20,21,22,17,12;7,8,13,18,23,24;0,1,6,11,16,15;2,3,4,9
W_5,0,65,4,,,0|20:1|21:3|23:4|24:0|4:20|24:2|22;23,24,19,15,20;21,16,11,10,14,9,4;22,17,18,13,8,3,2,1;12,7,6,5,0
W_5,0,66,5,,,0|20:1|21:3|23:4|24:0|4:20|24:2|22;4,3,2;9,14,13,18;8,7,6,1;12,17,22,23,24,19,15;0,5,10,11,16,21,20
W_5,0,67,5,,,0|20:1|21:3|23:4|24:0|4:20|24:2|22;4,3,8,7,6;12,17,16;2,1,0,5,10,11;15,19,24;9,14,13,18,23,22,21,20
W_5,0,68,5,,,0|20:1|21:3|23:4|24:0|4:20|24:2|22;7,6,11,16,17,18;8,3,4;21,20,15,10,5,9;0,1,2;22,23,24,19,14,13,12
W_5,0,69,5,,,0|20:1|21:3|23:4|24:0|4:20|24:2|22;5,0,1,2,3,8,13,12;4,9,14,10;17,18,23,24;16,11,6,7;22,21,20,15,19
W_5,0,70,5,,,0|20:1|21:3|23:4|24:0|4:20|24:2|22;12,11,16;22,21,20,15;1,2,3,4,9,14,10;19,24,23;0,5,6,7,8,13,18,17
W_5,0,71,5,,,0|20:1|21:3|23:4|24:0|4:20|24:2|22;9,5,6,11;17,18,13,8,3,4;16,21,22,23,24,19,14;12,7,2,1,0;10,15,20
W_5,0,72,4,,,0|20:1|21:3|23:4|24:0|4:20|24:2|22;1,2,3,8,13,18,19,15,20,21;4,9,14,10,11,16;0,5,6,7,12,17;22,23,24
W_5,0,73,5,,,0|20:1|21:3|23:4|24:0|4:20|24:2|22;2,3,4,9,14,10,15,20,21;1,0,5;19,24,23,22,17,16;18,13,12;11,6,7,8
W_5,0,74,6,,,0|20:1|21:3|23:4|24:0|4:20|24:2|22;10,14,9,4;1,0,5;16,11,12,13,8,3;20,21,22,17,18;15,19,24,23;2,7,6
W_5,0,75,5,,,0|20:1|21:3|23:4|24:0|4:20|24:2|22;0,1,2,3,4,9;8,7,6,5,10,14;20,15,19,24,23;21,16,11,12;13,18,17,22
W_5,0,76,5,,,0|20:1|21:3|23:4|24:0|4:20|24:2|22;19,24,23;12,11,16,15,20;1,2,7,8,13,18,17,22,21;6,5,0;10,14,9,4,3
W_5,0,77,4,,,0|20:1|21:3|23:4|24:0|4:20|24:2|22;0,1,2,3,8,13,18;5,6,7,12,17;4,9,14,10,11,16,21,22;23,24,19,15,20
W_5,0,78,5,,,0|20:1|21:3|23:4|24:0|4:20|24:2|22;6,11,16,21,20;10,14,9,4;17,12,7;22,23,24,19,15;18,13,8,3,2,1,0,5
W_5,0,79,5,,,0|20:1|21:3|23:4|24:0|4:20|24:2|22;0,1,6,7,12,17,22,21,20,15;5,9,4;18,13,8,3,2;14,10,11,16;19,24,23
W_5,0,80,4,,,0|20:1|21:3|23:4|24:0|4:20|24:2|22;5,6,7,8,13,18,17;19,24,23,22,21,20;0,1,2,3,4,9,14,10,15;12,11,16
W_5,0,81,6,,,0|20:1|21:3|23:4|24:0|4:20|24:2|22;23,24,19,14,10,11,12;7,8,13,18;0,5,9,4;21,22,17;6,1,2,3;16,15,20
W_5,0,82,5,,,0|20:1|21:3|23:4|24:0|4:20|24:2|22;4,3,8,13,18,19,24;6,11,12,17;7,2,1,0,5,9,14;10,15,20;23,22,21,16
W_5,0,83,4,,,0|20:1|21:3|23:4|24:0|4:20|24:2|22;0,1,6,11,10,15,20;16,17,12,7,2,3,4;14,19,24,23,22,21;18,13,8,9,5
W_5,0,84,5,,,0|20:1|21:3|23:4|24:0|4:20|24:2|22;18,17,12,7,2;24,19,14,13,8,3;0,1,6,11,16;21,22,23;4,9,5,10,15,20
W_5,0,85,4,,,0|20:1|21:3|23:4|24:0|4:20|24:2|22;16,17,18,13,8;7,6,5,9,14,19,24,23,22,21;20,15,10,11,12;4,3,2,1,0
W_5,0,86,5,,,0|20:1|21:3|23:4|24:0|4:20|24:2|22;4,3,8,13,18;12,11,6;14,10,15,20,21;7,2,1,0,5,9;19,24,23,22,17,16
W_5,0,87,5,,,0|20:1|21:3|23:4|24:0|4:20|24:2|22;3,8,7,6;23,22,21,20;24,19,15,10,5,0,1,2;11,12,13,14,9,4;16,17,18
W_5,0,88,6,,,0|20:1|21:3|23:4|24:0|4:20|24:2|22;11,10,14,9,4,3,2,1;12,17,16;0,5,6;18,13,8,7;22,21,20,15;19,24,23
W_5,0,89,5,,,0|20:1|21:3|23:4|24:0|4:20|24:2|22;9,5,6,11,12;4,3,2,1,0;7,8,13,14,19,24;17,16,15,10;18,23,22,21,20
W_5,0,90,5,,,0|20:1|21:3|23:4|24:0|4:20|24:2|22;17,16,11,6,1,0;4,3,2,7,12;10,5,9,8,13;18,23,24;14,19,15,20,21,22
W_5,0,91,5,,,0|20:1|21:3|23:4|24:0|4:20|24;0,1,6,7,12,17;23,18,13,14,9,4;21,16,11,10,5;8,3,2,22;24,19,15,20
W_5,0,92,6,,,0|20:1|21:3|23:4|24:0|4:20|24;20,21,16;12,17,22,2,1,0;24,23,18;11,10,15,19;7,6,5,9,14,13;8,3,4
W_5,0,93,5,,,0|20:1|21:3|23:4|24:0|4:20|24;8,13,14,19,24;21,22,2,3,4;20,15,16;23,18,17,12,7,6,1,0;11,10,5,9
W_5,0,94,4,,,0|20:1|21:3|23:4|24:0|4:20|24;20,15,19,14,13,8;18,17,12,7,6,1,0;3,4,9,5,10,11,16,21;2,22,23,24
W_5,0,95,4,,,0|20:1|21:3|23:4|24:0|4:20|24;0,1,2,22,23,24,19,15,20;6,5,9,4;14,10,11,12,7;3,8,13,18,17,16,21
W_5,0,96,4,,,0|20:1|21:3|23:4|24:0|4:20|24;9,5,10,11,16;15,20,21,22,2,3,4;19,14,13,8;24,23,18,17,12,7,6,1,0
W_5,0,97,4,,,0|20:1|21:3|23:4|24:0|4:20|24;8,13,18,19,15,20,21;3,4,9,14,10,11,16;17,12,7,6;5,0,1,2,22,23,24
W_5,0,98,5,,,0|20:1|21:3|23:4|24:0|4:20|24;0,5,9,8,7;1,6,11,10,14;4,3,2,22,21,20;13,12,17,16,15,19;18,23,24
W_5,0,99,5,,,0|20:1|21:3|23:4|24:0|4:20|24;23,24,19,15;16,17,12;18,13,8;20,21,22,2,1,0,5;7,6,11,10,14,9,4,3
W_5,0,100,5,,,0|20:1|21:3|23:4|24:0|4:20|24;22,2,3,4;21,16,17,18,23,24;13,14,19,15,20;10,11,6,1;12,7,8,9,5,0
W_5,0,101,4,,,0|20:1|21:3|23:4|24:0|4:20|24;20,21,16,17,12,7;24,23,22,2;4,3,8,13,18,19,15,10,11,6,1;0,5,9,14
W_5,0,102,5,,,0|20:1|21:3|23:4|24:0|4:20|24;20,15,19,24,23;21,16,11,10;6,7,8,3,4;12,17,22,2,1;0,5,9,14,13,18
W_5,0,103,6,,,0|20:1|21:3|23:4|24:0|4:20|24;3,2,22,21;10,14,13,12;1,0,5,9,4;23,18,17;16,11,6,7,8;20,15,19,24
W_5,0,104,4,,,0|20:1|21:3|23:4|24:0|4:20|24;24,23,22,2,1,0,5,9;4,3,8,7,6,11,10,14;13,12,17,16,21;20,15,19,18
W_5,0,105,5,,,0|20:1|21:3|23:4|24:0|4:20|24;23,24,19,14;0,1,6,7,12;15,20,21,22,2;3,8,13;18,17,16,11,10,5,9,4
W_5,0,106,4,,,0|20:1|21:3|23:4|24:0|4:20|24;4,9,5,6,7,12,17,16;24,19,15,20,21,22,2,1,0;3,8,13,18,23;11,10,14
W_5,0,107,5,,,0|20:1|21:3|23:4|24:0|4:20|24;3,8,7,12,11,10,5,0;17,16,21;24,19,15,20;4,9,14,13,18,23;22,2,1,6
W_5,0,108,6,,,0|20:1|21:3|23:4|24:0|4:20|24;5,0,1;21,20,15,19;12,7,6;4,9,8,13,18,17;16,11,10,14;24,23,22,2,3
W_5,0,109,6,,,0|20:1|21:3|23:4|24:0|4:20|24;21,20,15;12,7,6;14,10,11,16,17;9,4,3,2,22,23,24,19;5,0,1;18,13,8
W_5,0,110,5,,,0|20:1|21:3|23:4|24:0|4:20|24;4,3,8,7,6,1,0;20,21,16,17,18;2,22,23,24;19,15,10,11;12,13,14,9,5
W_5,0,111,5,,,0|20:1|21:3|23:4|24:0|4:20|24;9,5,0,1,2,22,21;6,7,8,3,4;23,24,19;20,15,16,17,18,13,14;10,11,12
W_5,0,112,5,,,0|20:1|21:3|23:4|24:0|4:20|24;10,11,12,13,18;4,3,8,7,6;15,19,14,9,5,0;1,2,22,23,24;17,16,21,20
W_5,0,113,5,,,0|20:1|21:3|23:4|24:0|4:20|24;0,5,6,7,12,17;4,3,8,13,18,23,24;11,10,14,9;20,21,22,2,1;16,15,19
W_5,0,114,5,,,0|20:1|21:3|23:4|24:0|4:20|24;14,13,12,11;18,17,16;4,9,5,0,1,2,22,23,24,19;21,20,15,10;6,7,8,3
W_5,0,115,5,,,0|20:1|21:3|23:4|24:0|4:20|24;10,14,19;5,9,4,3,2,22,21;20,15,16;24,23,18,17,12,11,6,1,0;13,8,7
W_5,0,116,6,,,0|20:1|21:3|23:4|24:0|4:20|24;1,2,22;9,5,0;12,7,6;4,3,8,13,18,17,16,11;10,14,19,24,23;21,20,15
W_5,0,117,5,,,0|20:1|21:3|23:4|24:0|4:20|24;14,10,11,12;6,5,9,4,3;7,8,13,18,19,15,20;24,23,22,2,1,0;17,16,21
W_5,0,118,4,,,0|20:1|21:3|23:4|24:0|4:20|24;21,20,15,10,11,12;1,6,7,8,13,14,19;24,23,22,2,3,4,9,5,0;16,17,18
W_5,0,119,5,,,0|20:1|21:3|23:4|24:0|4:20|24;4,3,2,22,23;20,21,16,17,18,13,14,9,5;8,7,12;15,19,24;10,11,6,1,0
W_5,0,120,5,,,0|20:1|21:3|23:4|24:0|4:20|24;12,13,14,10,15,20,21;23,22,2,3,4;0,5,9,8,7;16,11,6,1;17,18,19,24
W_5,0,121,6,,,0|20:4|24:0|4:20|24;0,5,6,7,8;23,18,13,14;12,17,22;9,4,3;24,19,15,20;10,11,16,21,1,2
W_5,0,122,6,,,0|20:4|24:0|4:20|24;24,23,3,4;19,18,13,12;17,22,2;16,11,6,7;21,1,0,5;8,9,14,10,15,20
W_5,0,123,6,,,0|20:4|24:0|4:20|24;3,23,24,19,14,10,11;13,12,7,2,1,21;0,5,6;22,17,18;16,15,20;8,9,4
W_5,0,124,5,,,0|20:4|24:0|4:20|24;18,19,14,10;17,22,23,24;20,21,1,2,3,4,9;0,5,6,7,8,13;12,11,16,15
W_5,0,125,5,,,0|20:4|24:0|4:20|24;20,21,22,2,7,12;4,3,23,24;19,14,10,11,6,1;18,13,8,9,5,0;15,16,17
W_5,0,126,5,,,0|20:4|24:0|4:20|24;18,23,22;24,19,14,10,5,0;12,17,16,15,20;11,6,7,8,13;21,1,2,3,4,9
W_5,0,127,5,,,0|20:4|24:0|4:20|24;7,2,3,23,24;14,10,5,0;4,9,8,13,12;22,17,16;11,6,1,21,20,15,19,18
W_5,0,128,4,,,0|20:4|24:0|4:20|24;23,18,17,12;7,8,13,14,10;5,9,4,3,2,22,21,20;24,19,15,16,11,6,1,0
W_5,0,129,5,,,0|20:4|24:0|4:20|24;0,5,9,8,13,18;19,24,23,22,17;15,20,21,1,2,3,4;12,7,6;16,11,10,14
W_5,0,130,5,,,0|20:4|24:0|4:20|24;17,22,2;1,0,5,9,14,19;24,23,18,13,12;10,15,20;4,3,8,7,6,11,16,21
W_5,0,131,5,,,0|20:4|24:0|4:20|24;19,15,20;24,23,18,13,12;14,10,5,0,1,21;4,9,8,7,6;11,16,17,22,2,3
W_5,0,132,4,,,0|20:4|24:0|4:20|24;15,16,11,12;0,5,10,14,19,24,23,3;7,6,1,21,20;2,22,17,18,13,8,9,4
W_5,0,133,5,,,0|20:4|24:0|4:20|24;9,4,3;22,2,7,8,13,14;0,5,10;24,23,18,17,12,11,6,1,21,20;19,15,16
W_5,0,134,5,,,0|20:4|24:0|4:20|24;9,4,3,23,24;7,6,5,10,14,19;16,11,12;8,13,18,17,22,21,20,15;2,1,0
W_5,0,135,5,,,0|20:4|24:0|4:20|24;20,15,10,14,9,4;23,22,21,1,0;8,13,18,19,24;16,11,6,5;3,2,7,12,17
W_5,0,136,5,,,0|20:4|24:0|4:20|24;12,17,22;4,9,5,0,1,21,20;19,24,23,3,2;18,13,8,7,6,11,16;15,10,14
W_5,0,137,6,,,0|20:4|24:0|4:20|24;14,19,15,20;8,13,18,23,24;9,5,0,1;10,11,16;17,12,7,6;21,22,2,3,4
W_5,0,138,5,,,0|20:4|24:0|4:20|24;4,3,8,13,18,19,24;23,22,2,7;12,17,16;21,20,15,10,11,6;1,0,5,9,14
W_5,0,139,5,,,0|20:4|24:0|4:20|24;4,9,5,0,1,21,16;24,19,14,13,12,11,6;10,15,20;17,22,2;18,23,3,8,7
W_5,0,140,5,,,0|20:4|24:0|4:20|24;11,12,7,8;0,1,6;20,15,10,5,9,4,3,2,22;14,19,24,23;13,18,17,16,21
W_5,0,141,5,,,0|20:4|24:0|4:20|24;18,13,8;3,4,9,14,10,11,16,17;0,5,6,7,12;2,1,21,20;22,23,24,19,15
W_5,0,142,6,,,0|20:4|24:0|4:20|24;14,19,18;24,23,3,4,9,5,0;16,21,22,2,7,8;13,12,17;20,15,10;11,6,1
W_5,0,143,5,,,0|20:4|24:0|4:20|24;6,11,10,14;3,8,13,18;1,21,16,17,12,7;20,15,19,24,23,22,2;0,5,9,4
W_5,0,144,4,,,0|20:4|24:0|4:20|24;20,21,16,11,6,7,8,13,14,19,24;22,2,1,0;12,17,18;23,3,4,9,5,10,15
W_5,0,145,5,,,0|20:4|24:0|4:20|24;22,21,20,15;24,19,14,10,5,0,1,2;12,7,6;9,4,3,23;11,16,17,18,13,8
W_5,0,146,6,,,0|20:4|24:0|4:20|24;0,1,6;23,3,8,13,12,11;15,10,5,9,4;7,2,22;20,21,16,17,18;24,19,14
W_5,0,147,5,,,0|20:4|24:0|4:20|24;23,3,2,1;18,17,22;20,21,16,11,12,13,14,9,4;0,5,10,15,19,24;6,7,8
W_5,0,148,5,,,0|20:4|24:0|4:20|24;7,6,11,10;18,23,22;14,19,24;4,3,2,1,21,20,15;16,17,12,13,8,9,5,0
W_5,0,149,4,,,0|20:4|24:0|4:20|24;8,13,18,17,16,11;23,24,19,14,10,5;12,7,6,1,0;9,4,3,2,22,21,20,15
W_5,0,150,5,,,0|20:4|24:0|4:20|24;4,9,14,10,11,16;22,23,3,8,13,12;24,19,18,17;5,0,1,21,20,15;2,7,6
