10,0,1,5,,,31|41:32|33:32|42:33|43:34|44:42|43;41,51,61,71,81,91,92,93,94,95,96,97,98,99,89,79,69,59,49,39,29,19,9,8,7,6,5,4,3,2,1,0,10;90,80,70,60,50,40,30,31,32,22,23,24,25,26,27,37,47,57,67,66,65,64;42,52,62,72,82,83,84,85,86,87,88;45,44,43,53,63,73,74,75,76,77,78,68,58,48,38,28,18,17,16,15,14,13,12,11,21,20;54,55,56,46,36,35,34,33
10,0,2,6,,,43|44:43|53:44|54:47|48:47|57:48|58:53|54:57|58;26,27,37,47,46,56,57,67,77,76,86,96,97,98,99,89,79,69;81,82,83,84,85,75,65,66;36,35,25,24,23,22,32,42;74,73,72,71,70,80,90,91,92,93,94,95;53,52,51,41,31,21,11,12,13,14,15,16,17,18,28,38,48;87,88,78,68,58,59,49,39,29,19,9,8,7,6,5,4,3,2,1,0,10,20,30,40,50,60,61,62,63,64,54,55,45,44,34,33,43
10,0,3,4,,,36|37:45|55:46|47:46|56:47|57:48|58:56|57:66|67;49,39,29,19,9,8,7,6,5,4,3,2,1,0,10,20,30,40,50,60,70,80,90,91,92,93,94,84,74,73,72,62,52,42,32,22,23,24;48,38,28,18,17,16,15,25,35,34,33,43,53,63,64,65,75,85,95,96,97,98,99,89,79,69,59,58,57,67,77;83,82,81,71,61,51,41,31,21,11,12,13,14;47,37,27,26,36,46,45,44,54,55,56,66,76,86,87,88,78,68
10,0,4,6,,,21|22:21|31:22|32:31|32:76|77:76|86:77|87:86|87;21,11,12,22,23,24,34,35,36,37,38,39,29,19,9,8,7;32,33,43,53,63,64,65,55,56,57,58,68,78,88,87,97,96,95,94,93,92,91,90,80,70,60;13,14,15,25,26,27,28,18;77,67,66,76,75,74,73,72,62,52,42,41,31,30,20,10,0,1,2,3,4,5,6,16,17;86,85,84,83,82,81,71,61,51,50,40;54,44,45,46,47,48,49,59,69,79,89,99,98
10,0,5,6,,,43|44:53|54:53|63:54|64:63|64:73|74;17,27,26,36,46,56,66;59,69,79,89,99,98,97,96,95,94,84,74,64,65,55,54,44,34,33,43,53;85,75,76,77,67,57,47,37,38,28,18,8,7,6,5,4,3,2,1,0,10,20,30,40,50,60,70,80,81,82,72;45,35,25,24,23,22,32,42,52,62,63,73,83,93,92,91,90;9,19,29,39,49,48,58,68,78,88,87,86;16,15,14,13,12,11,21,31,41,51,61,71
10,0,6,5,,,32|33:42|43:42|52:43|53:52|53:62|63;26,16,17,18,28,38,48,58,68,78,88,87,86,96,95,94,93,92,91,90,80,70,60,50,40,30,20,10,0,1,2,3,4,14,24,34;27,37,47,57,67,77,76,75,85,84,83,82,81,71,61;36,46,56,66,65,64,74,73,72,62,52,51,41,42,32,22;44,43,33,23,13,12,11,21,31;97,98,99,89,79,69,59,49,39,29,19,9,8,7,6,5,15,25,35,45,55,54,53,63
10,0,7,6,,,23|24:23|33:24|34:33|34:65|66:65|75:66|76:75|76;1,0,10,20,30,40,50,60,70,80,90,91,92,93,94,95,96,97,87,88,78,68,58,57,56,66;54,44,34,35,36,37,27;17,18,28,38,48,49,59,69,79,89,99,98;15,5,4,3,2,12,11,21,31,41,42,52,62,72,73,74,75;51,61,71,81,82,83,84,85,86,76,77,67;47,46,45,55,65,64,63,53,43,33,32,22,23,13,14,24,25,26,16,6,7,8,9,19,29,39
10,0,8,5,,,43|44:53|54:53|63:54|64:63|64:73|74;54,44,34,33,43,53,52,62,63,73,83,93,94,95,96,97,98,99;90,91,92,82,72,71,61,51,41,42,32,22,23,24,25,26,36,46,56;35,45,55,65,75,76,77,78,68,58,48,38,28,18,8,7,6,5,4,3,2,1,0,10,20;64,74,84,85,86,87,88,89,79,69,59,49,39,29,19,9;66,67,57,47,37,27,17,16,15,14,13,12,11,21,31,30,40,50,60,70,80,81
10,0,9,8,,,32|33:41|51:42|43:42|52:43|53:44|54:52|53:62|63;87,88,78,68,67,66;50,51,52,62,72,73,63,53,54;24,25,26,27,37,47,48,49;39,38,28,18,17,16,15,14,13,12,11,21,31;29,19,9,8,7,6,5,4,3,2,1,0,10,20,30,40,41,42,32,22,23,33,34;60,61,71,81,82,83,84,74,64,65,55,45,44,43;35,36,46,56,57,58,59,69,79,89,99,98,97,96,86;77,76,75,85,95,94,93,92,91,90,80,70
10,0,10,5,,,52|53:52|62:53|63:62|63;52,51,61,62,72,73,63,64,54,53,43,33,34,35,36,46,56,66,76,86,96,97;44,45,55,65,75,85,95,94,93,92,91,90,80;77,67,57,47,37,27,26,25,24,23,22,32,42,41;74,84,83,82,81,71,70,60,50,40,30,20,10,0,1,2,3,4,5,6,7,8,9,19,29,39,49,59,69,79,89,99,98;87,88,78,68,58,48,38,28,18,17,16,15,14,13,12,11,21,31
11,0,11,6,,,52|53:63|64:63|74:64|75:74|75:85|86;10,21,20,19,18,17,16,27,38,49,60;110,111,112,113,114,115,116,117,118,119,120,109,98,87,76,65,64,53,42,41,52,63,62,73,84,83,82,81,80,69,58,47,36,25;89,78,67,56,45,34,23,12,13,14,15,26,37,48,59,70,71,72,61,50,51,40;9,8,7,6,5,4,3,2,1,0,11,22,33,44,55,66,77,88,99,100,101,102,103,104,105,106,107,108,97,86,75;74,85,96,95,94,93,92,91,90,79,68,57,46,35,24;54,43,32,31,30,29,28,39
11,0,12,8,,,14|15:14|25:15|26:25|26:90|91:90|101:91|102:101|102;111,110,99,88,77,78,67,56,45,34,23,12,13,14;15,16,27,26,37,36,25,24;31,42,53,64,75,74,73,72,71,60,59,58;20,19,30,41,52,63,62,61,50,49,48,47;85,96,95,94,93,92,91,80,79,90,89,100,101,112,113,114,115,116,117,118,119,120,109,98,87,76,65,54,43,32,21,10,9,8,7,18,29,40,51;66,55,44,33,22,11,0,1,2,3,4,5,6,17,28,39,38;86,97,108,107,106,105,104,103,102;35,46,57,68,69,70,81,82,83,84
11,0,13,8,,,16|17:16|27:17|28:27|28:72|83:73|74:73|84:74|85:75|86:84|85;106,107,108,97,86,85;94,105,104,103,102,101,100,89,78,67,56,45,46,47,48,49,38,39,28,29,30;24,25,14,15,16,5,6,17,18,19,20,31;64,75,74;4,3,2,1,0,11,22,33,44,55,66,77,88,99,110,111,112,113,114,115,116,117,118,119,120,109,98,87,76,65,54,53,52,63,62,73,72,71,70,81;27,26,37,36,35,34,23,12,13;7,8,9,10,21,32,43,42,41,40,51,50,61,60,59,58,69,80;57,68,79,90,91,92,93,82,83,84,95,96
11,0,14,8,,,46|47:57|58:57|68:58|69:68|69:79|80;11,0,1,2,3,4,5,6,7,8,9,10,21,32,31,30,29,28,27,26,25,24;96,95,94,83,82,81,92,103,114,113,112,111,110,99,88,77,66,67,68;46,57,56,55,44,33,22,23,12,13,14,15,16,17,18,19,20;79,78,89,100,101,102;47,58,59,60,61,62,63,74,85;105,106,107,108,97,86,75,64,53,52,51,50,49,48;93,104,115,116,117,118,119,120,109,98,87,76,65,54,43,42,41,40,39,38,37,36,35,34,45;90,91,80,69,70,71,72,73,84
11,0,15,6,,,16|17:26|37:27|28:27|38:28|39:29|40:38|39:49|50;61,62,51,52,53,42,31,20,19,18;75,76,87,98,109,120,119,118,117,116,115,114,113,112,111,110,99,88,77,66,55,44,33,22,11,0,1,2,3,4,5,16,27,26,25,24,35,46,57,68,79,90,91,92,93;15,14,13,12,23,34,45,56,67,78,89,100,101,102,103,104,105,106,107,108,97,86;85,84,73,72,71,70,59,48;96,95,94,83,82,81,80,69,58,47,36,37,38,49,60;74,63,64,65,54,43,32,21,10,9,8,7,6,17,28,29,30,41,40,39,50
11,0,16,6,,,35|36:46|47:46|57:47|58:57|58:59|60:59|70:60|71:68|69:70|71;57,68,79,80,91,92,93,94,95,96,85,74,63,52,41,30;90,101,102,103,104,105,106,107,108,97,86,75,64,53,42,31,20,19,8,7,6;83,84,73,62,51,50,49,38,37;9,10,21,32,43,54,65,76,87,98,109,120,119,118,117,116,115,114,113,112,111,100,89,78,67,56,45,46,35,24,25,36,47,48,59,58,69,70,81,82,71,72,61,60;39,40,29,18,17,16,5,4,3,2,1,0,11,22;28,27,26,15,14,13,12,23,34,33,44,55,66,77,88,99,110
11,0,17,6,,,27|28:37|48:38|39:38|49:39|50:40|51:49|50:60|61;40,41,52,51,50,61,72,71,70,69,68,79,78,77,66,55,44,33,22,11,0,1,2,3,4,5,6,7,8,9,10;49,48,47,36,37,38,27,16,15,14,13,12,23,34,45,56,67;63,62,73,84,83,82,81,80,91,90,89,88,99,110,111,112,113,114,115,116,117,118,119,120,109,98,87,76,65,54,43,32,21,20,19,18,17,28,39;60,59,58,57,46,35,24,25,26;92,93,94,95,96,85,74;100,101,102,103,104,105,106,107,108,97,86,75,64,53,42,31,30,29
11,0,18,5,,,40|41:50|61:51|52:51|62:52|63:53|64:62|63:73|74;62,61,72,71,70,59,48;31,20,19,18,17,28,39,38,37,36,47,58,69,80,81,82,83,84,73;42,43,32,21,10,9,8,7,6,5,16,27,26,25,24,35,46,57,68,79,90,91,92,93,94,95,96,85,74,63;14,13,12,23,34,45,56,67,78,89,100,101,102,103,104,105,106,107,108,97,86,75,64;60,49,50,51,40,29,30,41,52,53,54,65,76,87,98,109,120,119,118,117,116,115,114,113,112,111,110,99,88,77,66,55,44,33,22,11,0,1,2,3,4,15
11,0,19,7,,,81|92:82|83:82|93:83|94:84|95:93|94;13,24,35,46,57,68,79,90,101,102,103;59,48,37,26,15,4,5,6,7,8,9,10,21,32,31,30,29,28,39,50,61;64,75,86,97,108,107,106,105,104,93,92,91,80,81,82,71,72;94,95,96,85,74,63,52,53;70,69,58,47,36,25,14,3,2,1,0,11,22,33,44,55,66,77,88,99,110;12,23,34,45,56,67,78,89,100,111,112,113,114,115,116,117,118,119,120,109,98,87,76,65,54,43,42,41,40,51,62,73,84,83;60,49,38,27,16,17,18,19,20
11,0,20,7,,,28|29:28|39:29|40:39|40:49|50:49|60:50|61:60|61;99,88,77,66,55,44,33,22,11,0,1,2,3,4,5,6,7,8,19,20,31,42,53,64,75,86,97,108;28,27,26,25,24,35,46,57,68,79,90,101,112,113,114,115,116,117,118,119,120,109,98,87,76,65,54,43,32,21,10,9;38,37,36,47,58,69,80,91,102,103,104,105,106,107,96,85;52,63,74,73,84,83,82;110,111,100,89,78,67,56,45,34,23,12,13,14,15,16,17,18,29,30,41,40;95,94,93,92,81,70;39,50,51,62,61,72,71,60,59,48,49
12,0,21,8,,,14|15:14|26:15|27:26|27:79|91:80|81:80|92:81|93:82|94:92|93;99,87,75,63,51,39,27,28,29,30,31,32,33;15,16,17,18,19,20,21,22,34,35;26,38,50,62,74,86,98,110,111,112,100,88,76,64,52,40,41;92,104,103,102,101,89,77,65,53,54,42,43,44,45,46,47,59,71,83,95,107,119,131,143,142,141,140,139;94,93,105,117,116,115,114,113,125,124,123,122,121,109,97,85,73,61,49,37,25,13,14;91,90,78,66,67,55,56,57,58,70;82,81,69,68,80,79;106,118,130,129,128,127,126,138,137,136,135,134,133,132,120,108,96,84,72,60,48,36,24,12,0,1,2,3,4,5,6,7,8,9,10,11,23
12,0,22,8,,,64|65:76|77:76|88:77|89:88|89:100|101:103|104:103|115:104|116:115|116;58,70,82,83,95,107,119,131,143,142,141,140,139,138,137,136,135;63,51,39,40,41,42;65,77,78,90,89,101,113,112,100,88,87,75,76;121,109,97,85,73,61,49,37,25,13,14,15,16,17,18,19,20,32,33;64,52,53,54,55,43,31,30,29,28,27,26,38,50,62,74,86,98,110,122,134,133,132,120,108,96,84,72,60,48,36,24,12,0,1,2,3,4,5,6,7,8,9,10,11,23,35,47,59,71;115,114,102,103,91,79,67,66;99,111,123,124,125,126,127,128,129,130,118,106,94,93,81,69,57,45,46,34,22,21;44,56,68,80,92,104,105,117,116
12,0,23,6,,,56|57:68|69:68|80:69|81:80|81:92|93;81,93,105,117,116,115,114,113,112,111,110,98,86;58,46,34,22,21,20,19,18,17,16,15,14,13,12,0;68,56,44,32,31,30,29,28,27,26,25,24;88,89,90,91,79,67,55,43,42,41,40,39,38,37,36,48;80,92,104,103,102,101,100,99,87,75,76,77,78,66,54,53,52,51,50,49,61,60,72,84,96,108,120,132,133,134,135,136,137,138,139,140,141,142,143,131,119,107,95,83,71,59,47,35,23,11,10,9,8,7,6,5,4,3,2,1;65,64,63,62,74,73,85,97,109,121,122,123,124,125,126,127,128,129,130,118,106,94,82,70,69,57,45,33
12,0,24,8,,,19|20:19|31:20|32:31|32:42|54:43|44:43|55:44|56:45|57:55|56;81,69,57,58,46,45,44,32;70,82,94,93,92,80,79,78,90,102,114,115,116,117,118,119,131,143,142,141,140,139,138,137,136,135,134,133,132,120,108,96,84,72,60,48,36,24,12,0,1,2,3,4,5,6;23,11,10,9,8,7,19,18,30,29,28,27,26,38,50,62,74,86,98;33,21,20;31,43,42,41,40,39,51,63,75,87,99,111,110,109,97,85,73,61,49,37,25,13,14,15,16,17;55,54,53,52,64,76,88,100,112,124,123,122,121;56,68,67,66,65,77,89,101,113,125,126,127,128,129,130;22,34,35,47,59,71,83,95,107,106,105,104,103,91
12,0,25,6,,,62|74:63|64:63|75:64|76:65|77:75|76;115,116,117,105,93,81,69,57,45,33,32,31,30,29,28,27,26,38,50,62,61,60;132,120,108,96,84,72,73,74,86,98,110,122,123,124,125,126,127,128,129,130,118,106,94,82,70,58,46,34,22,21,20,19,18,17,16,15,14,13,25,37,49,48;64,65,66,78,77,76,88,87,75;63,51,52,53,54,55,67,79,91,90,89,101,100,99,111;39,40,41,42,43,44,56,68,80,92,104,103,102,114,113,112;36,24,12,0,1,2,3,4,5,6,7,8,9,10,11,23,35,47,59,71,83,95,107,119,131,143,142,141,140,139,138,137,136,135,134,133,121,109,97,85
12,0,26,8,,,31|32:31|43:32|44:37|38:37|49:38|50:43|44:49|50;31,19,20,32,33,45,57,69,81,80,79,78,77,76,88;130,118,106;44,56,68,67,66,65,64,63,75,87,99,100,101,89,90,91,92;49,61,73,85,97,109,121,122,123,124,125,126,127,128,129,141,142,143,131,119,107,95,83,71,59,47,35,23,11,10,9,8,7,6,5;21,22,34,46,58,70,82,94,93,105,117,116,115;104,103,102,114,113,112,111,110,98,86,74,62,50,51,52,53,54,55,43;29,28,27,15,14,13,12,24;140,139,138,137,136,135,134,133,132,120,108,96,84,72,60,48,36,37,25,26,38,39,40,41,42,30,18,17,16,4,3,2,1,0
12,0,27,9,,,27|28:27|39:28|40:39|40:111|123:112|113:112|124:113|125:114|126:124|125;87,88,89,90,102,114,113;53,65,64;112,111,110,122,123,124,136,137,138,139,140,141,142,143,131,119,107,95,83,71,59,47,35,34;77,76,75,63,51,39,38,26,27;61,73,85,97,109,121,133,134,135;11,23,22,21,33,45,46,58,70,82,94,106,118,130,129,128,127,126,125;104,92,80,68,67,55,43,31,19,7,6;101,100,99,98,86,74,62,50,49,37,25,13,14,15,16,28,29,41,40,52;132,120,108,96,84,72,60,48,36,24,12,0,1,2,3,4,5,17,18,30,42,54,66,78,79,91,103,115,116,117,105,93,81,69,57,56,44,32,20,8,9,10
12,0,28,6,,,64|65:64|76:65|77:76|77:87|88:99|100:99|111:100|112:111|112:123|124;50,51,39,40,41,42,54,55,67,79,91,103,115,127,139,138;10,11,23,35,47,59,71,83,95,107,119,131,143,142,141,140,128,116,104,92,80,68,56,44,43,31,30,29,28,27,26,38,37,49,61,73,85,97,109,121,122,123;86,74,62,63,64,52,53,65,66,78,77;12,0,1,2,3,4,5,6,7,8,9,21,22,34,46,58,70,82,94,106,118,130;137,125,126,114,102,90,89,88,76,75,87,99,98,110,111;129,117,105,93,81,69,57,45,33,32,20,19,18,17,16,15,14,13,25,24,36,48,60,72,84,96,108,120,132,133,134,135,136,124,112,113,101,100
12,0,29,9,,,50|51:50|62:51|63:62|63:78|79:78|90:79|91:90|91;91,92,80,79,67,66,78,77,76,88,87,99;90,102,103,104,105,93,81,69,68;100,112,111,110,109,108,120,132,133,134,135,136,137,138,139,140,141,142,143,131,119,107,95,83,71,59,47;84,96,97;89,101,113,114,115,116,117;121,122,123,124,125,126,127,128,129,130,118,106,94,82,70,58,57,56,55,54,53,52,51;50,38,26,27,28,29,30,31,32,33;65,64,63,75,74,62,61,49,37,25,13,14,15,16,17,18,19,20,21,22;39,40,41,42,43,44,45,46,34,35,23,11,10,9,8,7,6,5,4,3,2,1,0,12,24,36,48,60,72,73,85,86,98
12,0,30,7,,,75|76:78|79:78|90:79|91:87|88:87|99:88|100:90|91:99|100:111|112;101,113,114,115,116,104,92,80,79,67,66,78;33,32,31,30,29,28,27,39,51,63,75,87,86,98,99,111,123,124,112,100;57,58,70,82,94,106,118,130,129,128,127,126,125,137,136,135,134,133,132;138,139,140,141,142,143,131,119,107,95,83,71,59,47,35,23,11,10,9,8,7,6,5,4,3,2,1,13,25,37,49,61;91,103,102,90,89,88,76,64,52,40,41,42,43,44,45,46,34,22,21,20,19,18,17,16,15,14,26,38,50,62,74,73,85,97,109;117,105,93,81,69,68,56,55,54,53,65,77;110,122,121,120,108,96,84,72,60,48,36,24,12,0
