8+B,0,1,6,,2:3:4:5:11:12:26:27:28:29:34:35:36:37:42:43:44:45:50:51:52:53:57:58:59:60:61:62;40,32,24,16,8;7,6,14,13,21,20,19,18,10,9,1,0;15,23,31;22,30,38,39,47;56,48,49,41,33,25,17;46,54,55,63
8:7+B,0,2,6,,0:3:4:7:16:23:32:35:36:39:40:43:44:47:48:51:52:55;8,9,1;31,30,38,46,54,53;45,37,29,28,27,26,34,42;50,49,41,33;15,14,22,21,20,19,18,17,25,24;6,5,13,12,11,10,2
8:7+B,0,3,5,,0:7:8:15:16:23:24:27:28:31:35:36:40:47:48:51:52:55;39,38,46,54,53;32,33,41,49,50;20,19,18,10;11,12,13,21,29,37,45,44,43,42,34,26;25,17,9,1,2,3,4,5,6,14,22,30
8:7+B,0,4,5,,0:7:8:11:12:15:19:20:27:28:35:36:43:44:51:52;41,33,25,17,9,1,2,3,4,5,13,21,29,37,45;53,54,46,38,30,22,14,6;49,50,42,34,26,18,10;16,24,32,40,48;55,47,39,31,23
8+B,0,5,6,,0:1:3:4:6:7:8:11:12:15:16:23:24:27:28:31:32:39:51:52:56:59:60:63;61,53,45,44,36;49,48,40;55,54,62;5,13,14,22,30,38,46,47;37,29,21,20,19,18,26,34,35,43;2,10,9,17,25,33,41,42,50,58,57
8+B,0,6,7,,0:1:3:4:6:7:11:12:19:20:27:28:32:39:40:47:51:52:56:59:60:63;14,15,23,31,30,29;17,9,10,2;18,26,25,24,16,8;22,21,13,5;48,49,41,33,34,35,36,37,38,46;61,62,54,55;57,58,50,42,43,44,45,53
8+B,0,7,7,,2:3:4:5:11:12:16:23:24:31:32:39:40:47:48:55:56:57:59:60:62:63;1,0,8;6,7,15;61,53,52,51,43,35,36,37,29,21,20,19,18,10;13,14,22,30,38;42,34,26,27,28;9,17,25,33,41,49,50,58;54,46,45,44
8:7+B,0,8,7,,2:3:4:5:11:12:19:20:27:28:50:53;47,39,31;0,8,16,17,25,33,41,49;24,32,40,48;52,44,45;7,6,14,13,21,29,37,36,35;1,9,10,18,26,34,42,43,51;55,54,46,38,30,22,23,15
8+B,0,9,8,,0:3:4:7:8:11:12:15:16:23:24:31:32:39:57:58:59:60:61:62;63,55,47;29,28,36;46,54,53,52,44,43,35;45,37,38,30,22,14,6,5;2,10,18;1,9,17,25,33;13,21,20,19,27,26,34,42,41,40;51,50,49,48,56
8+B,0,10,8,,2:3:4:5:19:20:27:28:35:36:43:44:51:52:56:59:60:63;6,7,15,23,31,39,38,46;1,0,8,16,17,18,26,34,33;25,24,32,40,48,49;47,55,54,62,61;53,45,37;29,30,22,14;41,42,50,58,57;21,13,12,11,10,9
8+B,0,11,8,,3:4:8:15:35:36:40:43:44:47:48:51:52:55:56:59:60:63;25,26,27,28,29,30,22,14;16,24,32,33,41,49,57,58;7,6,5;34,42,50;23,31,39,38,46,54;13,21,20,19,18,17,9,1,0;37,45,53,61,62;12,11,10,2
8:7+B,0,12,8,,0:1:6:7:8:15:16:23;13,14,22,30,29,37,36;31,39,38,46,45;21,20,28;27,35,43,51,50;41,33,25,17,9,10,2,3;47,55,54,53,52,44;24,32,40,48,49;42,34,26,18,19,11,12,4,5
8+B,0,13,8,,1:2:3:4:5:6:11:12:51:52:57:58:59:60:61:62;30,31,39;0,8,9,10;63,55,47,46,38,37,29,28,27,26,25;43,42,50,49;32,24,16,17,18;54,53,45,44,36,35,34,33,41,40,48,56;7,15,23,22;19,20,21,13,14
10:9+B,0,14,8,,0:3:4:5:6:9:10:13:14:15:16:19:20:23:24:25:26:29:30:33:34:35:36:39:40:49:63:64:65:66:73:74:75:76:82:83:84:85:86:87;70,60,50;1,11,21,31,41,51,61,71,81,80;59,69,79,89;72,62,52,53,54,55,56,46;88,78,68,58,48,38,37,27,17,7;8,18,28;77,67,57,47;45,44,43,42,32,22,12,2
8+B,0,15,8,,1:2:3:4:5:6:11:12:51:52:56:59:60:63;41,33,34,35,36,37;58,50,42,43,44;13,14,15,7;57,49,48,40,32,24,16;0,8,9,10,18,19,20,21,22,23,31,39,47;17,25,26,27,28,29,30,38;45,46,54,55;53,61,62
8:9+B,0,16,8,,3:4:11:12:16:23:24:31:48:49:54:55:56:63:64:65:67:68:70:71;50,51,43,35,36,37,38;9,17,25,33;6,5,13,21,20,19,18,10,2,1,0,8;53,45,46,47,39;32,40,41,42,34,26,27,28,29,30,22,14,15,7;44,52,60,59;66,58,57;62,61,69
8+B,0,17,7,,0:2:3:4:5:7:10:11:12:13:56:63;1,9,8,16;59,58,57,49,48,40,32,24,25,26,27,28;53,45,44,43,51;17,18,19,20,21,29,37,36,35,34;33,41,42,50;6,14,22,30,38,46,54,62,61,60,52;55,47,39,31,23,15
8:9+B,0,18,7,,1:2:3:4:5:6:10:11:12:13:43:44:51:52:64:67:68:71;69,70,62,63,55,47,39,31,23;9,17,18,26,34,42,50,58,59,60,61,53;54,46,38,30,29,28;66,65,57,56,48,40,32;7,15,14;49,41,33,25,24,16,8,0;22,21,20,19,27,35,36,37,45
8:9+B,0,19,8,,0:3:4:7:8:11:12:15:16:23:24:31:35:36:43:44:64:71;2,1,9,17,25,33,32;41,40,48,56;63,55,54;69,70,62;6,5,13,21,20,19,18,10;58,59,51,52,53,45,46,47;39,38,30,22,14;37,29,28,27,26,34,42,50,49,57,65,66,67,68,60,61
10:9+B,0,20,8,,0:1:2:4:5:7:8:9:14:15:20:29:30:34:35:39:40:44:45:49:50:54:55:59:60:64:65:69:74:75:80:84:85:89;19,18,17,27,37,36,46;3,13,12,22,32,42,52,62;88,87,86,76,66,56,57,47,48,38,28;61,51,41,31,21,11,10;81,82,83,73,63,53,43,33,23,24,25,26,16,6;58,68,67;79,78,77;72,71,70
10:9+B,0,21,8,,0:4:5:9:10:14:15:19:20:29:34:35:44:45:50:54:55:59:60:64:65:69:70:71:78:79:80:81:83:84:85:86:88:89;39,38,28,18,8,7,6,16;82,72,62,61;87,77,67,68,58,48,49;1,11,12,22,32,33;57,47,37,27,17;51,52,53,63,73,74,75,76,66,56,46,36,26,25,24,23,13,3,2;41,42,43;21,31,30,40
8:9+B,0,22,7,,0:1:3:4:6:7:8:15:59:60:64:67:68:71;14,22,23,31,39,47,55,54,53,61;19,18,17,9;2,10,11,12,20,28,27,26,25,24,16;58,50,51,52;5,13,21,29,37,36,35,34,33,32,40,48,56;63,62,70,69;30,38,46,45,44,43,42,41,49,57,65,66
8:9+B,0,23,7,,0:3:4:7:11:12:56:63:64:65:66:69:70:71;44,43,42,41,33,25,17,9;5,6,14,15,23,31,39,47,55,54,62,61,60,52,51,50;8,16,24,32,40,48,49,57,58,59,67,68;19,27,28,29,37,45,53;13,21,20;1,2,10,18,26,34,35,36;46,38,30,22
8:9+B,0,24,7,,2:3:4:5:24:31:64:65:67:68:70:71;49,50,51,43,44,36,28,20,21;39,38,30,22,23,15,7;59,60,52,53,54;66,58,57,56,48,40,32,33,25,26;6,14,13,12,11,10,9;41,42,34,35,27,19,18,17,16,8,0,1;69,61,62,63,55,47,46,45,37,29
10+B,0,25,8,,0:1:3:4:5:6:8:9:10:13:14:15:16:19:41:48:50:51:58:59:60:61:68:69:70:71:78:79:80:81:88:89:90:91:93:94:95:96:98:99;2,12,11,21,20,30,40;18,28,29;62,72,73,74,75,76,77,67,57,47,37,38,39,49;54,55,45,35,25;44,43,33;92,82,83,84,85,86,87,97;7,17,27,26,36,46,56,66,65,64,63,53,52,42,32,31;34,24,23,22
8:10+B,0,26,7,,1:2:3:4:5:6:51:52:59:60:67:68:72:73:75:76:78:79;74,66,65,64,56,48,40,32,24,16,8,0;58,50,42,43,44,36,37,29,21,22,23,31,39,47,55,63,71;57,49,41,33,34,26,18,19,11;54,62,70;35,27,28,20,12,13,14,15,7;10,9,17,25;30,38,46,45,53,61,69,77
8:9+B,0,27,8,,3:4:59:60:65:66:67:68:69:70;28,27,19;64,56,57;9,17,25,33,41,42,43,51,52;54,46,45,37,29,21,20,12,11,10,2,1,0,8,16,24,32,40,48,49,50,58;5,6,7,15,23,31;13,14,22,30,38,39,47,55,63,71;62,61,53;44,36,35,34,26,18
10+B,0,28,7,,0:1:8:9:10:11:18:19:20:21:28:29:30:39:40:49:50:59:60:69:70:79:82:83:84:85:86:87:91:92:93:94:95:96:97:98;90,80,81,71,61,51,41;13,23,24;65,66,67,68,58,48,38,37,27,17,7,6,5,4,3,2,12,22;55,56,57,47;31,32,42;63,64,54,44,45,46,36,26,16;14,15,25,35,34,33,43,53,52,62,72,73,74,75,76,77,78,88,89,99
10+B,0,29,7,,0:2:3:4:5:6:7:9:12:13:14:15:16:17:20:24:25:29:30:39:40:49:50:59:64:65:74:75:84:85:92:93:94:95:96:97;1,11,10;19,18,8;57,67,77,78,79,89,99;60,61,51,41,31,32,33,34,35,36,26,27,28,38,48,58,68,69;21,22,23;91,90,80,70,71,72,62,52,42,43,44,45,46,47,37;98,88,87,86,76,66,56,55,54,53,63,73,83,82,81
10+B,0,30,9,,0:9:10:14:15:19:20:29:40:41:48:49:50:51:58:59:60:69:74:75:80:81:84:85:88:89:90:91:93:94:95:96:98:99;72,71,70;61,62,52,42,43,44;37,27,17,16;1,2,3,4,5,6,7,8,18,28,38,39;30,31,21,11,12,13,23,24,25,26,36,46,47;68,78,79;92,82,83,73,63,53;86,76,66,65,64,54;22,32,33,34,35,45,55,56,57,67,77,87,97
10:9+B,0,31,8,,0:1:8:9:10:19:20:29:30:39:50:59:60:69:70:74:75:79:80:83:84:85:86:89;49,48,58,68,78;34,33,23,22,12,11;81,82,72,73;88,87,77,76,66,65,64,63,62,61,71;6,7,17,18,28,38,37,36,35,25,24,14,13;40,41,51,52,53,54,55,56,57,67;27,26,16,15,5,4,3,2;21,31,32,42,43,44,45,46,47
10+B,0,32,7,,0:4:5:9:10:19:20:29:30:39:40:44:45:49:50:54:55:59:64:65:80:81:84:85:88:89:90:91:94:95:98:99;60,70,71;87,77,78,79,69;61,51,41;97,96,86,76,75,74,73,83;93,92,82,72,62,52,42,32,31,21,11,1,2,3,13,14,15,16,17,27,37,47,57;12,22,23,24,25,26;63,53,43,33,34,35,36,46,56,66,67,68,58,48,38,28,18,8,7,6
10:9+B,0,33,9,,0:3:4:5:6:9:10:14:15:19:20:29:30:39:40:49:50:59:83:84:85:86;89,79,78;62,61,51,41,31,21,11;71,70,60;13,23,24,25,26,36,46,56,66,76,77,87,88;80,81,82,72,73,74,64,54,44,43,42,32,22,12,2,1;16,17,27,37,47,57,67;33,34,35,45,55,65,75;69,68,58,48,38,28,18,8,7;63,53,52
10+B,0,34,7,,0:1:2:4:5:7:8:9:10:14:15:19:20:29:30:39:50:59:60:69:70:79:80:89:90:91:92:97:98:99;40,41,31,21,11,12,13,3;38,28,18;44,54,64,74,73,83;6,16,17,27,37,47,48,49;82,72,62,63,53,43,33,34,35,45,55,65,66,67,77,87,86,96,95,94,93;76,75,85,84;81,71,61,51,52,42,32,22,23,24,25,26,36,46,56,57,58,68,78,88
10+B,0,35,8,,0:1:3:4:5:6:8:9:10:14:15:19:20:29:30:39:40:49:50:59:70:79:80:89:90:92:94:95:97:99;53,54,55,56,46,47,37,27;33,34,24,25;18,28,38,48,58,57,67,66,65,64,74,73,72,71,61,60;7,17,16,26,36,35,45,44,43,42,32,22,23,13;63,62,52,51,41,31,21,11,12,2;96,86,87,88,98;93,83,82,81,91;69,68,78,77,76,75,85,84
10+B,0,36,9,,4:5:14:15:24:25:34:35:43:44:45:46:53:56:74:75:80:84:85:89:90:91:93:94:95:96:98:99;55,65,66,76,86,87,97;77,67,68,58,48,38,28,27,26,16,6,7,8,9;33,23,13,3;17,18,19,29,39,49,59,69,79,78,88;63,64,54;70,60,50,40,30,20,10,0;57,47,37,36;2,12,22,32,42,52,62,72,73,83;1,11,21,31,41,51,61,71,81,82,92
10+B,0,37,7,,4:5:24:25:34:35:44:45:54:55:64:65:74:75:80:83:84:85:86:89:90:92:93:94:95:96:97:99;67,57,47,37,27,17;61,62,52,42,32,22,23;40,30,20,10,0,1,2,3;98,88,87,77,76,66,56,46,36,26,16,15,14,13,12,11,21,31,41,51,50,60,70,71,81,91;9,19,29,39,49,59,69,79,78;82,72,73,63,53,43,33;6,7,8,18,28,38,48,58,68
10+B,0,38,7,,0:1:8:9:10:11:18:19:20:29:30:39:40:49:50:59:60:69:70:79:80:89:92:93:96:97;99,98,88,78,68,58,48,38,28,27,17,7,6,5,4,3;43,53,54,64;2,12,13,14,15,16,26,36,37,47,57,67,77,87,86,85,95,94;74,75,65,55,45,44,34,33,32,42,52,62,63;46,56,66,76;90,91,81,82;84,83,73,72,71,61,51,41,31,21,22,23,24,25,35
10+B,0,39,7,,0:1:2:3:6:7:8:9:10:11:18:19:20:29:30:39:40:49:50:59:60:69:90:91:98:99;81,82,92,93,94,95,96,97,87,88,89,79;45,44,43,33,23,13;15,16,17;74,64,63,62,61,51,41,31,21,22,12;86,76,77,78,68,58,48,38,28;25,26,27,37,47,57,67,66,65,75,85,84,83,73,72,71,70,80;32,42,52,53,54,55,56,46,36,35,34,24,14,4,5
10:11+B,0,40,7,,1:2:3:4:5:6:7:8:13:14:15:16:23:24:25:26:34:35:44:45:54:55:64:65:74:75:84:85:100:101:104:105:108:109;63,53,43,33,32,22;28,29,39,49,59,69,79,89,99;51,61,71,81,82;106,107,97,98,88,78,68,58,48,38,37,27,17,18,19,9;0,10,20,30,40,50,60,70,80,90,91,92,102,103;76,66,56,46,36;12,11,21,31,41,42,52,62,72,73,83,93,94,95,96,86,87,77,67,57,47
10+B,0,41,9,,0:1:3:4:5:6:8:9:10:14:15:19:24:25:64:65:84:85:90:93:94:95:96:99;38,48,47,46,45,44,43,42,52,62,72,82,83;98,97,87,77,67,66,56,55;2,12,13,23,33,34,35,36,26,16,17,7;29,39,49,59,69,79,89,88;18,28,27,37;92,91,81,71,61,51,41,31,32,22;78,68,58,57;80,70,60,50,40,30,20,21,11;54,53,63,73,74,75,76,86
10+B,0,42,9,,1:2:3:4:5:6:7:8:14:15:20:29:30:39:40:49:90:91:92:97:98:99;12,13,23,24,25,26,16,17,18,19,9;31,41,42,43,53,54,55,45,35;68,67,57,47,48,38,28,27;94,84,85,75,65,64,63,62,61;74,73,72,71;52,51,50,60,70,80,81,82,83,93;0,10,11,21,22,32,33,34,44;37,36,46,56,66,76,77,78,79,69,59,58;95,96,86,87,88,89
10+B,0,43,7,,0:1:3:4:5:6:8:9:10:19:20:29:30:39:40:49:50:59:90:94:95:99;54,53,43,33,23,13;18,28,38,48,58,68,78,77,87;11,21,31,41,51,61,71;60,70,80,81,91,92,93,83,84,85,86,96,97,98,88,89,79,69;7,17,16,15,14,24,34,44,45,55,65,64,63,62,52,42,32,22,12,2;35,25,26,27,37,47,57,67;82,72,73,74,75,76,66,56,46,36
10+B,0,44,9,,1:2:3:4:5:6:7:8:14:15:24:25:34:35:44:45:80:89:90:99;59,49,39,29,28,27,37,47,57,67,77,78,88,98,97,96,95;11,12,13,23,33,43,42,41,51,61;76,66,65;38,48,58,68,69,79;75,74,64,54,55,56,46,36,26,16,17,18,19,9;52,53,63,73;0,10,20,21;87,86,85,84,94,93,92,91,81,71,70,60,50,40,30,31,32,22;83,82,72,62
10+B,0,45,10,,0:1:4:5:8:9:10:14:15:19:64:65:84:85:90:91:94:95:98:99;78,79,69,59,49,39,29,28,27;89,88,87,77,76,75,74,73,83,93,92;2,3,13;97,96,86;80,81,82,72,62,52,42,43,44,45,46;12,11,21,20,30,40,50,60;66,67,68,58,48,38,37,36,35,34,33;18,17,7;6,16,26,25,24,23,22,32,31,41,51,61,71,70;47,57,56,55,54,53,63
10:9+B,0,46,9,,0:3:4:5:6:9:10:19;8,18,28,29,39,49,59,69,79,89,88,87,86,85,84,74,73;66,67,57,58,48,38;53,43,42,41;80,70,60,50,40,30,31;2,1,11,21,20;23,24,25,35,45,44,54,64,63,62,72,82,83;7,17,27,37,47,46,56,55,65,75,76,77,78,68;81,71,61,51,52;34,33,32,22,12,13,14,15,16,26,36
10:11+B,0,47,10,,0:1:2:4:5:7:8:9:10:11:12:17:18:19:64:65:74:75:84:85:94:95:102:103:104:105:106:107;79,78,77,67,57,47,46,45,44,43,33;6,16,26,27,28,29,39,49,59,69;87,86,76,66,56,55,54,53,63,73,83,93,92,91;101,100,90;25,15,14,13,3;20,30,40,50,60,70,80;81,71,61,51,41,31,21;88,98,97,96;89,99,109,108;82,72,62,52,42,32,22,23,24,34,35,36,37,38,48,58,68
10+B,0,48,9,,0:1:2:4:5:7:8:9:10:19:60:69:80:89:90:99;15,14,24,34,33,43,42,41;3,13,12,11,21,20;17,18,28,38,48,47,57;79,78,88,98,97,96,95,94,93,92,91,81;27,37,36,46,56,55,65,64,63,62,61,71,70;29,39,49,59,58,68,67,77,87,86,85,84,83,82,72;66,76,75,74,73;23,22,32,31,30,40,50,51,52;53,54,44,45,35,25,26,16,6
10+B,0,49,10,,0:1:8:9:10:11:18:19:20:29:70:79:80:89:90:99;2,12,13;34,33,32,42;36,37,47,48,58;74,75,85,95,94,93,92,91,81,71,61,51;3,4,5,6,7,17;64,63,73;87,77,67,57,56,46,45,35,25;30,31,21,22,23,24,14,15,16,26,27,28,38,39,49,59,69,68,78,88,98,97,96,86,76,66,65,55,54,44,43;53,52,62,72,82,83,84;41,40,50,60
10:11+B,0,50,10,,0:1:4:5:8:9:30:39:44:45:70:79:80:89:90:99:100:101:102:104:105:107:108:109;41,51,52,62,72,73,74,75,85;88,78,68,69,59,49,48,47,46,56,55,54;20,10,11,12,2;40,50,60,61,71,81,82,83,84,94,95,96,106;7,6,16,15,14,13,3;103,93,92,91;42,43,53,63,64,65,66,76,86;29,28,38,37,36,35,34,33,32;58,57,67,77,87,97,98;31,21,22,23,24,25,26,27,17,18,19
10:11+B,0,51,9,,0:1:2:4:5:7:8:9:10:14:15:19:20:24:25:29:34:35:40:44:45:49:90:99;3,13,12,11,21;18,28,38,39;84,94,95,96;109,108,98,88,78,68,67,57,56,46,36,26,16,6;86,85,75,74,73,83,93,92,91,81,80,70,60,50,51,41;61,71,72,82;89,79,69,59,58,48,47,37,27,17;30,31,32,42,52,62,63,64;22,23,33,43,53,54,55,65,66,76,77,87,97,107,106,105,104,103,102,101,100
12:11+B,0,52,9,,0:1:2:9:10:11:12:13:17:18:22:23:24:29:30:35:36:41:42:47:53:54:65:66:77:78:89:90:101:102:108:112:113:114:115:119:120:121:124:125:126:127:130:131;122,110,109,97,96,84,72,60,48,49,37,25,26,14;100,88,87,75,74;34,46,58,59,71,83,95,107,106,105,104,116,128;129,117,118;123,111,99,98,86,85,73,61,62,50,38,39,27,15,3;8,20,32,44,56,68,80,81;79,67,55,43,31,19,7,6,5,4,16,28,40,52,51;63,64,76;21,33,45,57,69,70,82,94,93,92,91,103
12:11+B,0,53,10,,0:1:4:5:6:7:10:11:12:13:16:17:18:19:22:23:24:35:36:47:48:49:58:59:60:61:70:71:72:83:84:95:108:109:113:114:118:119:120:121:125:126:130:131;20,8,9;26,14,2;116,104,92,93,94;82,81,80;107,106,105,117,129,128,127,115,103,102,101,100,112,124,123,122,110,98,86,74,62,50,38,37,25;91,79,67,68,69,57,45,46,34;44,56,55,54,66,78,90,89,88,87,99,111;73,85,97,96;64,52,40,28,29,30;3,15,27,39,51,63,75,76,77,65,53,41,42,43,31,32,33,21
10:11+B,0,54,8,,0:3:4:5:6:9:10:14:15:19:20:24:25:29:30:39:94:95:100:109;83,84,85,86;2,12,13,23,33,34,35,36,26,16,17,7;22,32,42,43,44;8,18,28,27,37,47,46,45,55,54,53,52,51,61,71,81,82,92,93;69,59,49,48,38;1,11,21,31,41,40,50,60,70,80,90,91,101,102,103,104,105,106,96,97,87,88;67,77,76,75,74,73,72;107,108,98,99,89,79,78,68,58,57,56,66,65,64,63,62
10:12+B,0,55,9,,0:1:2:4:5:7:8:9:14:15:50:59:60:69:70:79:80:89:90:99:100:109:110:111:112:114:115:117:118:119;108,107,106,116;98,97,96,95,85,84,83,73,72,62;40,30,20,10,11,12,22;105,104,94,93,92,82;38,28,27,17,16,6;113,103,102,101,91,81,71,61,51,41,42,43,44,54,55,65,66;56,46,45,35,34,33,32,31,21;86,87,88,78,68,58,48,49,39,29,19,18;52,53,63,64,74,75,76,77,67,57,47,37,36,26,25,24,23,13,3
10:11+B,0,56,9,,0:3:4:5:6:9:10:13:14:15:16:19:20:29:100:101:108:109;33,34,35,45,46,56,66,76,75,85,84,83,82,81,71;8,7,17,27,26,25,24,23,22,12;72,73,74,64;36,37,47,57,67,77;52,51,41;102,103,104,105,106,107,97,98,99,89,79,69,59,49,39,38,28,18;2,1,11,21,31,30,40,50,60,70,80,90,91,92,93,94,95,96,86,87,88,78,68,58,48;61,62,63,53,43,42,32;65,55,54,44
12:11+B,0,57,9,,0:2:3:4:5:6:7:8:9:11:17:18:29:30:41:42:48:53:54:59:60:71:72:83:84:95:96:101:102:107:108:113:114:119:120:124:125:126:127:131;92,104,116,128,129,130,118,106,94,82,70,58,46,47,35,23;38,39,27,15;73,61,49,37,36,24,12,13,1;34,33,45,57,69,68,67,66,65,64,63,75,87,99,98,110;117,105,93,81,80,79,78,77,76,88,100,112,111,123,122,121,109,97,85,86,74,62,50,51,52,40,28,16;56,44,32,20,21,22,10;89,90,91,103,115;55,43,31,19;25,26,14
10:11+B,0,58,9,,0:9:20:29:30:39:40:49:50:59:100:101:104:105:108:109;102,103,93,94,95,96,106,107;46,56,66,76,86,85,84,83,82,92,91,90,80,70,60,61,62,52;74,64,54,44,34,33,23,13,3,2,1,11,10;89,88,78,77,67,57,47,37,36,26;51,41,31,21,22,12;81,71,72,73,63,53,43,42,32;75,65,55,45,35,25,24,14,4,5,6,7,8,18,19;99,98,97,87;15,16,17,27,28,38,48,58,68,69,79
12:11+B,0,59,9,,0:3:4:5:6:7:8:11:12:23:24:35:36:47:72:83:84:95:96:101:102:107:108:109:113:114:118:119:120:121:122:124:125:126:127:129:130:131;90,89,88,87,86,98,110,111,123;48,60,61,62,63,64,52,40,41,42,54,66,78,79,91,103,115;99,100,112;56,44,32,20,19,18,17,16,15,14,26,38;117,105,93,81,69,57,45,33,21,9,10;22,34,46,58;106,94,82,70,71,59;97,85,73,74,75,76,77,65,53;2,1,13,25,37,49,50,51,39,27,28,29,30,31,43,55,67,68,80,92,104,116,128
12:11+B,0,60,10,,2:3:4:5:6:7:8:9:17:18:29:30:41:42:53:54:65:66:88:89:90:91:101:102:113:114:120:121:122:123:125:126:128:129:130:131;80,68,56,44,32,33,34,35,23,11,10;57,45,46,47,59,71,83,82,94,106,105,104,103;0,1,13,14,15,16;92,93,81,69,70,58;100,112,124;95,107,119,118,117,116,115,127;22,21,20,19,31,43,55,67,79,78,77,76,75,87,99,111,110,109,108,96;97,98,86,74,62,63,64,52,40,39,38,37,36,48,60,72;28,27,26,25,24,12;84,85,73,61,49,50,51
10:12+B,0,61,8,,0:1:3:4:5:6:8:9:13:14:15:16:44:45:54:55:110:111:112:113:116:117:118:119;115,114,104,103,102,101,100,90,80,70,60,61,51,41,42,32,33,34,35,25,26,27,28,38;2,12,11,10,20;105,106,96,97,98;107,108,109,99,89,79,69,59,58,57,67,77,76,75,74,84,83,82,72,62,52,53,43;24,23,22,21,31,30,40,50;7,17,18,19,29,39,49,48,47;71,81,91,92,93,94,95,85,86,87,88,78,68;73,63,64,65,66,56,46,36,37
12:11+B,0,62,11,,0:1:2:5:6:9:10:11:12:17:18:23:29:30:41:42:53:54:65:66:101:102:110:113:114:117:120:121:122:125:126:129:130:131;75,63,51,39,27,28,16,4,3;20,21,33,45,46,58,70,82,94,106,105,104,116,128,127;8,7,19,31,43,55,67,68,80,92,91,103,115;13,14,15;109,108,96,84,72,60,48,36,24,25;93,81,69,57,56,44,32;79,78,77,76,64,52,40;112,100,88,89,90;22,34,35,47,59,71,83,95,107,119,118;98,97,85,73,61,49,37;26,38,50,62,74,86,87,99,111,123,124
12:11+B,0,63,10,,0:1:2:4:5:6:7:9:10:11:12:17:18:23:24:29:30:35:41:42:53:54:65:66:77:78:89:90:101:102:108:119:120:131;55,67,79,91;81,80,92,104,103;100,88,76,64,52;49,61,73,85;129,130,118,106,107,95,83,71,59,58,57,45,33,32,20,8;21,22,34,46,47;19,31,43,44,56,68,69,70,82,94,93,105,117,116,128,127,126,125,124,123,122,110,98,86,74,62,50,38,26,27,28,16;3,15,14,13,25,37,36,48,60,72,84,96,97,109,121;99,87,75,63,51,39,40;115,114,113,112,111
10:12+B,0,64,10,,0:1:4:5:8:9:64:65:74:75:100:101:108:109:110:111:112:117:118:119;82,83,84,85,95,96;86,87,77,67,57,47,46,45,44,43,42,52,62,61,60,70,80,90;26,25,24,34,33,32;3,2,12,11,10,20,30,40,50;76,66,56,55,54,53,63,73,72,71,81,91;16,15,14,13,23,22,21,31,41,51;6,7,17,27,37,36,35;88,78,68,58,48,38,28;92,93,94,104,105;102,103,113,114,115,116,106,107,97,98,99,89,79,69,59,49,39,29,19,18
12+B,0,65,10,,0:1:4:5:6:7:10:11:12:16:17:18:19:23:24:35:36:41:42:47:48:53:54:59:101:102:113:114:120:121:122:125:126:129:130:131:132:133:136:137:138:139:142:143;68,80,79,78,90,89,88;109,108,96,84,72;106,105,93,92,91,103,115,127,128,140,141;60,61,73,85,97,98,110,111;104,116,117,118,119,107,95,83,71,70,58,46,34,22,21,9;134,135,123,124,112,100,99,87,86,74,62,63,64,52,40,39,38,26,14,13;2,3,15,27,28,29,30,31,32,20,8;33,45,44,43,55,67,66,65,77,76,75;94,82,81,69,57,56;51,50,49,37,25
12:11+B,0,66,10,,0:1:3:4:5:6:7:8:10:11:12:23:24:35:36:47:48:59:60:71:84:95:96:107:108:119:120:121:130:131;98,99,87,75,63,51,39,40,28,29,30,31,32,44,45,46,58,70,69,81,80,92,104,105,106,118;72,73,61,49,37,25,13,14,2;9,21,20,19,18,17,16,15,27,26,38,50,62,74,86,85,97,109,110,111,112,100,88,76,64,52,53,54;78,79,91;122,123,124,125,126,127,128;41,42,43,55;93,94,82,83;57,56,68,67,66,65,77,89,90,102,103,115,116,117,129;33,34,22;101,113,114
12+B,0,67,10,,0:1:3:5:6:8:10:11:17:18:24:29:30:35:36:47:48:59:60:71:72:83:84:95:96:101:102:107:108:113:114:119:125:126:132:133:136:137:138:139:142:143;12,13,25,37,49,61,73,85;118,106,94,82,70,58,46,45,44,43,42,41,40,28,16,4;7,19,31,32,33,34,22,23;9,21,20;92,104,116;134,122,110,111,99,87,75,76,77,78,79,80,81,93,105,117,129,130,131;2,14,26,38,50;69,57,56,55,54,53,52,51,39,27,15;120,121,109,97,98,86,74,62,63,64,65,66,67,68;135,123,124,112,100,88,89,90,91,103,115,127,128,140,141
12:13+B,0,68,10,,0:1:2:4:5:6:7:9:10:11:12:13:17:18:22:23:24:25:29:30:34:35:36:41:42:47:60:65:66:71:72:83:113:114:120:125:126:131:132:137:138:143:144:145:146:147:149:150:152:153:154:155;3,15,16,28,40,39,38,37,49,48;21,33,45,46,58,59;14,26,27;67,79,78,77,76,88,87,99,111;117,129,128,127,115,103,102;119,107,95,94,82,70,69,57,56,44,32;151,139,140,141,142,130,118,106,105,93,81,80,68;8,20,19,31,43,55,54,53,52,64,63,75,74,86,98,97,109,121,133,134,135,136,148;116,104,92,91,90,89,101,100,112,124,123,122,110;51,50,62,61,73,85,84,96,108
10:13+B,0,69,11,,0:1:4:5:8:9:10:11:18:19:20:29:30:39:112:113:114:115:116:117:122:123:124:125:126:127;17,27,37,47,57,56,66,76,86,96,106,105,104,103,102,101,91,81,82,83,73,63,53,43,33,23,24,25;110,100,90,80,70,60,50,40;3,2,12,22,21,31,41,51,61,71;98,88,78,68,58,48,38,28;129,128,118,108,107,97,87,77,67;95,85,75,65,55,45,46,36,26,16,6,7;49,59,69,79,89,99,109,119;13,14,15;111,121,120;32,42,52,62,72;35,34,44,54,64,74,84,94,93,92
12+B,0,70,10,,0:1:2:4:5:6:7:9:10:11:12:13:14:17:18:21:22:23:24:29:30:35:53:54:65:66:120:125:126:131:132:135:136:137:138:139:140:143;8,20,19,31,43,55,67,79,78,77,76,64,52,51,39,27,26,25,37;104,103,102,101,100,99,111,110,122,134,133;127,128,129,117,105,106,94,82,70,58,46,34,33,32,44,56,68,80,92,91,90,89,88,87,75,63,62,50,38;116,115,114,113,112,124,123;93,81,69,57,45;74,86,98,97;141,142,130,118,119,107,95,83,71,59,47;49,61,73,85;3,15,16,28,40,41,42;36,48,60,72,84,96,108,109,121
12:11+B,0,71,10,,0:5:6:11:17:18:53:54:65:66:77:78:89:90:101:102:113:114:120:123:124:125:126:127:128:131;69,81,93;52,64,76,88,100,112,111,110,122;130,118,106,94,82,70,58,46,34,33,21,20,19;48,60,72,84,96,108,109,121;62,74,86,98,99;116,115,103,91,79,67;12,24,36,37,49,61,73,85,97;14,15,27,39,40,41,42,43,55,56,68,80,92,104,105,117,129;7,8,9,10,22,23,35,47,59,71,83,95,107,119;87,75,63,51,50,38,26,25,13,1,2,3,4,16,28,29,30,31,32,44,45,57
10:12+B,0,72,10,,0:2:3:4:5:6:7:9:104:105:114:115;22,12,13,14,24,25,26;78,88,87,97,96,95,94,93,103,113,112,111;8,18,19,29,39,49,59,58,57,56,66,65,75,74;1,11,21,31,32,33,23;90,91,81,71,61;109,119,118,117;116,106,107,108,98,99,89,79,69,68,67,77,76,86,85,84,83,73;110,100,101,102,92,82,72,62,63,64;10,20,30,40,41,42,43,44,34,35,36,37;15,16,17,27,28,38,48,47,46,45,55,54,53,52,51,50,60,70,80
12:13+B,0,73,10,,0:1:4:5:6:7:10:11:12:13:17:18:22:23:24:29:30:35:36:41:42:47:48:53:54:59:60:71:72:83:84:95:96:107:108:113:114:119:120:125:126:131:137:138:144:149:150:155;109,121,122,134,135,136;141,129,117,105,93,81,80,68,56,55,43,31,19;15,16,28,40,52,64,65,77,78,90,91,92,104,116,128,140;27,39,51,63,75,76,88,89,101,102,103,115,127,139,151,152,153,154,142,143;3,2,14,26,25,37,49,61,73,85,97,98,110,111,123,124;9,21,33,34,46,58;79,67,66;130,118,106,94,82,70,69,57,45,44,32,20,8;112,100,99,87,86,74,62,50,38;148,147,146,145,133,132
12+B,0,74,10,,0:3:4:5:6:7:8:11:12:17:18:23:29:30:53:54:89:90:101:102:113:114:120:125:126:131:132:135:136:137:138:139:140:143;63,75,87,99,111,110,109,121,133;119,107,95,83,71,59,47,35,34,33,21,20,19,31;9,10,22;58,46,45,44,32;92,104,116;108,96,97,85,73,61,49,37,25,13,1,2;24,36,48,60,72,84;141,142,130,118,106,94,82,70,69,57,56,55,43,42,41,40,28,16,15,14,26,38,50,62,74,86,98;134,122,123,124,112,100,88,76,77,78,79,91,103;115,127,128,129,117,105,93,81,80,68,67,66,65,64,52,51,39,27
12:11+B,0,75,8,,0:11:12:23:36:47:48:59:60:71:72:83:84:95:96:107:108:119:120:124:127:131;24,25,13,1;92,93,81,69,68,67,55,43,42;57,56,44,32,31,30,29,28,40,52,64,63,75,87,99,111,112,113,125,126;65,77,89,90,91,103,104,105,117,129,130;76,88,100,101,102,114,115,116,128;123,122,121,109,97,85,73,61,49,37,38,26,14,2,3,4,5,6,7,8,9,10,22,34,35;80,79,78,66,54,53,41;118,106,94,82,70,58,46,45,33,21,20,19,18,17,16,15,27,39,51,50,62,74,86,98,110
12:11+B,0,76,12,,0:1:10:11:12:23:24:35:36:47:48:59:96:107:120:121:122:129:130:131;78,90,102,114,113,112,124;66,67,79,91,103,115,127,126,125;9,8,7,6,5,4,3,2,14,13,25,37,49;108,109,97,85,73,74,75,63,51,39,40;42,41,29;30,31,43;123,111,99,100,101,89,77,65,53,54,55,56,44,32,33;58,70,82,81,93,105,117;84,72,60,61,62,50,38,26,27,28;119,118,106,94,95,83,71;128,116,104,92,80,68,69,57,45,46,34,22,21,20,19,18,17,16,15;52,64,76,88,87,86,98,110
12:11+B,0,77,13,,0:1:5:6:10:11:12:17:18:23:24:35:72:83:96:107:108:119:125:126;43,42,41;118,106,94,95;36,48,60,61,73,74,86,87,88,89,90,91,92,93,105,117,129,130,131;128,127,115,114,113,112,124,123,122,121,120;98,99,100,101,102,103,104,116;20,32,33;16,15,27,26,38,50,62;84,85,97,109,110,111;34,46,45,44,56,55,54,66,65,64;49,37,25,13,14,2,3,4;58,57,69,68,67;47,59,71,70,82,81,80,79,78,77,76,75,63,51,39;53,52,40,28,29,30,31,19,7,8,9,21,22
12+B,0,78,11,,0:2:3:4:5:6:7:8:9:11:12:23:24:35:36:47:48:59:60:71:96:107:132:135:136:137:138:139:140:143;120,108,109,97,85,86,74,62,50,38,39,40,41,42,43,44,56;134,133,121;142,130,131,119;10,22,34,46,58,70,82,81,93,105,117,116;118,106,94,95,83;84,72,73,61,49,37,25,26,27,28,29,30,31,32,33,45,57,69,68,80,92,104,103,115,127,128,129,141;114,126,125,124,123,122,110,98,99,87,75,63,51,52,53;65,64,76,88,100,112,111;21,20,19,18,17,16,15,14,13,1;113,101,102,90,91,79,67,55,54;66,78,77,89
14:13+B,0,79,13,,0:3:4:5:6:7:8:9:10:13:14:18:19:20:21:22:23:27:28:41:42:55:62:63:70:76:77:83:84:90:91:97:98:104:105:111:112:125:126:131:132:133:134:139:140:145:146:147:148:153:154:159:160:161:162:167:168:169:171:172:173:174:175:176:177:178:180:181;2,16,17;155,156,170;25,24,38,37,36,35,34,33,32,46,60,74,88,102,101,115,129,143;11,12,26,40,39,53,67,66,65,64,78,92;179,165,164,163,149,135,121;142,128,114,100,86,72,58,44,43;123,109,95,94,93;69,68,54;166,152,151,150,136,122,108,107,106,120,119,118,117,116,130,144,158,157;87,73,59,45,31,30,29,15,1;52,51,50,49,48,47,61,75,89,103;79,80,81,82,96,110,124,138,137;141,127,113,99,85,71,57,56
12+B,0,80,12,,0:1:5:6:10:11:48:59:60:71:72:83:84:95:96:107:108:119:120:125:126:131:132:133:137:138:142:143;91,92,80,68,56,44,32,20,8,7;38,50,62,74,86,98,110,122,134,135;87,75,63,51,39,40;52,64,76,88,100,99,111,123;121,109,97,85,73,61,49,37,25,26,14,2,3,4,16,17,18,30,42;13,12,24,36;54,53,41,29,28,27,15;9,21,22,23;66,65,77,89,101,102,103,104,105,93,81,69,57,45,33,34;136,124,112,113,114,115,127,139,140,141,129,130;19,31,43,55,67,79,78,90;35,47,46,58,70,82,94,106,118,117,116,128
12:13+B,0,81,13,,0:1:2:3:4:7:8:9:10:11:12:13:14:21:22:23:24:25:34:35:48:59:60:71:120:125:126:131:132:137:138:143:144:145:146:149:150:153:154:155;129,117,105,106,94;147,148,136,124,112,113,114,115,127,139,151,152;19,20,32,33,45,57,69,81,93,92,91,103,102,101,100;104,116,128,140,141,142,130,118,119,107,95,83,82,70,58,46,47;111,99,98,97,85,73;134,133,121;5,6,18,30,42,54;76,64,52,53,41;17,29,28,40,39;16,15,27,26,38,50,51,63,75;135,123,122,110,109,108,96,84,72;36,37,49,61,62,74,86,87,88,89,90,78,79,80,68,56,44,43,31;77,65,66,67,55
12+B,0,82,12,,3:4:5:6:7:8:17:18:29:30:41:42:53:54:65:66:77:78:89:90:101:102:113:114:136:139;12,13,25,26,27,39,51,63,75,74,86,85,97,109,110,111,123,135,134;49,48,60,72,84,96,108,120,132;115,127,126,138,137;98,99,100,112,124,125;83,71,70,69,57,45,46,34,22;33,32,44,56,68,80,81,82,94,95,107,119,118,117;133,121,122;143,131,130,129;106,105,93,92;87,88,76,64,52,40,28,16,15,14,2,1,0;24,36,37,38,50,62,61,73;58,59,47,35,23,11,10,9,21,20,19,31,43,55,67,79,91,103,104,116,128,140,141,142
12:13+B,0,83,13,,0:1:4:5:6:7:10:11:12:23:77:78:88:89:90:91:100:101:102:103:112:113:114:115:125:126:137:138:144:145:147:148:149:150:151:152:154:155;117,105,93,81,69,68,56,44,43,42,41;153,141,140,139,127;146,134,135;55,54,53,52,40;38,37,49,61,73,85,97,109,110,111,123,124,136;142,143,131,119,107,95,83,71,59,47,35,34,22,21,9;133,121,122;3,2,14,13;46,45,33,32,31,30,29,28,27,39,51,63;57,58,70,82,94,106,118,130,129,128,116,104,92,80,79,67,66,65,64,76,75,87,99,98;26,25,24,36,48,60,72,84,96,108,120,132;86,74,62,50;15,16,17,18,19,20,8
12:13+B,0,84,13,,0:4:5:6:7:11:48:59:60:71:72:83:84:95:96:107:108:119:120:131:132:133:134:141:142:143:144:145:146:147:149:150:152:153:154:155;151,139,140;36,24,12,13,1,2,3;16,15,14,26,25,37,49,61,73,85,97,109;34,46,47;43,55,67,66,78,77,89,88,100,112,111,123,135,136,148;137,138,126;76,64,65,53,54,42,30,31,32,44,56,68,69;124,125,113,114,115,127,128,129,130,118,106,94,82,70,58,57,45,33,21,22,23,35;28,27,39,38,50,62,74,86;10,9,8,20,19,18,17,29,41,40,52,51,63,75,87,99,98,110,122,121;101,102,90,91,79,80,81;103,104,92;93,105,117,116
12+B,0,85,12,,0:5:6:11:36:47:48:59:60:71:72:83:96:107:108:119:120:131:132:133:134:141:142:143;23,22,10,9,8,7,19,18,17,29,28,27,15;12,13,1;20,21,33,34,35;84,85,97,109,121,122,123,124,125,126,138,139,140,128,129,130,118,106,105,93,81,69,57,56,55,43;95,94,82,70,58,46,45,44,32,31,30,42;54,66,67,68,80,92,91,90,89,88,76,64,52,51,50,49;135,136,137;79,78,77,65,53,41,40,39,38,37;127,115,114,113,112,111,110,98,86,74,75;117,116,104,103,102,101,100,99,87;24,25,26,14,2,3,4,16;63,62,61,73
14+B,0,86,13,,0:1:3:5:6:7:8:10:12:13:14:15:19:20:21:22:26:27:28:33:34:35:36:41:47:48:49:50:62:63:76:77:90:91:98:111:112:117:118:119:120:125:126:131:132:133:134:139:140:145:146:147:148:153:154:159:160:161:162:167:168:174:175:181:182:183:186:187:188:189:190:191:194:195;9,23,24,38;185,184,170,169,155,141,127,113,99;2,16,17;130,116,102;192,178,164,165,151,137,136,135,121,107,93,79;97,96,110;122,108,94,80,66,65,64,78,92,106,105,104,103,89,75,61,60,46,32,18,4;37,51,52,53,67,68;171,157,156,142,128,114,100,86,72,73,59,45,31,30,29,43,42,56,70,84;85,71,57,58,44;11,25,39,40,54,55,69,83,82,81,95,109,123,124,138,152,166,180,179,193;74,88,87,101,115,129,143,144,158,172,173;150,149,163,177,176
12:13+B,0,87,13,,0:5:6:11:17:18:24:29:30:35:36:47:48:59:65:66:77:78:89:90:101:102:137:138:144:145:146:147:149:150:152:153:154:155;100,88,76,64,52,51,39,27,28,16,4,3,2,1,13,12;38,50,62,74,86,98,110,111,112,113;23,22,10,9,8;148,136,135,134,133,132,120,108,96,84,72,60;40,41,53;140,141,142,143,131,119,107,95,83,71,70,58,46,34,33,21,20,19,7;54,42,43;126,114,115,116,117,105,93,92,80,68;15,14,26,25,37,49,61,73,85,97,109,121,122,123,124,125;82,94,106,118,130,129,128,127,139,151;31,32,44,56,55,67,79,91,103,104;99,87,75,63;45,57,69,81
12:13+B,0,88,10,,0:1:10:11:12:13:17:18:22:23:24:29:30:35:48:59:60:71:72:83:84:95:120:131:132:133:142:143:144:145:154:155;47,46,34,33,21,9,8,7,6,5;32,44,45,57,58,70,82,94,106,107,119;15,27,39,38,50,49,61,73,85,97;96,108,109,121,122,134,146,147,148,149,150,151,152,153,141,129;69,68,56,55,54,53,52,51,63,62,74,86,98,110;20,19,31,43,42,41,40,28,16,4,3,2,14,26,25,37,36;114,113,112,100,88,89,77;66,78,90,91,92,104,116,128,140,139,138,137,136,135;130,118,117,105,93,81,80,79,67;65,64,76,75,87,99,111,123,124,125,126,127,115,103,102,101
12+B,0,89,11,,0:1:5:6:10:11:84:95:96:107:108:119:120:131:132:133:137:138:142:143;29,41,40,39,38,50,62,74,86,98,99,100,88,76,64,65;134,135,136,124,125,126,127,128,116,117,105,93;114,115,103,104,92,80,81,82,83,71,59,47,35,23,22,21,20,19,31;15,14,13,12,24,36,48,60,72;45,57,56,55,54,66,78,77,89;2,3,4,16,17,18,30,42,43,44,32,33,34,46,58,70,69,68,67,79,91,90,102,101,113,112,111,110;87,75,63,51,52,53;123,122,121,109,97,85,73,61,49,37;28,27,26,25;94,106,118,130,129,141,140,139;7,8,9
12:13+B,0,90,9,,0:2:3:4:5:6:7:8:9:11:53:54:65:66:77:78:89:90:101:102:113:114:125:126:132:143:144:145:154:155;123,135,136,137;58,70,82,94,106,118,117,129;1,13,12,24,36,48,60,72;10,22,23,35;120,108,109,97,98,86,74,62,50,38,39,27,28,29,30,31,32,44,56,68,80,92,91,103,115,127,139,138;64,76,88,100,112,124;45,57,69,81,93,105,104,116,128,140,152,151,150,149,148,147,146,134,133,121;96,84,85,73,61,49,37,25,26,14,15,16,17,18,19,20,21,33,34,46,47,59,71,83,95,107,119,131,130,142,141,153;122,110,111,99,87,75,63,51,52,40,41,42,43,55,67,79
12+B,0,91,11,,0:1:5:6:10:11:12:23:24:35:48:59:60:71:72:83:137:138;62,74,86,98,110,111,112,100,88,76,64,65;102,114,126,125,124,136,135,134,133,132,120,108,96,84;47,46,34,22,21,9,8,7,19,18,17,16,4,3,2,14,13,25,37,36;123,122,121,109,97,85,73,61,49,50,38,39,40,28,29,30,31,43,44,56,68,69,81,93,94,95,107,119,131,143,142,141,140,139,127,115,103,91,90,78,66;129,117,105;41,42,54,55,67,79,80,92,104,116,128;113,101,89,77;82,70,58,57,45,33,32,20;26,27,15;130,118,106;53,52,51,63,75,87,99
12:13+B,0,92,11,,0:1:5:6:10:11:12:13:22:23:24:25:34:35:36:37:46:47:48:49:58:59:60:71:120:131:148:151;113,125,137,136,135,147,146,145;143,155,154,153,141,129,128,127,126,114,102,90,78,66,54,55;117,116,115,103,91,79,67,68,56,44,32,20,19,18,30,29,28,40,52,64,76,88,87,99,111;72,84,96,108,109,121,122,123,124,112,100,101,89,77,65,53,41,42,43,31;134,133,132,144;86,74,75,63,51,39,27,15,16,17;4,3,2,14,26,38,50,62,61,73,85,97,98,110;152,140,139,138,150,149;142,130,118,106,94,93,81,80;92,104,105;7,8,9,21,33,45,57,69,70,82,83,95,107,119
12+B,0,93,10,,0:3:8:11:12:23:113:114:124:125:126:127:136:137:138:139;55,54,53;122,110,98,99,87,88,89,90,102;4,5,17,18,30,31,32,33,45,46,58,70,82,94,106,118;86,74,62,50,38;101,100,112,111,123,135,134,133,121,109,97,85,73,61,49,37;26,27,39,51,63,75,76,77,78,79,91,103,115,116,128,140,141,142,143;22,34,35,47,59,71,83,95,107,119,131,130,129,117,105,93,81,69,57,56,44,43,42,41,29;1,13,25,24,36,48,60,72,84,96,108,120,132;10,9,21,20,19,7,6;2,14,15,16,28,40,52,64,65,66,67,68,80,92,104
14:13+B,0,94,13,,0:1:3:4:5:6:7:8:9:10:12:13:14:19:20:21:22:27:28:34:35:41:48:49:56:69:84:97:112:125:126:139:140:153:154:156:160:161:165:167:168:169:170:171:172:174:175:177:178:179:180:181;36,50,64,63,62,61,47,33,32,18,17,16,2;113,114,115,116,117,131,132,133,134,120,121,107,93,79,65,51,37,23,24,25,11;53,54,55;44,58,72,86,85,99,98;155,141,127,128,129,130,144,145,146,147,148,149,135,136,122,108,94,80,66,52,38,39,40,26;173,159,158,157,143,142;100,101,102,103,104,118,119;83,82,96;46,60,74,75,76,77,78,92;106,105,91,90,89,88,87,73,59,45,31,30,29,15;68,67,81,95,109,123,137,151,150,164,163,162,176;42,43,57,71,70;166,152,138,124,110,111
14:13+B,0,95,13,,0:1:2:3:4:5:8:9:10:11:12:13:14:15:16:25:26:27:28:29:40:41:42:55:70:83:84:97:98:111:112:125:126:139:140:141:142:151:152:153:154:155:156:165:166:167:168:169:170:179:180:181;82,96,110,124,138;79,93,107,121,135,149,148,147,146,145,131;104,105,91,77;69,68,67,81,95,94,108,122,136,150,164,163,162,161,160,159;137,123,109;52,51,50,49,63,62,76,90,89,88;7,21,22,23,24,38,39,53,54;18,17,31,30;119,120,106,92,78,64,65,66,80;6,20,19,33,32,46,45,44,43,57,56;171,157,143,129,128,127,113,99,85,71,72,58,59,60;101,102,103,117,118,132,133,134;37,36,35,34,48,47,61,75,74,73,87,86,100,114,115,116,130,144,158,172,173,174,175,176,177,178
14+B,0,96,13,,0:1:2:4:5:6:7:8:9:11:12:13:14:15:19:20:21:22:26:27:33:34:35:36:47:48:49:50:61:62:63:64:76:77:84:90:91:97:98:104:105:111:112:125:126:139:140:153:160:161:168:169:174:175:180:181:182:183:184:188:189:193:194:195;54,53,52,38,24,10;18,32,46,60,59,58,57,43;114,113,99,85,71,70,56,42,28,29,30,16;152,151,150,164,163,177;81,95,109,108;123,122,121,107,93,94,80,66,67,68;23,37,51,65,79,78,92,106,120,119,118,132;142,143,157,158,172;167,166,165,179,178,192,191,190,176,162,148,149,135,136,137,138,124,110,96,82,83,69,55,41,40,39,25;131,117,103,89,75,74,73,72,86,100,101,115,129,128,127,141;44,45,31,17,3;134,133,147,146;87,88,102,116,130,144,145,159,173,187,186,185,171,170,156,155,154
14:13+B,0,97,13,,0:1:2:3:4:6:7:9:10:11:12:13:14:15:20:21:26:27:28:29:34:35:40:41:42:48:49:55:56:62:63:69:70:83:98:111:140:153:154:160:161:167:168:172:173:174:175:176:177:181;46,60,74,88,102,116,130,144;156,142,128,114,113,99,85,84;171,170,169,155,141,127,126,112;52,51,65,79,93,107,106,120,134;139,125,124,110,96,97;136,137,138,152,166;87,73,59,58;54,68,82,81,95,109,123;8,22,23,24,25;133,119,118,104,90,76,77,78,64,50,36,37,38,39,53,67,66,80,94,108,122,121,135,149,150,151,165,179,180;5,19,18,17,16,30,44,43,57,71,72,86,100,101,115,129,143,157,158,159,145,146,147,148,162,163,164,178;92,91,105;132,131,117,103,89,75,61,47,33,32,31,45
12:14+B,0,98,14,,0:1:2:9:10:11:12:13:22:23:24:25:34:35:36:47:48:59:60:71:72:83:84:95:96:107:108:119:144:155:156:161:162:167;120,132,133,134;92,93,81,69,57;127,126,125,113,101,89,77,78,66,67,55;103,115,116,128,129,141,142,154,166,165,164,163,151,150;153,152,140,139,138,137,136,124,112,111,110,98,97;145,157,158,159,160,148,149;106,94,82,70,58,46,45,33,21,20,8,7,6,5,4,3,15,14;26,38,37,49,61,73,85,86,87,75,63;104,105,117,118,130,131,143;114,102,90,91,79,80,68,56,44,32,31,19,18,17,16,28,27,39;99,100,88,76,64,65,53,54,42,43;146,147,135,123,122,121,109;30,29,41,40,52,51;50,62,74
14:13+B,0,99,13,,0:1:3:5:6:7:8:10:12:13:14:15:20:21:26:27:28:29:34:35:40:41:42:55:56:69:70:83:84:97:146:147:158:159:160:161:162:163:168:169:172:173:174:175:176:177:180:181;54,68,67,66;11,25,24,38,37,36,50,49,48,47,61;170,171,157;109,95,94,93,92;167,153,139,125,111,110,96,82,81,80,79,78,77,91,90,89,88,102,101,115,114,113,112,126,140,154,155,156,142,143,144,145,131,132,133,134,148,149,150,164,178,179;98,99,100,86,87,73,74,60,46,45,31,17,18,4;39,53,52,51,65,64,63,62,76,75;22,23,9;59,58,72;103,104,105,106,107,108,122,123,124,138,152,166,165;151,137,136,135,121,120,119,118,117,116,130,129,128,127,141;85,71,57,43,44,30,16,2;19,33,32
14:13+B,0,100,14,,0:1:2:5:6:7:8:11:12:13:14:15:16:19:22:25:26:27:28:29:40:41:42:55:84:97:98:99:110:111:112:125:126:139:140:153:154:155:166:167:168:169:170:179:180:181;3,4,18,32,33,34,20,21;48,47,46,45,59,58;24,38,39,53,54,68,69,83;70,56,57,43,44,30,31,17;130,116,117,118;35,49,63,77,78;82,96,95,94,80;75,89,88,87,86,100,114,113,127,141,142,143,144,158,159,160,161,162,163,149,135,121,122;137,136,150;156,157,171,172,173,174,175,176,177,178,164,165,151,152,138,124,123,109,108,107,106,120,134,148,147,146,145,131;132,133,119,105,104,103,102,101,115,129,128;81,67,66,52,51;74,73,72,71,85;10,9,23,37,36,50,64,65,79,93,92,91,90,76,62,61,60
14:13+B,0,101,12,,0:1:2:4:5:6:7:8:9:11:12:13:14:15:20:21:26:27:28:33:34:35:36:41:42:55:56:69:112:125:126:139:159:162:168:169:170:171:173:174:175:176:178:179:180:181;3,17,18,19;128,114,100,86,85;10,24,25;74,88,102,116,117,118,119,120,134,135,136,137,123,109,95,96;140,154,155,156,157,158,172;177,163,164,165,166,167,153;16,30,29,43,57,71,70,84,98,99,113,127,141,142,143,144,145,146,160,161;121,122,108,94,80,81,82,68,54,40,39,38,52,51,50,64,78,92,91,90,76,62,48,47,46,32;22,23,37;31,45,59,60,61,75,89,103,104,105,106,107,93,79,65,66,67,53;77,63,49;83,97,111,110,124,138,152,151,150,149,148,147,133,132,131,130,129,115,101,87,73,72,58,44
14:13+B,0,102,13,,0:1:5:6:7:8:12:13:14:15:20:21:26:27:28:41:42:55:56:69:70:83:98:111:112:125:126:139:154:160:161:167:168:170:171:172:173:174:175:176:177:178:179:181;140,141,155,169;153,152,166,180;123,122,136;97,96,82,68,67,53,52;25,24,38,37,51,65,66,80,81,95,109,110,124,138,137,151,165,164,163,162,148,147,146,145,159,158,157,156,142,128,114,100,86,72,58;108,94,93,79,78,64,50,36,22,23,9,10,11;127,113,99,85,84;71,57,43,29;150,149,135,134,133,132,131,130,116,102,88,74,73,59,45,44,30,16,2,3,4,18,19,33,47,48,62,76,90,104,105,106,107;34,35,49,63,77,91,92;121,120,119,118,117,103,89,75,61,60,46,32,31,17;144,143,129,115,101,87;39,40,54
12:14+B,0,103,11,,0:1:2:4:5:6:7:9:10:11:12:13:16:17:18:19:22:23:24:25:29:30:34:35:132:143:156:161:162:167;79,67,66,65,77,76;122,123,124,125,126,127,128,129,117,118,106,94,82,70,58;8,20,21;155,154,153,152,151,150,149,148,160,159,158,157,145,144;134,133,121,120,108,96,84,72,60,48,36,37,38,26,14,15,3;75,87,88,89,90,78;28,27,39;166,165,164,163;81,93,105,104,116,115,114,113,112,111,110,109,97,85,73,61,49,50,51,52,40,41,42,43,31,32,33;53,54,55,56,44;64,63,62,74,86,98,99,100,101,102,103,91,92,80,68,69,57,45,46,47,59,71,83,95,107,119,131,130,142,141,140,139,138,137,136,135,147,146
14:13+B,0,104,12,,0:1:3:4:6:7:9:10:12:13:14:27:56:69:70:83:84:97:98:111:112:125:126:139:140:141:152:153:154:155:156:165:166:167:168:169:170:171:178:179:180:181;11,25,26,40;28,29,15;76,75,74,88,102,116;5,19,20,21,22,8;146,147,148,149,135,136,137,138,124,110,96,82,68,54,55,41;17,31,45,46,47,48,49,50,64,65,79,93,92,91,90,104;42,43,57,71,85,99,113,127,128,142,143,144,145,159,160,161,162,163,164,150,151;18,32,33,34,35,36,37,51,52,66,80,94,108,107,106,105,119,118,117,103,89;78,77,63,62,61,60,59,73,87,101;177,176,175,174,173,172,158,157;23,24,38,39,53,67,81,95;2,16,30,44,58,72,86,100,114,115,129,130,131,132,133,134,120,121,122,123,109
14:15+B,0,105,14,,0:1:2:3:5:6:7:8:10:11:12:13:14:15:16:19:20:21:22:25:26:27:28:29:33:34:35:36:40:41:42:48:49:55:62:63:90:91:104:105:132:133:146:147:154:167:168:169:180:181:182:183:187:188:189:190:194:195:196:197:198:200:201:202:203:204:205:207:208:209;106,120,134,148;122,136,137,138,124,110,96,82,81,67,66,52,51,37;206,192,193,179,165,166,152,153,139,125,111,97,83,69,68,54,53,39,38,24,23,9;73,59,45,46,32;178,164,163,162,161,160,159,158,144,143,129,115,114,100,99,85,71;157,171,172,173,174,175,176,177,191;126,140,141,155;199,185,186;47,61,60,74,88,102,116,130,131,145;119,118,117,103,89,75,76,77,78,92,93,107,108;101,87,86,72,58,44,30,31,17,18,4;43,57,56,70,84,98,112,113,127,128,142,156,170,184;151,150,149,135,121;123,109,95,94,80,79,65,64,50
14:13+B,0,106,11,,0:1:5:6:7:8:12:13:14:20:21:27:28:34:35:41:42:55:56:69:84:97:98:111:112:125:140:141:152:153:154:155:166:167:168:169:170:179:180:181;119,105,91;17,31,32,46,60,61,62,63,64,65,79,93,107,108,109,123,137;70,71,85,99,113,127,126;30,44,45,59,73,87,101,115,129,143,144,158,159,160,161,175,176,177,178;139,138,124,110,96,95,81,67,53,39,38,37;9,10,11;94,80,66,52,51;165,164,163,162,148,147,146,145,131,130,116,102,88,74,75,76,90,104;174,173,172,171,157,156,142,128,114,100,86,72,58,57,43,29,15,16,2,3,4,18,19,33,47,48,49,50,36,22,23,24,25,26,40,54,68,82,83;89,103,117,118,132,133,134,135,149;151,150,136,122,121,120,106,92,78,77
14+B,0,107,13,,0:1:2:3:4:5:8:9:10:11:12:13:14:15:16:25:26:27:28:29:30:39:40:41:42:43:44:53:54:55:70:83:84:97:98:99:110:111:112:125:126:139:140:153:154:167:168:181:182:183:184:193:194:195;95,109,108;172,158,157,156,142,128,114,100,86,72,73;174,188,189,190,191,192,178,179,180,166,152,138,124,123,122,121,107,93,94,80,81,82,96;66,67,68,69;120,106,92,78,79,65,51,52,38,24,23,22,21,35,34,33,32,46,60,59,58;56,57,71,85;64,63,62,76,90,89,103,117,118,119,133,134;45,31,17,18,19,20,6,7;165,151,137,136,135,149;113,127,141,155,169,170,171,185,186,187,173,159,145,144,143,129,115,101,87;77,91,105,104;150,164,163,177,176,175,161,160;37,36,50,49,48,47,61,75,74,88,102,116,130,131,132,146,147,148,162
14:13+B,0,108,14,,5:6:7:8:20:21:56:69:70:83:84:97:98:111:112:125:126:139:146:147:154:159:160:161:162:167:168:169:170:172:173:174:175:176:177:179:180:181;25,24,38,37,51,50,49,48,62,76;178,164,165,151,137,123,109,95,81,67,53,39,40,26;79,93,107,106,105,104,103,102,88,74,60,61,47,33,19,18,4,3;156,155,141,140;153,152,166;171,157,158,144,145,131,132,133,134,148,149,163;128,127,113,99,85,71,57,43,42,28,14,0,1,2,16,17,31,32;101,87,73,59,45,46;122,108,94,80;150,136,135,121,120,119,118,117,116,130;15,29,30,44,58,72,86,100,114,115,129,143,142;77,63,64,65,66,52;34,35,36,22,23,9,10,11,12,13,27,41,55,54,68,82,96,110,124,138;78,92,91,90,89,75
14+B,0,109,12,,0:4:5:6:7:8:9:13:14:18:19:20:21:22:23:27:28:32:33:34:35:36:37:41:42:55:56:62:63:69:70:76:77:83:84:90:91:97:98:111:112:125:174:175:184:185:187:188:189:190:192:193;191,177,176,162,161,160;181,167,153,139,138,124,110,96,82,68,54,40;104,105,106,92,78,64;195,194,180,179,178,164,163;94,108,122,136,135,134,133,132,131,130,116,102,88,87;16,30,44,58,59,60,61,47,48,49,50,51,65;186,172,171,170,169,155,141,127,113,99,85,71,57,43,29,15,1,2;126,140,154,168,182,183;3,17,31,45,46;152,166,165;12,26,25,39,53,67,81,95,109,123,137,151,150,149,148,147,146,145,144,143,129,115,101;173,159,158,157,156,142,128,114,100,86,72,73,74,75,89,103,117,118,119,120,121,107,93,79,80,66,52,38,24,10,11
14+B,0,110,14,,0:2:3:4:5:6:7:8:9:10:11:13:14:18:19:20:21:22:23:27:28:34:35:41:42:48:49:55:118:119:160:161:169:170:174:175:179:180:182:183:184:185:187:188:189:190:192:193:194:195;173,159,158,144,130,116,102,101,100,86;59,73,87,88,89,90;1,15,16,17;40,54,68,82,96,110,124,138,152,153;163,162,176;129,128,127,126,112,98,84,70,56,57,43,29,30,31,32,33,47,61,62,63,64,50,36,37,38,24;168,154,155,156;139,125,111,97,83,69;91,105,104,103,117,131,145,146,147,148,149,135,121,107,93,94,80,66,52,53,39,25,26,12;140,141,142,143,157,171,172,186;123,137,151,165,166,167,181;51,65,79,78,77,76,75,74,60,46,45,44,58,72,71,85,99,113,114,115;67,81,95,109,108,122,136,150,164,178,177,191;92,106,120,134,133,132
14:13+B,0,111,12,,0:1:2:4:5:6:7:8:9:11:12:13:14:18:19:20:21:22:23:27:28:41:42:55:56:69:98:111:112:125:155:166:168:169:180:181;83,82,68,54,40,26,25;124,110,96,97;70,84,85,99,113,114,115,116,117,118,104,90,76;150,149,135,121,107,93,79,65,51,37,36,35,34,33,32,31,30,44,58,59,73,74,75,89,103,102,101,100;154,140,126,127,128,129,130,131,132,133,119,105,91,77,63,62,61,60,46,45;10,24,38,39,53,67,81,95,109,123,137,138,139;158,159,160,161,162,163,164;151,152,153,167;170,156,142,141;47,48,49,50,64,78,92,106,120,134,148,147,146,145,144,143,157,171,172,173,174,175,176,177,178,179,165;3,17,16,15,29,43,57,71,72,86,87,88;136,122,108,94,80,66,52
14:13+B,0,112,12,,0:1:2:3:10:11:12:13:14:27:70:83:84:97:98:111:112:118:119:125:126:132:133:139:140:146:147:153:154:167:168:169:180:181;15,16,30;77,76,75,74,73,72,71,85,99,113,127,141,155,156,170,171,172,158,144,130,129,115,101,102,103,104,105,106;160,161,162,163,164,150,151,137,123,109,95,81,67;36,37,38,39,53,54;28,29,43,44;31,17,18,4;110,96,82,68,69,55,41,40,26,25,24,23,22,21,20,34,48,47;116,117,131,145,159,173,174,175,176,177,178,179,165,166,152,138,124;35,49,63,62,61,60;149,135,136,122,108,94,80,66,52,51,50,64,78,92,91,90,89,88,87,86,100,114,128,142,143,157;65,79,93,107,121,120,134,148;42,56,57,58,59,45,46,32,33,19,5,6,7,8,9
14+B,0,113,14,,0:1:2:3:10:11:12:13:14:27:28:34:35:41:42:55:56:69:70:83:84:97:98:111:126:139:140:141:152:153:154:155:166:167:168:169:174:175:180:181:182:183:184:188:189:193:194:195;67,66,80,79,78,64,63,49;157,158,172;26,40,54,68;39,25,24,23,9,8,7,6,5,4,18,17,16,15,29,43,57,71,85,99,100,114;125,124,138,137,136,135,134,148;179,165,164,163,177;151,150,149;173,187,186,185,171,170,156,142,128,127,113,112;90,104,105,106,120,121,122,123;50,51,65;159,145,144,143,129,115,101,87,86,72,58,44,30,31,32,46,60,61,75,89,103,117,118,119,133,147,161,162,176,190,191,192,178;82,81,95,94,93,92,91,77,76,62,48,47,33,19,20,21,22,36,37,38,52,53;160,146,132,131,130,116,102,88,74,73,59,45;96,110,109,108,107
14:13+B,0,114,13,,0:1:2:5:6:7:8:11:12:13:14:27:28:41:42:55:56:69:70:83:84:97:126:139:140:153:154:167:168:169:180:181;158,157,156,155,141,127,113;111,125,124,138,152,166;95,81,80,66,52,53,54,40,26,25,24,10,9;39,38,37,23,22,21,20,19,18,32,31,45;112,98,99,85,86,87,88,102,116,115;146,132,131,130,129;170,171,172,173;67,68,82,96,110,109,123,137,151,165,179,178,177,176,175,174,160,159,145,144,143,142,128,114,100,101;48,49,63,64,78,92,93,107,121,135,149,148,147,133,119,118,117,103;15,29,43,57,71,72,73,74,75,89,90,104,105,106,120,134;94,108,122,136,150,164,163,162,161;79,65,51,50,36,35,34,33,47,46;91,77,76,62,61,60,59,58,44,30,16,17,3,4
14:15+B,0,115,14,,0:1:2:3:4:9:10:11:12:13:14:15:16:17:18:23:24:25:26:27:28:29:30:39:40:41:42:43:44:48:49:53:54:55:56:69:70:83:140:153:154:167:168:181:182:183:184:193:194:195:196:197:198:199:202:203:206:207:208:209;21,20,19;5,6,7,8,22;169,155,141,127,126,112,98,84,85,71,57,58,59,45,31,32;101,100,86,72,73,74,60,46,47,33,34,35,36,37,38,52,66,67,68,82,96,110,124,123,137,151,165,164,163,177,176,190,189,188,187;50,64,63,77;97,111,125,139,138,152,166,180,179,178,192,191,205,204;87,88,102,116,117,131,145,159,160,161,162;201,200,186,185,171,157,143,129,115,114,113,99;120,106,92,78;94,93,107,121,135,134,133,119,105,91,90,76,62,61;170,156,142,128;51,65,79;175,174,173,172,158,144,130;75,89,103,104,118,132,146,147,148,149,150,136,122,108,109,95,81,80
14+B,0,116,13,,0:1:2:4:5:6:7:8:9:11:12:13:14:15:18:19:20:21:22:23:26:27:28:29:34:35:40:41:42:43:54:55:56:69:70:83:84:97:98:111:126:139:182:195;103,89,75;3,17,16,30,44,58,72,86,87,101,115,129;120,134,148,162,163,164;66,80,81,95,109,123;168,154,140,141,127,113,112;10,24,38,52,51,65;166,165,151,150,149,135,121;179,178,177,176,175,161,147,133,119,105,104,90,76;57,71,85,99,100,114,128,142,143,144,130;25,39,53,67,68,82,96,110,124,125;170,171,172,173,174,160,146,132,118,117,116,102,88,74,73,59,45,31,32,33,47,48,49;46,60,61,62,63,77,91,92,106,107;131,145,159,158,157,156,155,169,183,184,185,186,187,188,189,190,191,192,193,194,180,181,167,153,152,138,137,136,122,108,94,93,79,78,64,50,36,37
14+B,0,117,12,,2:3:4:5:6:7:8:9:10:11:19:20:21:22:33:34:35:36:47:48:49:50:61:62:63:64:76:77:90:91:104:105:118:119:132:133:154:167:168:181:182:188:189:195;0,14,28;46,60,74,75,89,103,117,131;164,150,136,122,123,124,110,96,82,68,54,40,26,25,24,23,37,51,65,79,78,92,106,120,134,148,147,146,145,144,130,116,102,88;38,52,66,80,94,93;156,142,128,127,113,99,100,101,87;177,178,179,165,151,137,138;157,143,129,115,114;73,72,86,85;12,13,27,41,55,69,83,97,111,125,139,153,152,166,180,194,193,192,191,190,176,175,174,173,187,186,185,184,183,169,155,141,140,126,112,98,84,70,56,42,43,29,15,1;170,171,172,158,159,160,161,162,163,149,135,121,107,108,109,95,81,67,53,39;18,32,31,45,59,58,57,71;17,16,30,44
14+B,0,118,12,,0:1:12:13:14:15:26:27:28:29:40:41:42:43:54:55:56:69:84:97:98:111:126:139:140:153:154:167:168:181:182:183:184:185:186:188:189:191:192:193:194:195;76,75,61,60,59;142,141,155;169,170,156,157,143,144,145,131,132,133,134,135,149,150,151,152,166,180,179,178,177,176,190;112,113,127,128,129,130,116,117,118,119,120,121,122,136,137,138;86,87,101,102,103,104,105,91,77,63,62,48,47,46,45,44,30,16,2,3,4,5,6,7,8,9,10,11,25,39,53,67,68,82,83;31,17,18,19,20,21,22,23,24,38,52,66,80,81;165,164,163,162,161,175,174,173,187;32,33,34,35,36,37,51,65,79,93,94,95,96,110;171,172,158,159,160,146,147,148;115,114,100,99,85,71,70;49,50,64,78,92,106,107,108,109,123,124,125;57,58,72,73,74,88,89,90
14:13+B,0,119,13,,0:1:2:6:7:11:12:13:56:69:70:83:146:147:154:159:160:161:162:167:168:172:173:174:175:176:177:181;46,45,44;155,169,170,171;73,74,75,76,62;3,4,5,19,20,21,22,8,9,10,24,25,26,27,41,55;51,52,53,54;31,30,29,43,57,71,85,84,98,112,126,140,141,142,156,157,158,144,145,131;111,97,96,82,81,80,79,78;106,107,108,122,123,137,138;114,115,116,130;143,129,128,127,113,99,100,101,102,103,117,118,132,133,134,148,149,163,164,178,179,180,166,152,153,139,125,124,110,109,95,94,93,92,91,77,63;42,28,14,15,16,17,18,32,33,34,35,36;165,151,150,136,135,121,120,119,105,104,90,89,88,87,86,72,58,59,60,61,47,48,49,50,64,65,66,67,68;40,39,38,37,23
14:13+B,0,120,14,,0:1:2:3:6:7:10:11:12:13:14:27:28:41:42:55:56:69:84:97:98:111:154:167:168:181;166,180,179,178,177,176,162,148;8,9,23,24,25,26,40,54,68,82,83;4,18,17,16,15;87,86,72,58,44,45,46,60,61,75,76;59,73,74,88,89,90,104,105,106,92,78,64,65,66,80,94,108,109,123,137,138;103,102,116,130,129,143,157,158,159,160,146,132,118,119,120,121,122,136,150;107,93,79;47,48,62,63,77,91;5,19,20,21,22,36,37,38,39,53,67,81,95,96,110,124,125,139,153,152,151,165,164,163,149,135,134,133,147,161,175,174,173,172,171,170,169,155,141,127,113;70,71,57,43,29,30,31,32,33,34,35,49,50,51,52;117,131,145,144;156,142,128,114;115,101,100,99,85;112,126,140
14+B,0,121,14,,0:1:2:6:7:11:12:13:14:20:21:27:28:34:35:41:98:111:112:113:124:125:126:127:138:139:140:153:154:155:166:167:168:169:180:181:182:188:189:195;60,61,62,63,64,65,51,37,23;25,39,53,67,68;45,46,32,18;26,40,54,55,69,83,82,81,95,94,93,92,106,105,119,118,132,146,160,159,158,172,171;97,96,110,109,123,137,151,152;185,186,187,173,174,175,161,147,133,134,120,121,107;148,162,176,190,191,192;31,30,44,58,59,73,74,88,102,116,130,129,128,142,141;183,184,170,156,157,143,144,145,131,117,103,104,90,91,77,78,79,80,66,52,38,24,10,9,8,22,36,50,49,48,47,33,19,5,4,3,17,16,15,29;178,177,163,149,135,136,122,108;194,193,179,165,164,150;43,57,71,72,86,87,101;89,75,76;42,56,70,84,85,99,100,114,115
14:15+B,0,122,15,,0:3:4:5:8:9:10:13:14:27:28:41:84:97:98:111:112:118:119:125:126:132:133:139:140:153:154:167:168:169:174:175:180:181:182:183:184:188:189:193:194:195:196:197:198:201:202:203:204:207:208:209;21,35,34,48,62,63,64,65,51,37,23,24,25,39,53,54,55,69,83,82,96,110,124,138,152,166,165,179,178,192,206,205;187,173,159,160;15,29,43,44;185,171,157,143,129,115,101,87;136,122,108,94,80,66,52,38;116,102,88,89,90,91,92,106,120,134,148;105,104,103,117,131,145,146,147,161,162,176;11,12,26,40;68,67,81,95,109,123,137,151,150,164;17,18,32,46,60,74,73,72,86,100,114,128,142,156,170;42,56,70,71,85,99,113,127,141,155;1,2,16,30,31,45,59,58,57;49,50,36,22;199,200,186,172,158,144,130;190,191,177,163,149,135,121,107,93,79,78,77,76,75,61,47,33,19,20,6,7
14+B,0,123,15,,0:1:6:7:12:13:14:15:20:21:26:27:28:34:35:41:42:55:56:69:90:91:104:105:118:119:174:175:182:185:186:187:188:189:190:191:192:195;59,45,31,17,3,4,5,19,33,47,48,49,50,51;44,58,72,73;9,23,24;70,84,98,112,126,140,154,168;96,110,124;10,11,25,39,53,67,81,95,94,93,92,106,120,134,148,162,176,177,178,179,193,194;8,22,36,37,38,52,66,65,64,63,62,61,60,74,88,87,86;166,165,164,163;123,109,108,107,121,135,149,150,151,152,153,167,181,180;46,32,18;173,172,171,170,156;100,101,102,103,89,75,76,77,78,79,80;122,136,137,138,139,125,111,97,83,82,68,54,40;2,16,30,29,43,57,71,85,99,113,114,115,116,117,131,132,133,147,161,160,159,158,157,143,142,141,155,169,183,184;127,128,129,130,144,145,146
14+B,0,124,15,,0:1:2:3:5:6:7:8:10:11:12:13:14:15:16:19:20:21:22:25:26:27:28:33:34:35:36:41:56:69:70:83:168:181:182:195;132,146,147,148,149,150,136,137,123,109,95,81,67,53,52,38,24,23,9;47,48,49,50,51,37;154,140,141,142,143,144,158;87,88,89,90,91,105,106,120;66,65,64,63,62,61,60,46,32;17,18,4;39,40,54,55;92,93,107,121,135,134,133,119,118,104,103,102,101,100,86,72,58,44;161,160,159,145,131,117,116,115,114,113,99,85,71,57;110,124,138,152,151,165,179;68,82,96,97,111,125,139,153,167,166,180,194,193,192,178,164,163,162,176,175,174,173,172,171,170,169;122,108,94,80,79,78,77,76,75,74,73,59,45,31,30,29,43,42;84,98,112,126,127,128,129,130;157,156,155;183,184,185,186,187,188,189,190,191,177
14:15+B,0,125,12,,0:1:2:6:7:11:12:13:14:15:16:25:26:27:28:41:42:55:56:69:126:132:133:139:146:147:154:160:161:167:168:174:175:181:182:188:189:195:196:198:199:200:201:202:203:204:205:206:207:209;208,194,180;33,32,18;114,100,101,87,88,74,75,76,77,78,64,65,51,52,53,67,81,95,94,108,107,106,105,104,118,117,131,145,159,173,187,186,185,184;177,163,149,135,121;130,144,158,172,171,170,169,183,197;142,128,127,113,99,85,86,72,58,44,45,46,47,48,34,35,21,22,8,9,10,24,38,39,40,54,68,82,83,97,111,125,124,138,137,151,165;23,37,36,50,49,63,62,61,60,59,73;140,141,155,156,157,143,129,115,116,102,103,89,90,91,92,93,79,80,66;20,19,5,4,3,17,31,30,29,43,57,71,70,84,98,112;96,110,109,123,122,136,150,164,178,179,193;192,191,190,176,162,148,134,120,119;166,152,153
14+B,0,126,13,,1:6:7:12:98:111:112:125:126:139:140:153:160:161:168:169:172:173:174:175:176:177:180:181:182:183:186:187:188:189:190:191:194:195;178,164,163,162,148,147,146,145,159,158,157,171,185;51,52,53,54,68,82,96,110,124,138,152,151,150,149;156,170,184;29,43,57,71,72,86,100,114,128,142,143,144,130,131,132,133,134,120,121,107,93;135,136,137,123,109,95,81,67,66,65,64,50,36,37,38,39,40,41,55,69,83,97;192,193,179,165,166,167;90,91,77,63,49,35,21,22,23,24,25,26,27,13;17,31,30,44,58,59,73,87,101,115,129;61,47,33,32,18;45,46,60,74,88,102,116,117,118,119,105,106,92,78,79,80,94,108,122;11,10,9,8;28,42,56,70,84,85,99,113,127,141,155,154;0,14,15,16,2,3,4,5,19,20,34,48,62,76,75,89,103,104
14+B,0,127,15,,0:1:4:5:6:7:8:9:12:13:14:15:20:21:26:27:28:29:40:41:42:43:54:55:56:69:98:111:112:113:124:125:182:195;84,70,71,72,73,74,88,89,103,117,131;68,67,53,39,25,11,10;32,46,47,48,49,50,36,22,23,24;57,58,44,30,16,2;164,163,149,135,121,120;82,81,95,94,93,92;38,37,51,65,64,63,62;145,144,143,142,128,127,126,140,154,168,169,183,184,185,186,187,188,189,190,191,192,193,194,180,181,167,153,139;106,107,108,122,136,150,151,165,179,178,177,176,162,148,134;35,34,33,19,18,17,3;166,152,138,137,123,109,110,96,97,83;129,115,114,100;130,116,102,101,87,86,85,99;31,45,59,60,61,75,76,90,104,118,132,146,160,159,158,157;52,66,80,79,78,77,91,105,119,133,147,161,175,174,173,172,171,170,156,155,141
14:15+B,0,128,13,,0:1:4:5:6:7:8:9:12:13:14:15:20:21:26:27:28:41:56:69:70:83:84:97:98:111:126:139:140:153:154:167:168:181:182:195:196:197:198:199:201:204:206:207:208:209;42,43,29,30,16,2,3;25,39,38,37,36,35,34,33,32,46,60,59,73,72,86,100,114,128,127,141;134,148,162,176,190,191,205;11,10,24,23,22;125,124,138;157,158,144,130,116,102;187,188,174,160,146,132,118,104,105,106,107,108,122,136,150,164,165,179;19,18,17,31,45,44,58,57,71,85,99,113,112;55,54,40;202,203,189,175,161,147,133,119,120,121,135,149,163,177,178,192,193,194,180,166,152,151,137,123,109,110,96,82,68,67,66,65,64,63,62;53,52,51,50,49,48,47,61;81,80,79,78,77,76,75,74,88,87,101,115,129,143,142,156,155,169,183,184,185,186,200;170,171,172,173,159,145,131,117,103,89,90,91,92,93,94,95
12:16+B,0,129,11,,0:1:2:4:5:6:7:9:10:11:12:17:18:23:24:35:72:83:84:95:96:107:168:179:180:182:189:191;181,169,170,171,183,184,185,186,187,188,176,177,165,153,154,142,130;99,98,110,122,121,133,145,146,147,148,136,124,125,113,101,89,77,76,64,52,53,41,29,28,16;190,178,166,167,155,143,131,119,118,106,94,82,70,71,59,47;86,74,62;8,20,21,22,34,46,58,57,69,81,93,105,117,129,141;32,33,45;175,163,164,152,140,128,116,104,92,80,68,56,44,43;65,66,78,90,102,114,126,138,137,149,161;40,39,51,63,75,87,88,100,112,111,123,135,134;49,50,38,26,27;3,15,14,13,25,37,36,48,60,61,73,85,97,109,108,120,132,144,156,157,158,159,160,172,173,174,162,150,151,139,127,115,103,91,79,67,55,54,42,30,31,19
14:15+B,0,130,14,,0:1:6:7:12:13:14:27:28:41:42:55:70:83:84:85:96:97:98:111:140:153:154:167:168:169:180:181:182:183:184:193:194:195:196:197:198:200:202:203:205:207:208:209;139,125,124,123,137,151;43,29,30,31,45,46,60,61,62,63,64,65,66,67,53,54,40,26,25,11,10,9,8,22,21;126,112,113,99,100,101,115,129,130,144,145,146,160;178,179,165,166,152,138;116,117,131,132,133,147,161,175,176,177,191,192,206;56,57,71,72,86,87,88,89,90,91,92,93,94,95,109,110;201,187,186,172;127,141,155,156,170,171,185,199;204,190,189,188,174,173,159,158,157,143,142,128,114;149,135,121,107,106,105;39,38,52,51,50,49,48,47,33,32,18,17,16,15;102,103,104,118,119,120,134,148,162,163,164,150,136,122,108;69,68,82,81,80,79,78,77,76,75,74,73,59,58,44;2,3,4,5,19,20,34,35,36,37,23,24
14+B,0,131,15,,0:1:2:3:5:6:7:8:10:11:12:13:14:15:20:21:26:27:28:41:42:55:56:69:70:83:84:97:182:195;64,63,49;109,108,107,121,120,119,118,117,116,115;16,17,18,4;106,105,104,103,102;19,33,32,31,30,29,43,57,71,85,99,113,127,141,155,156,170,171,172,173,174,175,176,177,178,179,165,166,152,153;40,54,68,82;24,25,39,53,67,81,95,96,110,111,125,139;58,44,45,46,47,48,34,35,36,22,23,9;144,130,129,128,114,100,101,87,88,74;50,51,65,79,78,77,76,62;134,133,132;86,72,73,59,60,61,75,89,90,91,92,93,94,80,66,52,38,37;138,137,151,150,164,163,162,161,160,159,158,157,143,142;131,145,146,147,148,149,135,136,122,123,124;167,181,180,194,193,192,191,190,189,188,187,186,185,184,183,169,168,154,140,126,112,98
14:15+B,0,132,15,,0:1:4:5:6:7:8:9:12:13:14:15:20:21:26:27:28:29:34:35:40:41:48:49:62:63:76:77:90:91:160:161:174:175:187:188:189:190:201:202:203:204;56,57,58,59;165,164,163,149,135,134,133,132,131,130,144,158,157,171,185;142,156,170;125,111,97,83,69,55,54,53,52;194,193,192,191,205;100,101,115,116,117,118,119,120,121,107,93,94;184,183,169,155,141,140;2,3,17,18,19;123,124,110,96,82,68,67,66;11,25,39,38,37,51,65,79,80,81,95,109,108,122,136,137,138,139,153,167,181,195,209,208,207,206;178,179,180,166,152,151,150;177,176,162,148,147,146,145,159,173,172,186,200,199,198,197,196,182,168,154;16,30,31,32,33,47,61,75,89;143,129,128,127,126,112,98,84,70,71,72,73,74,60,46,45,44,43,42;10,24,23,22,36,50,64,78,92,106,105,104,103,102,88,87,86,85,99,113,114
14+B,0,133,14,,1:2:3:4:5:6:7:8:9:10:11:12:18:19:20:21:22:23:34:35:42:55:56:69:98:111:182:195;181,167,153,139,125,124,110,96,97,83;67,66,80,79,78,92,106,105,104,118,117,131,130,129,143,142,141,127,113,112;90,91,77,63,64,65,51,52,53,54,68,82,81,95,109,123,137,138,152,166,180,194,193,192,191,190,189,188,187,186,185,184,183;101,100,99,85,84,70;94,93,107,121,120,119,133,132,146,145,144;13,27,26,25,24,38,37,36,50,49,48,47,33,32,31,30,44,58,59,73,74,88,102,116,115,114,128;108,122,136,135,134,148,147,161,160,159,158,157,156,155,154,140,126;41,40,39;164,163,162,176,175,174,173,172,171,170,169,168;17,16,15;62,61,60,46,45;76,75,89,103;87,86,72,71,57,43,29,28,14,0;177,178,179,165,151,150,149
14:15+B,0,134,14,,0:1:2:3:4:9:10:11:12:13:14:15:17:18:23:24:26:27:28:29:40:41:42:43:54:55:56:69:140:153:154:167:168:181:182:195:196:197:208:209;81,95,96,110;5,19,20,34,48,47,46,45,44,58,57,71,70,84,98,112,126,127,141,155,169,183,184,198;25,39,38,37;89,90,91,92;124,123,109,108,94,80,66,65,64,63,62,61,60,59,73,72,86,85;113,99,100,101,87,88,74,75,76,77,78,79,93,107,106,120,119,118,117,131,130,129,143,157,158,172,186,200,201,202,203,204,205,206,207,193,194,180,166,152,138,139,125,111,97,83,82,68,67,53,52,51,50,49,35,21;199,185,171,170,156,142,128,114,115,116,102,103,104,105;16,30,31,32,33;178,179,165,151,137;6,7,8,22,36;132,146,160,174,175;144,145,159,173,187,188,189,190,176,162,161,147,133,134,135,121,122;192,191,177,163,164;136,150,149,148
14:15+B,0,135,15,,0:1:2:3:5:6:7:8:10:11:12:13:14:17:24:27:28:41:140:153:154:167:168:181:182:183:194:195:196:197:198:199:200:201:204:205:206:207:208:209;146,132,118,117,103,89,75,61,47,46;36,22,21,20,19,18,4;83,97,111,125,124,123,137,151,165,179,193,192,191;178,164,150,136,122,108,109,110;145,131,130,116,102;78,79,80,81;202,203,189,190,176,177,163,149,135,121,107,93,94,95,96,82,68,69,55;160,159,173,172,171,157,156,142,128,114,113,99,85,71,57,58,44,30,31,32,33,34,35,49,50,64,65,66,67,53,54,40,26,25;51,52,38,39;162,148,134,120,106,92,91,77,63,62,48;9,23,37;60,74,88,87;158,144,143,129,115,101,100,86,72,73,59,45;139,138,152,166,180;76,90,104,105,119,133,147,161,175,174,188,187,186,185,184,170,169,155,141,127,126,112,98,84,70,56,42,43,29,15,16
14:15+B,0,136,14,,0:1:2:3:4:9:10:11:12:13:14:15:16:17:18:23:24:25:26:27:28:41:154:167:168:169:174:175:180:181:182:188:189:195:196:202:203:209;5,6,7,8,22,36,35,34,33,32,31;52,66,65,79,78,77,91,90,104,103,102,101,87,86;62,63,64,50,51,37,38,39,40,54,55,69,83,97,111,125,139,138,137,151,150,164,178,192,206,205,204,190,176,162,161,160,159,173,187,201,200,199,198,197,183;49,48,47,61,75,76;53,67,68,82,96,110,124,123,122,136,135,134,133,132,131,130,129,143,157,171;95,109,108,107,121,120,119,118,117,116,115,114,100,99,85,71,72,73;19,20,21;155,141,140,126;191,177,163,149,148,147,146,145,144,158,172,186,185,184,170,156,142,128,127,113,112,98,84,70,56,57,58,59;207,208,194;44,45,46,60,74,88,89;105,106,92,93,94,80,81;193,179,165,166,152,153;30,29,43,42
14:15+B,0,137,15,,0:1:2:4:5:6:7:8:9:11:12:13:14:20:21:27:28:41:56:69:70:83:84:97:140:153:154:167:168:181:182:195:196:197:202:203:208:209;42,43,29,15,16,17,3;25,26,40,54,55;137,151,165,179,178;162,176,175,174,173,172;10,24,38,39,53,67,68,82,96,110,111,125,139;120,134,133,132,146,145,144,143,142,128,114,113;119,105,91,77,63,49,48,47,46,32,31,30;192,191,177,163,164,150,136,122,108,94,93,79,65,51,37,23,22;184,198,199,200,201;52,66,80,81,95,109,123,124,138,152,166,180,194,193,207,206,205,204,190,189,188,187,186,185,171,170,169,183;112,126,127,141,155,156,157,158,159,160,161,147,148,149,135,121,107,106,92,78,64,50,36,35,34,33,19,18;88,87,86,85,71,57;98,99,100,101;58,72,73,74,75,89,103,102,116,115;129,130,131,117,118,104,90,76,62,61,60,59,45,44
14:15+B,0,138,13,,0:1:2:4:5:6:7:8:9:11:12:13:14:15:26:27:28:29:40:41:42:43:54:55:56:57:68:69:71:82:182:195:196:202:203:209;10,24,25,39,53,67;201,200,199,198,197,183,169,168,154,140,126;112,113,127,128,142,143,144,145,146,147,148,149,150,136,122;83,97,111,125,139,153,167,181,180,194,208,207,206,205,204,190,189,188,187,186,185;120,119,118,104,103,102,101,87;23,22,21,20,19,18,32,31,45;63,64,65,79,93,94,108,109,123,137,151;130,129,115,114,100,99,98,84,70;51,50,49,48,62;92,78,77,76,75,61,47,33,34,35,36,37,38,52,66,80,81,95,96,110,124,138,152,166,165,179,193,192,191,177,176,175,174,173,172,171,170,184;85,86,72,73,74,88,89,90,91,105,106,107,121,135,134,133,132,131,117,116;3,17,16,30,44,58,59,60,46;141,155,156,157,158,159,160,161,162,163,164,178
14+B,0,139,11,,0:1:2:3:4:6:7:9:10:11:12:13:56:69:70:83:182:183:184:193:194:195;168,169,170,171,185,186,187,188,189,190,191,192;50,49,35,21,22,8;36,37,23,24,25,26,27,41,55;121,107,93,92,91,90,89,88,74,60,46,47,48,62,63,64,65,51;5,19,18,17,16;133,119,118,117,116,115,114,100,86,72,58,44,30,29,15;14,28,42,43,57,71,85,84,98,112,126,140,154,155,156,157,158,172,173,174,175,176,177,178,179,180,181,167,153,139;61,75,76,77,78,79,80,66;99,113,127,128,129,130,131,132,146,147,148,149,150,151,137,123,109,110;52,53,67,81,95,94,108,122,136,135,134,120,106,105,104,103,102,101,87,73,59,45,31,32,33,34,20;38,39,40,54,68,82,96,97,111,125,124,138,152,166,165,164,163,162,161,160,159,145,144,143,142,141
14+B,0,140,11,,0:13:14:15:26:27:28:29:40:41:42:55:56:69:70:83:182:183:194:195;150,151,137,123,122,121,107,93,79,65,51,50,49,48,47,61;75,76,62,63,64;12,11,10,9,8,7,6,5,4,3;1,2,16,17,18,19,20,21,22,23,24,25,39,53,54,68,82;187,186,185,184,170,169,168,154,140,126,112,98,84;91,105,119,133,147,161,175;67,81,95,96,97,111,125,139,153,167,181,180,179,193,192,191,190,189,188,174,160,146,132,118,104,90,89,88,102,116,130,144,158;31,30,44,43,57,71,85,99,113,127,141,155,156,157,171,172,173,159,145,131,117,103;136,135,149,163;128,114,100,86,72,58,59,45;77,78,92,106,120,134,148,162,176,177,178,164,165,166,152,138,124,110,109,108,94,80,66,52,38,37,36,35,34,33,32,46,60,74,73,87,101,115,129,143,142
14:15+B,0,141,11,,0:2:3:4:5:6:7:8:9:10:11:13:14:27:28:41:42:55:112:125:126:139:174:175:187:188:189:190:200:201:202:203:204:205;79,65,64,63,62,61,60,59,73,87,101,115,129,143,157,171,170,184,198;199,185,186,172,158,144,130,116,102,88,74,75,76,77,78,92,93,94,80,66;160,161,147,148,134,135,136,150,151,165,166,180,194,193;12,26,25,24,23,22,21,20,19,18,17,16,15,1;146,132,133,119,120,121,122,123,124,110,96,82,81,67,53,52,51,50,49,48,47,46,45,44,58,72,86,100,114,128,142,156,155,169,183;173,159,145,131,117,103,89,90,91;118,104,105,106,107,108,109,95;56,70,84,98;149,163,164,178,179;162,176,177,191,192,206,207,208,209,195,181,167,153,152,138,137;197,196,182,168,154,140,141,127,113,99,85,71,57,43,29,30,31,32,33,34,35,36,37,38,39,40,54,68,69,83,97,111
14+B,0,142,12,,0:1:5:6:7:8:12:13:14:19:20:21:22:27:34:35:182:195;15,29,28,42,56,70,84,98,112,126,140,154,168,169,170,171,172,158,144,130,116,102,103;107,121,122,123,124,138,152,151,150,149,148,147;17,31,45,46,60,61,62,63,64,65,79,80,81,67;66,52,51;30,16,2,3,4,18,32,33,47,48,49,50,36,37,23;194,193,192,191,190,189,188,187,186,185,184,183;85,99,113,127,141,155,156,157,143,129,115,101,87,88,89,90,91,105,106,120,134,135,136,137;9,10,24,38,39,53,54,68,82,96,95,94,93,92,78,77,76,75,74,73,59,58;108,109,110;166,165,164,163,162,161,160,146,132,133,119;11,25,26,40,41,55,69,83,97,111,125,139,153,167,181,180,179,178,177,176,175,174,173,159,145,131,117,118,104;142,128,114,100,86,72,71,57,43,44
14:16+B,0,143,15,,0:1:2:5:6:7:8:11:12:13:14:15:16:19:20:21:22:25:26:27:34:35:76:77:90:91:104:105:118:119:132:133:146:147:188:189:199:206:210:211:212:213:220:221:222:223;73,59,60,46;30,29,43,57,71,85,99,113,127,141,155,169,170,171,157,143;28,42,56,70,84,98,112,126,140,154,168,182,183;80,81,67,53,39,40,41,55,69,83,97,111,125,139,153,167,181,195,209,208,207;3,17,31,45,44,58,72,86,87,88,74,75,61,62,63,64,78,92,106,120,121;178,192,193,194,180,166,152,138,124,110,96,82,68,54;164,165,179;89,103,117,131,145,159,160,161,162,148,134,135,136,122,108,107;204,203,202,201,187,173,172,158,144,130,129,115,114,100;10,9,23,37,36,50,49,48,47,33,32,18,4;101,102,116;24,38,52,66;177,163,149,150,151,137,123,109,95,94,93,79,65,51;156,142,128;196,197,198,184,185,186,200,214,215,216,217,218,219,205,191,190,176,175,174
14:16+B,0,144,14,,0:1:3:4:5:6:7:8:9:10:12:13:14:15:19:20:21:22:26:27:33:34:35:36:48:49:196:197:198:207:208:209:210:211:212:214:215:216:217:218:219:221:222:223;54,68,82,96,110;213,199,200,201,202,203,204,205,206,220;121,107,108;112,126,140,154,168,182,183,184,170,171,172,173,174,175,176,177,178,179,165,151,137,123,109,95;185,186,187,188,189,190,191,192,193,194,195,181,167,153,139,125,111,97,83,69,55,41,40,39,53,67,81,80,94,93,92,106,105,119,118,117,116,115,101,87,73,72,58,44,43;149,135,134,120;2,16,17,18,32,46,47,61,62,63,64,50,51,37,23;148,147,146,145,144,143,142,141,127,113,99,98,84,70,56,42,28,29,30,31,45,59,60,74,88,102,103,104,90,91,77,78,79,65,66,52,38,24,25,11;89,75,76;169,155,156,157,158,159,160,161;100,86,85,71,57;114,128,129,130,131,132,133;162,163,164,150,136,122;124,138,152,166,180
14:15+B,0,145,15,,0:1:2:3:5:6:7:8:10:11:12:13:14:15:16:20:21:25:26:27:28:34:35:41:42:55:70:83:182:195;9,23,24,38,39,40,54,68,69;56,57,43;105,104,103,89,88,87,86,72,58;194,193,179,165,151,137,123,109,95,94,80,66,65,64,50,49,48,47,33,19,18,4;183,184,185,186,187,188,174,160;59,73,74,75,76,90,91,92,106,120,119,118,117,116,102,101,100,99,113,127,141,155,169,170,171,172,173,159,145,146,147,161,175,189,203,202,201,200,199,198,197,196;191,177,163,149,135,121,107,93,79,78,77,63,62,61,60,46,45,44,30,29;192,178,164,150,136,122,108;71,85,84,98,112,126,140,154,168;143,129,115,114;22,36,37,51,52,53,67,81,82;17,31,32;97,111,125,139,153,167,181;128,142,156,157,158,144,130,131,132,133,134,148,162,176,190,204,205,206,207,208,209;96,110,124,138,152,166,180
14:15+B,0,146,15,,0:1:2:4:5:6:7:8:9:11:12:13:14:15:20:21:26:27:168:181:182:195:196:201:202:203:204:209;207,193,192,178;162,161,147,133,119,118,117,103,102,88,74;49,63,64,78,79,80,94,95;10,24,25,39,40,41,55,69,83,82,81,67,66,65,51,50,36,35,34,48,62,76,77,91,92,93,107,121,120,134,148,149,150,151,137,123,124,125,111;68,54,53,52,38,37,23,22;184,185,171;183,197,198,199,200,186,172;206,205,191,190,189,188,187,173,159,158,157,156,142,141,127,113,99,85,71,57,43,29,28;135,136,122,108,109,110,96,97;167,153,139;208,194,180,179;42,56,70,84,98,112,126,140,154,155,169,170;3,17,18,19,33,47,61,75,89,90,104,105,106;16,30,31,32,46,60,59,73,87,101,115,116,130,131,132;138,152,166,165,164,163,177,176,175,174,160,146,145,144,143,129,128,114,100,86,72,58,44,45
14:15+B,0,147,15,,0:1:6:7:12:13:14:20:21:27:28:41:42:55:126:139:140:153:154:167:168:181:196:197:198:207:208:209;182,183,169,155,141,127,113,112,98,84,70,56,57,58;129,130,144,158,159,173,174;51,37,36,35,34,33,32,31,30;128,142,156,170,184,185,199,200,201,202;110,96,82,68,54,40,26,25,11,10,9;143,157,171,172,186,187,188,189,203,204,205,206,192,193,179,165,151,137,123,109,95,81,67,53,39,38,24,23,22,8;149,135,121,107,93,79,65,64,50,49,48,47,46,45,44,43,29,15,16,17,18,19;145,131,117,116,115,114,100,86,87;103,104,118,132,146,160,161,175,176,190,191;177,178,164,150,136,122,108,94,80,66,52;5,4,3,2;163,162,148,134,120,106,92,78,77,63,62,61,60,59;147,133,119,105,91,90,89,88,102,101;195,194,180,166,152,138,124,125,111,97,83,69;76,75,74,73,72,71,85,99
14:15+B,0,148,16,,0:5:6:7:8:13:14:27:140:153:182:183:184:193:194:195:196:197:198:201:202:203:204:207:208:209;43,44,30,16,17;173,187,188,189;80,94,93,92,106;155,156,157,171,185;42,28,29,15,1,2,3,4,18,19,20,34,48,47,46,60,74,73,72,71,85,99,113,114,115,101,102,103,104,90,76;52,66,67,81,95,109,108,107,121,120,119,118,117,116,130,129,128;154,168,169,170;180,179,165,164,150,149,148,147,146,160,174,175,176,190,191,205;199,200,186,172,158,144,143,142,141,127,126,112,98,84,70,56,57,58,59,45,31,32,33;105,91,77,78,79,65,51,37,38,24,25;82,96,110,124,123,122;21,35,49;151,152,166,167,181;55,41,40,26,12,11,10,9,23,22,36,50,64,63,62,61,75,89,88,87,86,100;161,162,163,177,178,192,206;159,145,131,132,133,134,135,136,137,138,139,125,111,97,83,69,68,54,53,39
14:15+B,0,149,16,,0:1:3:4:5:6:7:8:9:10:12:13:14:15:20:21:26:27:28:29:40:41:42:55:56:69;207,208,209,195,181,167,153,139,125,111,110,96;73,87,101,100,114,128,142,156,170;97,83,82,68,54,53;130,144,145;22,36,35,34,33,32;37,23,24;150,164,163,177,191,190,189,188,187,186;141,155,169,183,184,185,199,200;201,202,203,204,205,206,192,178,179,165,151,137,136,135,149,148,162,176,175,174,173,172,171,157,143,129,115,116,102,88,74,60,59,58,72,86,85,99,113,127;91,92,78,79,80,94,108,122,121,120,134;62,61,75,89,103,117,131,132,146,160,159,158;161,147,133,119;193,194,180,166,152,138,124,123,109,95,81,67,66,65,64,63,77,76,90,104,118;19,18,17,31,45,46,47,48,49,50,51,52,38,39,25,11;198,197,196,182,168,154,140,126,112,98,84,70,71,57,43,44,30,16,2;105,106,107,93
14:15+B,0,150,16,,0:1:3:10:12:13:14:15:26:27:28:41:42:55:56:69:70:83:196:198:202:203:207:209;173,174,175,176,162,163,149;44,58,72,86,87,88,89,103,117;60,61,62,63,77,91,92,106,120,134,148;2,16,17,18,4;204,205,206,192,193,179,180,166,152,138,124,110,109,95,81,67,53,52,38,24,23,22,21,20,19;164,178,177,191,190,189,188,187,201,200,199,185,184,170,169,155,141,127,113,114,115,116,102;197,183,182,168,154,140,126,112,98,84,85,71,57,43,29,30,31,32,33,34,35,36,37,51,65,66,80,94,108,122,123,137;11,25,39,40,54,68,82,96,97,111,125,139,153,167,181,195,194,208;101,100,99;165,151,150,136,135,121,107,93,79,78,64,50,49,48,47,46,45,59,73,74,75,76,90,104,105,119;146,160,161;158,159,145;131,130,144,143,157,171,172,186;129,128,142,156;5,6,7,8,9;118,132,133,147
