7:9,0,1,4;30,29,22,15,8,9,2,3,4,5,6,13,20,27,34,41,48,55,62,61,60,59,58;50,51,52,53,54,47,40,33,26,19,12,11,10;1,0,7,14,21,28,35,36,37,38,31,24,23;57,56,49,42,43,44,45,46,39,32,25,18,17,16
7:9,0,2,4;38,39,32,33,34,27,20,13,6,5,4,3,2,1,0,7,14,21,28,35,42,49,56,57,58,59,60,61,62;26,25,18,17,16,23;41,40,47,46,45,44,37,30,31,24;19,12,11,10,9,8,15,22,29,36,43,50,51,52,53,54,55,48
7:9,0,3,4;25,32,39,46,45,52,59;0,7,14,21,28,35,42,49,56,57,58,51,44,37,38,31,24,17,18,19,26,33,40,47,54,53;50,43,36,29,22,15,8,1,2,3,4,5,6,13,20,27,34,41,48,55,62,61,60;12,11,10,9,16,23,30
7:9,0,4,5;12,19,26,33,40,47,54,53,52,51,50,49,42;46,45,44,43,36,35;56,57,58,59,60,61,62,55,48,41,34,27,20,13,6,5,4,11,18,17,16;3,10,9,8,15,22,23,24,31;2,1,0,7,14,21,28,29,30,37,38,39,32,25
7:9,0,5,4;38,39,40,33,26,19,12,5,4,3,2,1,0,7,14,21,28,35,42,49,56,57,58,59,60,61;6,13,20,27,34,41,48,47,46,45,44,37,30,23;32,25,18,11,10,9,8;31,24,17,16,15,22,29,36,43,50,51,52,53,54,55,62
7:9,0,6,4;57,56,49,42,35,28,21,22,23,24,31,38,39,46;32,25,18,17,16,15,14,7,0;30,37,44,45,52,53,54,47,40,33,26,19,12,11,10,9,8,1;2,3,4,5,6,13,20,27,34,41,48,55,62,61,60,59,58,51,50,43,36,29
7:9,0,7,4;36,43,50,51,52,53,54,47,40,33,32,25,18,17,16,9,2,3,4,5,6,13,20;39,46,45,44,37,30,29,28,21,14,7;0,1,8,15,22,23,24,31,38;35,42,49,56,57,58,59,60,61,62,55,48,41,34,27,26,19,12,11,10
7:9,0,8,4;43,36,37,38,39,32,25,18,17,16,23,22,21,14,7,0,1,2,3,4,5,6,13,20,27,34,41,48,55,62,61,60;15,8,9,10,11,12,19,26,33,40,47,54,53,52,59,58,57,56;49,50,51,44,45,46;42,35,28,29,30,31,24
7:9,0,9,5;31,24,17,10,3,2,1,0,7,14,21,28,35,42,49,56;15,22,29,36,43,50,57,58,59,60,61,62,55,48,41,34;54,47,40,33,26,27,20,13,6,5,4,11;12,19,18,25,32,39,46,53,52,51,44;8,9,16,23,30,37,38,45
7:9,0,10,5;49,56,57,58,59,60,61,62,55,48,47,46,45,44;54,53,52,51,50,43,42,35,28,21,14,7,0,1,2,3,4,5,6,13,20;36,37,30,23,16,17,18,25,32,33,34;29,22,15,8,9,10,11,12,19,26,27;41,40,39,38,31,24
8:10,0,11,5;46,54,62,70,78,77,76,75,74,73,72,64,56,48,40,32,24,16,8,0,1,2,3,4,5,6;79,71,63,55,47,39,31,23,22,21,29,28,27,35,43,51,59;36,44,52,60,68,67,66,65,57,49,41,33,25,17,9,10,11,12,13,14,15,7;69,61,53,45,37,38,30;58,50,42,34,26,18,19,20
8:10,0,12,5;30,22,14,13,12,11,10,9,17,25,26,27,35,43,51,52;71,79,78,77,76,75,74,73,72,64,56,48,40,32,24,16,8,0,1,2,3,4,5,6,7,15,23,31,39,38,37,29,21;44,36,28,20,19,18;63,55,47,46,45,53,61,60,59,58,50,42;54,62,70,69,68,67,66,65,57,49,41,33,34
8:10,0,13,5;64,56,48,40,32,24,16,8,0,1,2,3,4,5,6,7,15,23,31,39,47,46,45,53,61,62;29,21,20,19,18,26,34,33,41,49,57,65,73,72;70,69,68,67,59,51;60,52,44,36,37,38,30,22,14,13,12,11,10,9,17,25;54,55,63,71,79,78,77,76,75,74,66,58,50,42,43,35,27,28
8:10,0,14,4;74,66,58,59,60,61,53,45,44,43,35,27,28,29,30,31,39,47,55,63,71,79,78,77,76;14,13,12,11,10,9,17,25,33,41,49,57,65;52,51,50,42,34,26,18,19,20,21,22,23,15,7,6,5,4,3,2,1,0,8,16,24,32,40,48,56,64,72,73;75,67,68,69,70,62,54,46,38,37,36
8:10,0,15,5;25,33,41,49,57,65,66,67,59,51,43,35,27;12,13,14,22,30,38,46,54,62,70;5,6,7,15,23,31,39,47,55,63,71,79,78,77,69,61,53,45,37,29,21,20,19,11,10,9;58,50,42,34,26,18,17,16,8,0,1,2,3,4;28,36,44,52,60,68,76,75,74,73,72,64,56,48,40,32,24
8:10,0,16,6;65,66,67,68,69,70,62,54,55,47;6,14,22,30,29,37,36;10,9,17,25,33,41,49,57,58,59,60,52;44,43,35,27,28,20,21,13,5,4,3,2,1,0,8,16,24,32,40,48,56,64,72,73,74,75,76,77,78,79,71,63;51,50,42,34,26,18,19,11,12;61,53,45,46,38,39,31,23,15,7
8:10,0,17,5;27,35,43,44,45,53,61,69,70;46,54,62,63,71,79,78,77,76,75,74,73,72,64,56,48,40,32,24,16,8,0,1,2,3,4,5,6,7,15,23;55,47,39,38,37,36,28;51,52,60,68,67,66,65,57,49,41,33,25,17,9,10,11,12,13,14,22,30,31;59,58,50,42,34,26,18,19,20,21,29
8:10,0,18,4;42,50,58,59,60,61,62,54,46,38,30,22,14,13,12,11,10;41,49,57,65,66,67,68,69,70,71,63,55,47,39,31,23,15,7,6,5,4,3,2,1;0,8,9,17,18,19,20,21,29,37,45,53,52,51,43,35,34,33,32,40,48,56,64,72,73,74,75,76,77,78,79;16,24,25,26,27,28,36,44
8:10,0,19,4;36,44,45,46,47,55,63,71,79,78;39,38,37,29,28,27,35,43,51,52,53,54,62,70,69,77,76,75,74,73,72,64,56,48,40,32,24,16,8,0,1,2,3,4,5,6,7,15,23;68,67,66,65,57,49,41,33,25,17,9,10,11,12,13,14,22,30,31;21,20,19,18,26,34,42,50,58,59,60,61
8:10,0,20,5;47,55,63,71,79,78,77,76,75,74,73,72,64,56,57,58,50,42,34,26,18,19,20,21,22;45,46,54,62,70,69,68,67,66,65;61,53,52,44,36,37,38,39,31,23,15,7,6,5,4,3,2,1,0,8,16,24,32,40;48,49,41,33,25,17,9,10,11,12,13,14;30,29,28,27,35,43,51,59,60
9:11,0,21,5;0,1,2,3,4,5,14,23,32,41,50;18,19,28,29,38,47,56,65,74,75,76,77,78,69,60,51,42,33,24,15,6,7,8,17,26,35,44,53,62,71,80,89,98,97,96,95,94,93,92,91,90,81,72,63,54,45;68,59,58,49,40,31,22,13,12;16,25,34,43,52,61,70,79,88,87,86,85,84,83,82,73,64,55,46,37,36,27;9,10,11,20,21,30,39,48,57,66,67
9:11,0,22,6;71,80,89,98,97,96,95,94,93,92,91,90,81,72,63,54,55,56,57,48,39,30,31,32,23;64,65,66,67,68,59,50,51,52,43,34,25,16;36,27,18,9,0,1,2,3,4,5,6,7,8,17,26,35,44,53,62,61,70,79,88,87,86,85,84,83,82,73;60,69,78,77,76,75,74;58,49,40,41,42,33,24,15,14,13,12,11,10,19,28,37,46,45;22,21,20,29,38,47
9:11,0,23,5;28,19,10,11,12,13,22,31,40,49;15,6,7,8,17,26,35,44,53,62,71,80,89,88,87,86,85,84,83,82,73,64,55,46,37,38,29;24,33,42,51,60,69,68,67,66,57,48,39,30,21,20;98,97,96,95,94,93,92,91,90,81,72,63,54,45,36,27,18,9,0,1,2,3,4,5,14,23,32,41,50,59,58;47,56,65,74,75,76,77,78,79,70,61,52,43,34,25,16
9:11,0,24,5;8,7,16,25,34,43,52,61,60,69,78,77;22,31,30,39,48,47,56,65,74,83;28,19,10,11,12,13,14,23,32,41,40,49,58,57,66,75,84;80,89,98,97,96,95,94,93,92,91,82,73,64,55,46,37,38,29,20,21;90,81,72,63,54,45,36,27,18,9,0,1,2,3,4,5,6,15,24,33,42,51,50,59,68,67,76,85,86,87,88,79,70,71,62,53,44,35,26,17
9:11,0,25,7;44,35,26,17,8,7,6,15,24,33,42,51,50;16,25,34,43,52,53,62,71,80,89,98,97,96,95,86,77;20,21,30,39,48,57,66,67,68,69,78,87,88;29,38,47,56,65,74,75,76,85,94,93,92,91,90,81,72,63,54,45,36,27;79,70,61,60,59,58,49,40,31,22,13,12,11,10,1;2,3,4,5,14,23,32,41;0,9,18,19,28,37,46,55,64,73,82,83,84
9:11,0,26,4;25,34,33,32,31,30,39,48,57,66,67,68,59,50,51,52,53,62,71,80,89,98,97,96,95,94,93,92,91,90,81,72,63,54,45,36,27,18,9,0,1,2,3,4,5,6,7,8,17;14,13,12,11,10,19,28,37,46,55,64,73,82,83,84,85,86,87,88,79,70,61,60;58,49,40,41,42,43,44,35,26;16,15,24,23,22,21,20,29,38,47,56,65,74,75,76,77,78,69
9:11,0,27,5;0,1,2,3,4,5,6,7,8,17,26,35,44,43,42,41,40,39,48,57,66,75,76;69,78,87,96,95,94,93,92,91;97,98,89,80,71,62,53,52,51,50,49,58,67,68,77,86,85,84,83,74,65,56,47,38,29,30,31,32,33,34,25,16,15,14,13,12,11,10,9,18,27,36,45,54,63,72,81,90;88,79,70,61,60,59;82,73,64,55,46,37,28,19,20,21,22,23,24
9:11,0,28,5;92,91,90,81,72,63,54,45,36,37,38,39,30,31,32,41,50,59;69,60,51,42,33,24,23,22,21,20,29,28,27;9,0,1,2,3,4,5,6,7,8,17,26,35,44,53,62,71,80,89,88,87,86,85,76,75,66,57,48,47,46,55,64,73,82;40,49,58,67,68,77,78,79,70,61,52,43,34,25,16,15,14,13,12,11,10,19,18;98,97,96,95,94,93,84,83,74,65,56
9:11,0,29,5;12,13,14,15,16,25,34,43,44;66,57,48,39,30,21,22,23,24;9,18,27,36,45,54,63,72,81,90,91,92,93,94,95,96,97,98,89,80,71,62,53,52,51,42,33,32,31,40,49,58,67,68,69,78;41,50,59,60,61,70,79,88,87,86,85,84,83,82,73,64,55,46,37,28,19,10,1,0;77,76,75,74,65,56,47,38,29,20,11,2,3,4,5,6,7,8,17,26,35
9:11,0,30,5;12,13,14,15,16,25,34,43,42,41,32,31,30,39,48,57,66;50,51,52,61,70,79,88,97;1,0,9,18,27,36,45,54,63,72,81,90,91,92,93,94,95,96,87,78,69,60,59,58,49,40;68,77,86,85,84,83,82,73,64,55,46,37,28,19,10,11,2,3,4,5,6,7,8,17,26,35,44,53,62,71,80,89,98;67,76,75,74,65,56,47,38,29,20,21,22,23,24,33
