10,0,1,7,,,1|11:2|12:3|13:4|14:6|16:7|17:8|18:10|11:18|19:20|21:28|29:30|31:38|39:48|49:50|51:60|61:68|69:70|71:78|79:80|81:81|91:82|92:83|93:85|95:86|96:87|97:88|89:88|98;30,20,10,0,1,2,3,4,5,15,14,24,34,33,43,53,54,55;93,92,91,90,80,70,60,50,40,41,31,21,11,12;44,45,35,25,26,16,17;13,23,22,32,42,52,62,63,64,65,66,56,46,36,37,27;85,86,87,88,78,68,58,59,49,39,29,19,9,8,7,6;69,79,89,99,98,97,96,95,94,84,83,82,81;18,28,38,48,47,57,67,77,76,75,74,73,72,71,61,51
10,0,2,6,,,1|11:2|12:3|13:4|14:6|16:7|17:8|18:10|11:18|19:20|21:28|29:30|31:38|39:48|49:50|51:60|61:68|69:70|71:78|79:80|81:81|91:82|92:83|93:85|95:86|96:87|97:88|89:88|98;48,38,28,18,17,16,15,5,4,3,2,1,0,10,20,30;57,47,37,27,26,25,24,23,22;72,62,63,64,65,66,67,68,58,59,49,39,29,19,9,8,7,6;14,13,12,11,21,31,32,33,34,35,36,46,56,55,54,53,52,51,61,71,81,82,83,73,74,75,76,77,78;88,87,86,85,84,94,95,96,97,98,99,89,79,69;45,44,43,42,41,40,50,60,70,80,90,91,92,93
10,0,3,7,,,1|11:2|12:3|13:4|14:6|16:7|17:8|18:10|11:18|19:20|21:28|29:30|31:38|39:48|49:50|51:60|61:68|69:70|71:78|79:80|81:81|91:82|92:83|93:85|95:86|96:87|97:88|89:88|98;44,34,35,25,26,16,17,18,28,38,48,47,57,67,77,76,86,85,84,94,95,96,97,98,99,89,79,69;30,20,10,0,1,2,3,4,5,15,14,13,12,11,21,31;83,82,81,71,61,51,52,53,43,33;6,7,8,9,19,29,39,49,59,58,68,78,88,87;62,72,73,74,75,65,66,56;27,37,36,46,45,55,54,64,63;24,23,22,32,42,41,40,50,60,70,80,90,91,92,93
10,0,4,6,,,1|11:2|12:3|13:4|14:6|16:7|17:8|18:10|11:18|19:20|21:28|29:30|31:38|39:48|49:50|51:60|61:68|69:70|71:78|79:80|81:81|91:82|92:83|93:85|95:86|96:87|97:88|89:88|98;50,60,70,80,90,91,92,93,94,84,85,86,87,88,78,68,67,66,65,64,63,62,52,42,32,31,21,11,12,13,14,24,25,35,36,37;81,82,83,73,74,75,76,77;18,17,16,15,5,6,7,8,9,19,29,39,49;22,23,33,43,53,54,55,56,57,58,59,69,79,89,99,98,97,96,95;72,71,61,51,41,40,30,20,10,0,1,2,3,4;34,44,45,46,47,48,38,28,27,26
10,0,5,7,,,1|11:2|12:3|13:4|14:6|16:7|17:8|18:10|11:18|19:20|21:28|29:30|31:38|39:48|49:50|51:60|61:68|69:70|71:78|79:80|81:81|91:82|92:83|93:85|95:86|96:87|97:88|89:88|98;6,7,8,9,19,29,39,49,59,58,48,47,46,45,44,43,42,32,31;52,53,54,55,56,57,67,68,78,88,87,86,85,75,74,73,72,71,81;30,20,10,0,1,2,3,4,5,15,16,17,18,28,38;77,76,66,65,64,63,62,61,51,41,40,50,60,70,80,90,91,92,93;82,83,84,94,95,96,97,98,99,89,79,69;11,12,13,14,24,25,26,27;37,36,35,34,33,23,22,21
10,0,6,8,,,1|11:2|12:3|13:4|14:6|16:7|17:8|18:10|11:18|19:20|21:28|29:30|31:38|39:48|49:50|51:60|61:68|69:70|71:78|79:80|81:81|91:82|92:83|93:85|95:86|96:87|97:88|89:88|98;4,3,2,1,0,10,20,30,40,41,31,21,11,12,13,14,24,25,26,36;34,44,54,64,65,66,76,77,78,68;23,33,43,53,63,73,74,75,85,86,87,88;95,96,97,98,99,89,79,69,59,58,48,38,28,18;22,32,42,52,51,61,71,81;35,45,55,56,57,67;50,60,70,80,90,91,92,93,94,84,83,82,72,62;49,39,29,19,9,8,7,6,5,15,16,17,27,37,47,46
10,0,7,7,,,1|11:2|12:3|13:4|14:6|16:7|17:8|18:10|11:18|19:20|21:28|29:30|31:38|39:48|49:50|51:60|61:68|69:70|71:78|79:80|81:81|91:82|92:83|93:85|95:86|96:87|97:88|89:88|98;93,92,91,90,80,70,60,50,40,41,51,61,71,81,82,83,73,74,75,76,77;72,62,63,64,65,55,45;69,79,89,99,98,97,96,95,94,84,85,86,87,88,78,68,67,66,56,46,36,35,34,24,14,13;44,54,53,52,42,32,31,21;30,20,10,0,1,2,3,4,5,15,16,17,18,28,38,48;25,26,27,37,47,57,58,59,49,39,29,19,9,8,7,6;43,33,23,22,12,11
10,0,8,6,,,1|11:2|12:3|13:4|14:6|16:7|17:8|18:10|11:18|19:20|21:28|29:30|31:38|39:48|49:50|51:60|61:68|69:70|71:78|79:80|81:81|91:82|92:83|93:85|95:86|96:87|97:88|89:88|98;14,13,12,11,21,31,41,40,50,60,70,80,90,91,92,93;54,53,52,51,61,71,81;69,79,89,99,98,97,96,95,94,84,85,86,87,77,67,57,47,37,27,26,25,24,23,22,32,42,43,44,45,55,65,64,63,62,72,82;6,7,8,9,19,29,39,49,59,58,68,78,88;48,38,28,18,17,16,15,5,4,3,2,1,0,10,20,30;83,73,74,75,76,66,56,46,36,35,34,33
10,0,9,7,,,1|11:2|12:3|13:4|14:6|16:7|17:8|18:10|11:18|19:20|21:28|29:30|31:38|39:48|49:50|51:60|61:68|69:70|71:78|79:80|81:81|91:82|92:83|93:85|95:86|96:87|97:88|89:88|98;72,62,63,53,43,33,34,35,45,46,47,48;44,54,55,56,57,67,77;73,74,64,65,66,76;75,85,86,87,88,78,68,58,59,69,79,89,99,98,97,96,95;49,39,29,19,9,8,7,6,5,15,16,17,27;18,28,38,37,36,26,25,24,14,13,12,11,21,31,41,40,30,20,10,0,1,2,3,4;23,22,32,42,52,51,61,71,81,82,83,84,94,93,92,91,90,80,70,60,50
10,0,10,7,,,1|11:2|12:3|13:4|14:6|16:7|17:8|18:10|11:18|19:20|21:28|29:30|31:38|39:48|49:50|51:60|61:68|69:70|71:78|79:80|81:81|91:82|92:83|93:85|95:86|96:87|97:88|89:88|98;28,18,17,16,15,5,4,3,2,1,0,10,20,30;48,38,37,27,26,25,24,14,13,12,11,21,31,32,42,52,53,63;85,75,65,64,54,44,43,33,23,22;93,92,91,90,80,70,60,50,40,41,51,61,62,72,73,74;34,35,36,46,47,57,67,77;69,79,89,99,98,97,96,95,94,84,83,82,81,71;6,7,8,9,19,29,39,49,59,58,68,78,88,87,86,76,66,56,55,45
11,0,11,7,,,1|12:2|13:3|14:4|15:6|17:7|18:8|19:9|20:11|12:20|21:22|23:31|32:33|34:42|43:44|45:53|54:66|67:75|76:77|78:86|87:88|89:97|98:99|100:100|111:101|112:102|113:103|114:105|116:106|117:107|118:108|109:108|119;4,3,2,1,0,11,22,33,44,55,56,67,78,89,100,101,102,103,92,93,94,95,96;41,30,29;71,72,73,74,75,64,65,76,87,98,109,120,119,118,117,116;45,34,23,12,13,14,15,16,5,6,7,8,9,10,21,32,43,54;66,77,88,99,110,111,112,113,114,115,104,105,106,107,108,97,86,85,84,83,82,81,70,59,60;24,25,26,27,28,17,18,19,20,31,42,53,52,63,62,61,50,49,48,47,58,69,80,91,90;51,40,39,38,37,36,35,46,57,68,79
11,0,12,7,,,1|12:2|13:3|14:4|15:6|17:7|18:8|19:9|20:11|12:20|21:22|23:31|32:33|34:42|43:44|45:53|54:66|67:75|76:77|78:86|87:88|89:97|98:99|100:100|111:101|112:102|113:103|114:105|116:106|117:107|118:108|109:108|119;60,59,58,57,46,45,34,23,12,13,14,15;94,95,96,85,74,63,52,41,30,29,28,27,26,25;69,68,67,56,55,44,33,22,11,0,1,2,3,4;116,117,118,119,120,109,98,87,76,65,64,75,86,97,108,107,106,105;24,35,36,37,38,39,40,51,62,73,84,83,82,93,92,91,90;66,77,88,99,110,111,112,113,114,115,104,103,102,101,100,89,78,79,80,81,70,71,72,61,50,49,48,47;54,43,32,21,10,9,8,7,6,5,16,17,18,19,20,31,42,53
11,0,13,8,,,1|12:2|13:3|14:4|15:6|17:7|18:8|19:9|20:11|12:20|21:22|23:31|32:33|34:42|43:44|45:53|54:66|67:75|76:77|78:86|87:88|89:97|98:99|100:100|111:101|112:102|113:103|114:105|116:106|117:107|118:108|109:108|119;100,89,78,67,68,57,58,59,60,49,38,37,36,25,14;6,7,8,9,10,21,32,43,54,65,64,53,42,31;85,96,95,94,93,104,115,116,117,118,119,120,109,98,87,76;114,113,112,111,110,99,88,77,66,55,56,45,34,23,12;44,33,22,11,0,1,2,3,4,5,16,17,18,29,40,51,62,73,84,83,82,81,92,91;103,102,101,90,79,80,69,70,71,72,61,50,39,28,27,26,15;105,106,107,108,97,86,75,74,63,52,41,30,19,20;13,24,35,46,47,48
11,0,14,8,,,1|12:2|13:3|14:4|15:6|17:7|18:8|19:9|20:11|12:20|21:22|23:31|32:33|34:42|43:44|45:53|54:66|67:75|76:77|78:86|87:88|89:97|98:99|100:100|111:101|112:102|113:103|114:105|116:106|117:107|118:108|109:108|119;36,47,48;35,24,25,26,37,38,49,60,59,58,69,80,81,82,83,84,73,62,51,40,29;78,89,100,101,102,103,92,93,94,95,96,85,74,63,52,41,30;27,28,17,18,19,20,31,42,53,64,65,54,43,32,21,10,9,8,7,6;57,46,45,34,23,12,13,14,15,16,5,4,3,2,1,0,11,22,33,44;91,90,79,68,67,56,55,66,77,88,99,110,111,112,113,114;75,86,97,108,107,106,105,104,115,116,117,118,119,120,109,98,87,76;70,71,72,61,50,39
11,0,15,8,,,1|12:2|13:3|14:4|15:6|17:7|18:8|19:9|20:11|12:20|21:22|23:31|32:33|34:42|43:44|45:53|54:66|67:75|76:77|78:86|87:88|89:97|98:99|100:100|111:101|112:102|113:103|114:105|116:106|117:107|118:108|109:108|119;76,87,98,109,120,119,118,117,116,115,104,105,106,107,108;44,33,22,11,0,1,2,3,4,5,16,15,14,13,12,23,34,45;6,7,8,9,10,21,32,43,54,65,64,53,42,31,20,19,18,17;100,101,102,103,92,93,94,95,96,97,86,75;114,113,112,111,110,99,88,77,66,55,56,67,78,89,90,91,80,81,70;79,68,69,58,47,36,37,38,39,40,51,62;57,46,35,24,25,26,27,28,29,30,41,52,63,74,85,84,83,82,71,60;59,48,49,50,61,72,73
11,0,16,8,,,1|12:2|13:3|14:4|15:6|17:7|18:8|19:9|20:11|12:20|21:22|23:31|32:33|34:42|43:44|45:53|54:66|67:75|76:77|78:86|87:88|89:97|98:99|100:100|111:101|112:102|113:103|114:105|116:106|117:107|118:108|109:108|119;76,87,98,109,120,119,118,117,116,115,104,93,94,83;30,29,40,39,38,37,36,35,46,57,68,79,90,91,92,81,82,71,72,73,84,95,106,105;108,97,86,75,64,65,54,43,32,21,10,9,8,7,6;80,69,58,47,48,49,50,51,52,41;24,25,26,27,28,17,18,19,20,31,42,53;45,34,23,12,13,14,15,16,5,4,3,2,1,0,11,22,33,44;103,102,101,100,89,78,67,56,55,66,77,88,99,110,111,112,113,114;107,96,85,74,63,62,61,60,59,70
11,0,17,8,,,1|12:2|13:3|14:4|15:6|17:7|18:8|19:9|20:11|12:20|21:22|23:31|32:33|34:42|43:44|45:53|54:66|67:75|76:77|78:86|87:88|89:97|98:99|100:100|111:101|112:102|113:103|114:105|116:106|117:107|118:108|109:108|119;29,40,51,52,63,74,75,86,97,108;72,83,82,81,70,59,48,37,36,35,24;6,7,8,9,10,21,32,43,54,65,64,53,42,41,30;91,90,79,68,57,56,55,66,77,88,99,110,111,112,113,114;25,26,27,38,49,60,71;44,33,22,11,0,1,2,3,4,5,16,15,14,13,12,23,34,45,46,47,58,69,80;67,78,89,100,101,102,103,92,93,94,95,84,73,62,61,50,39,28,17,18,19,20,31;76,87,98,109,120,119,118,117,116,115,104,105,106,107,96,85
11,0,18,8,,,1|12:2|13:3|14:4|15:6|17:7|18:8|19:9|20:11|12:20|21:22|23:31|32:33|34:42|43:44|45:53|54:66|67:75|76:77|78:86|87:88|89:97|98:99|100:100|111:101|112:102|113:103|114:105|116:106|117:107|118:108|109:108|119;89,100,101,102,103,92,81,70,59,58,47,36;95,96,85,74,63,52,41,40,39,38,37,48;90,91,80,69,68,57,46,35,24,25;75,86,97,108,107,106,105,94,83,84,73,62,51,50,49,60;45,34,23,12,13,14,15,26,27,28,29,30,31,42,53,64,65,76,87,98,109,120,119,118,117,116;4,3,2,1,0,11,22,33,44,55,56,67,78,79;66,77,88,99,110,111,112,113,114,115,104,93,82,71,72,61;54,43,32,21,10,9,8,7,6,5,16,17,18,19,20
11,0,19,7,,,1|12:2|13:3|14:4|15:6|17:7|18:8|19:9|20:11|12:20|21:22|23:31|32:33|34:42|43:44|45:53|54:66|67:75|76:77|78:86|87:88|89:97|98:99|100:100|111:101|112:102|113:103|114:105|116:106|117:107|118:108|109:108|119;114,113,112,111,110,99,88,77,66,55,56,67,78,89,100,101,102,103,92,93,94,95,96,85;91,90,79,68,57,46,35,24,25,26,27,28,17,18,19;45,34,23,12,13,14,15,16,5,4,3,2,1,0,11,22,33,44;39,38,37,36,47,58,69,80,81,82,83,84,73,74,75,86,97,108,107,106,105,104,115,116,117,118,119,120,109,98,87,76;60,49,50,51,40,29,30,31,20;48,59,70,71,72,61,62,63,52;41,42,53,64,65,54,43,32,21,10,9,8,7,6
11,0,20,7,,,1|12:2|13:3|14:4|15:6|17:7|18:8|19:9|20:11|12:20|21:22|23:31|32:33|34:42|43:44|45:53|54:66|67:75|76:77|78:86|87:88|89:97|98:99|100:100|111:101|112:102|113:103|114:105|116:106|117:107|118:108|109:108|119;20,19,30,41,40,51,62,73,84,83,82,81,80,69,58,59,60,49,38,37,36,25,24;66,77,88,99,110,111,112,113,114,115,104,103,102,101,100,89,78,67,68,57,46,47,48;23,12,13,14,15,26,27,28,39,50,61,72,71,70;4,3,2,1,0,11,22,33,44,55,56,45,34,35;79,90,91,92,93,94,105,106,107,108,97,86,75,64,65,76,87,98,109,120,119,118,117,116;95,96,85,74,63,52,53,42,31;54,43,32,21,10,9,8,7,6,5,16,17,18,29
12,0,21,8,,,1|13:2|14:3|15:4|16:5|17:7|19:8|20:9|21:10|22:12|13:22|23:24|25:34|35:36|37:46|47:48|49:58|59:70|71:72|73:84|85:94|95:96|97:106|107:108|109:118|119:120|121:121|133:122|134:123|135:124|136:126|138:127|139:128|140:129|141:130|131:130|142;5,4,3,2,1,0,12,24,36,48,60,61,49,37,38,26,27,28,29,41,53,65,77,78,79,67,55,43,44,32,33,34;40,39,51,63,75,87,86,98,110,111,112,113,114,115,116,117;71,59,47,35,23,11,10,9,8,7,6,18,17,16,15,14,13,25;99,100,101,102,103,104,105,93,81,69,70,58,46;72,84,96,108,120,132,133,134,135,136,137,125,124,123,122,121,109,97,85,73,74,62,50;126,127,128,129,130,118,106,94,82,83,95,107,119,131,143,142,141,140,139,138;45,57,56,68,80,92,91,90,89,88,76,64,52;22,21,20,19,31,30,42,54,66
12,0,22,8,,,1|13:2|14:3|15:4|16:5|17:7|19:8|20:9|21:10|22:12|13:22|23:24|25:34|35:36|37:46|47:48|49:58|59:70|71:72|73:84|85:94|95:96|97:106|107:108|109:118|119:120|121:121|133:122|134:123|135:124|136:126|138:127|139:128|140:129|141:130|131:130|142;26,38,39,40,41,42,43,44,56,68,80,92,104,103;66,65,64,63,62,74,86,98,110,111,112,113,125,137,138,139,140,141,142,143,131,119,107,95;101,89,88;136,135,134,133,132,120,108,96,84,72,60,61,73,85,97,109,121,122,123,124;100,99,87,75,76,77,78,79,67,55,54,53,52,51,50,49,37,25,13,14,15,27,28,29,30,31,32,33,45,57;16,17,18,6,5,4,3,2,1,0,12,24,36,48;19,20,21,22,34,46,58,70,69,81,93,105,117,116,115;91,90,102,114,126,127,128,129,130,118,106,94,82,83,71,59,47,35,23,11,10,9,8,7
12,0,23,7,,,1|13:2|14:3|15:4|16:5|17:7|19:8|20:9|21:10|22:12|13:22|23:24|25:34|35:36|37:46|47:48|49:58|59:70|71:72|73:84|85:94|95:96|97:106|107:108|109:118|119:120|121:121|133:122|134:123|135:124|136:126|138:127|139:128|140:129|141:130|131:130|142;49,50,62,63,64,65;130,129,128,127,126,114,113,112,111,99;110,98,86,87,88,100,101,102,103,115,116,117,118,106,94,93,81,69,57,45,33,21,20,19,18,6,7,8,9,10,11,23,35,47,59,71;138,139,140,141,142,143,131,119,107,95,83,82,70,58,46,34,22;85,97,109,121,122,123,124,125,137,136,135,134,133,132,120,108,96,84,72;26,27,28,40,41,42,43,55,67,79,91,90,89;5,4,3,2,1,0,12,24,36,48,60,61,73,74,75,76,77,78,66,54,53,52,51,39,38,37,25,13,14,15,16,17,29,30,31,32,44,56,68,80,92,104,105
12,0,24,8,,,1|13:2|14:3|15:4|16:5|17:7|19:8|20:9|21:10|22:12|13:22|23:24|25:34|35:36|37:46|47:48|49:58|59:70|71:72|73:84|85:94|95:96|97:106|107:108|109:118|119:120|121:121|133:122|134:123|135:124|136:126|138:127|139:128|140:129|141:130|131:130|142;99,100,88,76,77,65,66,54,42,30,31,19,20,21,22,34,46,58,70,69,81,93,105,104;86,98,110,111,112,113,101,102,103,91,92,80,68,56,57,45;138,139,140,141,142,143,131,119,107,95,83,82,94,106,118,117,116,115,114;27,26,38,50,62,74,73,85,97,109,121,122,123,124;71,59,47,35,23,11,10,9,8,7,6,18,17,29,41,53,52,64;89,90,78,79,67,55,43,44,32,33;5,4,3,2,1,0,12,24,36,48,60,61,49,37,25,13,14,15,16,28,40,39,51,63,75,87;130,129,128,127,126,125,137,136,135,134,133,132,120,108,96,84,72
12,0,25,8,,,1|13:2|14:3|15:4|16:5|17:7|19:8|20:9|21:10|22:12|13:22|23:24|25:34|35:36|37:46|47:48|49:58|59:70|71:72|73:84|85:94|95:96|97:106|107:108|109:118|119:120|121:121|133:122|134:123|135:124|136:126|138:127|139:128|140:129|141:130|131:130|142;130,129,128,127,126,114,113,112,111,110,98,86,74,62,50,38;5,4,3,2,1,0,12,24,36,48,60,61,49,37,25,26,27,28,40,52,64,76,77,78,79,91,103,115,116,117,118,106,94,93,81,69,57,56,44,43,31,19,20,21,22,34;73,85,97,109,121,122,123,124,125,137,136,135,134,133,132,120,108,96,84,72;32,33,45,46,58,70,82,83,95,107,119,131,143,142,141,140,139,138;102,90,89,88,87,75,63,51,39;105,104,92,80,68,67,55,54,42,30,18,6,7,8,9,10,11,23,35,47,59,71;101,100,99;66,65,53,41,29,17,16,15,14,13
12,0,26,8,,,1|13:2|14:3|15:4|16:5|17:7|19:8|20:9|21:10|22:12|13:22|23:24|25:34|35:36|37:46|47:48|49:58|59:70|71:72|73:84|85:94|95:96|97:106|107:108|109:118|119:120|121:121|133:122|134:123|135:124|136:126|138:127|139:128|140:129|141:130|131:130|142;117,105,93,81,80,79,78,77,89;72,84,96,108,120,132,133,134,135,136,137,125,126,127,115,103;33,32,44,43,42,41,40,39;99,87,75,63,51,52,53,54,55,56,57,45;138,139,140,141,142,143,131,119,107,95,83,82,94,106,118,130,129,128,116,104,92,91;111,110,98,86,74,62,50,38,26,27,28,29,30,31,19,20,21,22,34,46,58,70,69,68,67,66,65,64,76,88,100,101,102,90;5,4,3,2,1,0,12,24,36,48,60,61,73,85,97,109,121,122,123,124,112,113,114;49,37,25,13,14,15,16,17,18,6,7,8,9,10,11,23,35,47,59,71
12,0,27,7,,,1|13:2|14:3|15:4|16:5|17:7|19:8|20:9|21:10|22:12|13:22|23:24|25:34|35:36|37:46|47:48|49:58|59:70|71:72|73:84|85:94|95:96|97:106|107:108|109:118|119:120|121:121|133:122|134:123|135:124|136:126|138:127|139:128|140:129|141:130|131:130|142;27,28,40,52,53,65,66,67,68,69,70,58,46,34,22,21;50,49,37,25,13,14,15,16,17,29,30,31,43,44;121,122,123,124,125,137,138,139,140,141,142,143,131,119,107,95;136,135,134,133,132,120,108,96,84,72,60,61,62,74,75,87,88,89,90,91,92,104;7,8,9,10,11,23,35,47,59,71,83,82,94,106,118,130,129,128,127,126,114,113,112,111,110,109,97;48,36,24,12,0,1,2,3,4,5,6,18,19,20,32,33,45,57,56,55,54,42,41;73,85,86,98,99,100,101,102,103,115,116,117,105,93,81,80,79,78,77,76,64,63,51,39,38,26
12,0,28,7,,,1|13:2|14:3|15:4|16:5|17:7|19:8|20:9|21:10|22:12|13:22|23:24|25:34|35:36|37:46|47:48|49:58|59:70|71:72|73:84|85:94|95:96|97:106|107:108|109:118|119:120|121:121|133:122|134:123|135:124|136:126|138:127|139:128|140:129|141:130|131:130|142;5,4,3,2,1,0,12,24,36,48,60,61,73,85,97,109,121,122,123,111,99,87,75,63,64,65,66,67,79,91,90,89,101,113;22,21,20,19,18,6,7,8,9,10,11,23,35,47,59,71;124,112,100,88,76,77,78;110,98,86,74,62,50,49,37,25,13,14,15,16,17,29,30,31,32,33,34,46,58,70,69,81,93,105,117,116,115,127;38,39,51,52,53,54,55,56,68,80,92,104,103,102,114,126,125,137,136,135,134,133,132,120,108,96,84,72;128,129,130,118,106,94,82,83,95,107,119,131,143,142,141,140,139,138;57,45,44,43,42,41,40,28,27,26
12,0,29,8,,,1|13:2|14:3|15:4|16:5|17:7|19:8|20:9|21:10|22:12|13:22|23:24|25:34|35:36|37:46|47:48|49:58|59:70|71:72|73:84|85:94|95:96|97:106|107:108|109:118|119:120|121:121|133:122|134:123|135:124|136:126|138:127|139:128|140:129|141:130|131:130|142;124,123,122,121,109,97,85,73,61,60,48,36,24,12,0,1,2,3,4,5;130,129,117,105,104,92,80,68,67,66,54,42,30,18,6,7,8,9,10,11,23,35,47,59,71;79,78,77,65,53,41,29,17,16,15,14,26,38,39,51,63,75,87,99,100,101,102,114,126,127,128;22,34,33;116,115,103,91,90,89,88,76,64,52,40,28,27;13,25,37,49,50,62,74,86,98,110,111,112,113,125,137,136,135,134,133,132,120,108,96,84,72;21,20,32,44,45,46,58,70,82,83,95,107,119,131,143,142,141,140,139,138;118,106,94,93,81,69,57,56,55,43,31,19
12,0,30,9,,,1|13:2|14:3|15:4|16:5|17:7|19:8|20:9|21:10|22:12|13:22|23:24|25:34|35:36|37:46|47:48|49:58|59:70|71:72|73:84|85:94|95:96|97:106|107:108|109:118|119:120|121:121|133:122|134:123|135:124|136:126|138:127|139:128|140:129|141:130|131:130|142;79,80,81,69,70,58,46,34,22,21,20,32,44,43,55,54,66,65;128,129,130,118,106,105,104,103,102,114,113,112,111,110,98,86,87,88;124,123,122,121,109,97,85,73,74,62,50,38,26,27,15,16,17,18,6,7,8,9,10,11,23,35,47,59,71;19,31,30,42,41,53,52,64;29,28,40,39,51,63,75,76,77,78;72,84,96,108,120,132,133,134,135,136,137,125,126,127,115,116,117;138,139,140,141,142,143,131,119,107,95,83,82,94,93,92,91,90,89,101,100,99;5,4,3,2,1,0,12,24,36,48,60,61,49,37,25,13,14;67,68,56,57,45,33
