10:12,0,1,9,,,25|35:35|36:44|54:45|46:46|56:53|54:54|55:55|65:56|57:56|66:63|64:64|74:66|67:67|77:68|69:68|78:74|75:84|85;74,73,63,62,61,51,41,31,21,11,1,2,3,4,5,6,7,8,9,19;12,22,32,42,52,53;35,34,24,25,26,36,46,47,57;89,99,109,119,118,117,116,115,114,113,112,111,110,100,90,80,81,82,83,84;67,68,58,48,38,37,27,17,16,15,14,13,23,33,43,44,45,55,56;101,102,103,104,105,106,107,108,98,88,78,79,69,59,49,39,29,28,18;54,64,65,66,76,77,87,97,96,95,94,93,92,91;75,85,86;72,71,70,60,50,40,30,20,10,0
10:12,0,2,9,,,11|21:21|22:31|32:32|42:34|44:42|43:43|44:43|53:44|45:45|55:53|54:54|64:55|56:56|66:64|65:65|75:66|67:75|76;31,30,40,50,60,70,71,72,73,83,84,94,95,96,97,87,77,67,57,56,46,45,35,34,33,43;11,12,13,14,15,16;9,19,29,39,49,59,69,79,89,99,109,119,118,117,116,115,114,113,112,102,101,91;63,53,52,42,41;44,54,55,65,66,76,86,85,75,74,64;111,110,100,90,80,81,82,92,93,103,104,105,106,107,108,98,88,78,68,58,48,47;8,18,28,38,37,36,26,25,24,23,22,32;62,61,51;21,20,10,0,1,2,3,4,5,6,7,17,27
10:12,0,3,7,,,62|63:63|73:73|74:73|83:75|85:76|86:82|83:83|84:84|85:84|94:86|96:92|93:93|103:94|104:95|96:95|105;12,22,23,24,25,26,27,37;55,45,35,34,33,32,31,21,11;83,93,94,95,85,86,87,97,96;47,57,67,77,76,75,74,84;63,53,52,62,61,71,81,91,101,111,112,113,114,115,116,117,118,119,109,99,89,79,69,59,49,39,29,19,9,8,7,6,5,4,3,2,1,0,10,20,30,40;36,46,56,66,65,64,54,44,43,42,41,51,50,60,70,80,90,100,110;13,14,15,16,17,18,28,38,48,58,68,78,88,98,108,107,106,105,104,103,102,92,82,72,73
10:12,0,4,7,,,34|44:41|51:42|52:43|44:44|45:52|53:53|54:53|63:63|64:63|73:71|72:72|73:72|82;73,83,84,85,86,76,66,65,55,45;72,62,63;1,11,21,22,23,24,25,26,27,37,47,57,67,77,87,97,96,95,94,93,92,82;75,74,64,54,44;53,43,42,41,40,50,60,70,80,90,100,110,111,112,113,114,115,116,117,118,119,109,99,89,79,69,59,49,39,29,19,9,8,7,6,5,4,3;52,51,61,71,81,91,101,102,103,104,105,106,107,108,98,88,78,68,58,48,38,28,18,17,16,15,14,13,12,2;0,10,20,30,31,32,33,34,35,36,46,56
10:12,0,5,9,,,35|45:45|46:46|56:56|57:56|66:64|74:65|66:65|75:73|74:74|84:75|76:76|86:84|85:86|87:86|96:95|96:105|106:105|115;74,75,85,86;65,64,54,53,43,33,34,35,36,46,47,48,58,59,69,79,89,99,109,119,118,117;105,95,94,84,83,73,63,62,52,42,32,22,23,24,25,26,27;56,55,45,44;37,38,28,18,17;49,39,29,19,9,8,7,6,5,4,3,2,1,0,10,20,30,40,50,60,70,80,81,91,101,102,103,104,114,115,116,106,96,97,87,77,76,66;107,108,98,88,78,68,67,57;90,100,110,111,112,113;16,15,14,13,12,11,21,31,41,51,61,71,72,82,92,93
10:12,0,6,9,,,62|72:65|75:72|73:73|83:74|75:74|84:84|85:93|103:94|95:94|104;51,41,31,32,33,43,44,45,46,47,48,58,68,78,88,98,108;84,94,93,92,102,103,104,105,95,85,75;72,71,70,80,90,100,110,111,112,113,114,115,116,106,96,86,76,66,65,64;83,82,81,91,101;25,15,5,4,3,2,1,0;42,52,62,61,60,50,40,30,20,10,11,12,13,14,24,34,35,36,37,38,28,18,17,7,6;74,73,63,53,54,55,56,57,67,77,87,97,107,117,118,119,109,99,89,79,69,59,49,39,29,19,9,8;21,22,23;16,26,27
10:12,0,7,8,,,27|28:37|38:37|47:45|46:46|47:46|56:56|57:57|67:58|59:58|68;47,57,58;46,36,35,34,33,23,13,12,11;56,66,67,68,69,59,49,48,38,28,18,17,16,15;22,32,42,52,62,72;37,27,26,25,24,14,4,3,2,1,0,10,20,21,31,41,51,61,71,81,91,101,102,103,93,94,95,96,97;115,116,117,118,119,109,99,89,79,78,77,76,75,65,55,45,44,43,53,63,73,83,82,92;54,64,74,84,85,86,87,88,98,108,107,106,105,104,114,113,112,111,110,100,90,80,70,60,50,40,30;5,6,7,8,9,19,29,39
10:12,0,8,8,,,27|37:33|34:34|44:36|37:44|45:44|54:46|47:46|56:53|54:54|55:55|56:55|65:63|64;35,34,24,23,22,32,42,52,53,63,73,74,64,54;75,65,66,56,57,47,37;12,13,14,15,25;62,72,82,83,84,85,86,76,77,67,68,58,48,38,28,27,17,7,8,9;101,102,103,104,105,106,107,108,98;11,21,31,41,51,61,71,81,91,92,93,94,95,96,97,87,88,78,79,69,59,49,39,29,19,18;89,99,109,119,118,117,116,115,114,113,112,111,110,100,90,80,70,60,50,40,30,20,10,0,1,2,3,4,5,6,16,26,36,46,45,55;33,43,44
10:12,0,9,7,,,38|48:46|56:47|48:47|57:55|56:56|66:64|65:65|75:66|67:75|76:76|77:76|86:86|87:96|97:96|106:105|106;47,46,45,44,43,53,63,73,83,93,103,102,101,91,81,71;56,57,67,77,87,97,107,106,116,115,105,95,96,86;59,69,79,89,99,109,119;11,12,13,14,15,16,17,18,28,38,37,36,35,34,33,32,42,52,62,72,82,92;61,51,41,31,21,22,23,24,25,26,27;76,66,65,55,54,64,74;117,118,108,98,88,78,68,58,48,49,39,29,19,9,8,7,6,5,4,3,2,1,0,10,20,30,40,50,60,70,80,90,100,110,111,112,113,114,104,94,84,85,75
10:12,0,10,6,,,13|14:21|31:22|32:23|24:32|33:33|34:42|43:43|44:43|53:53|54:53|63;11,12,13,3,4,14,24,34,44,45,55,65,75,74,73,72,82,92,93,94,95,96,97,87,77,67,57,47,37,27,26;40,30,31,32,42,52,53;41,51,50,60,70,80,90,100,110,111,112,113,114,115,116,117,118,119,109,99,89,79,69,59,49,39,29,19,9,8,7;54,64,63,62,61,71,81,91,101,102,103,104,105,106,107,108,98,88,78,68,58,48,38,28,18,17,16;43,33,23,22,21,20,10,0,1,2;6,5,15,25,35,36,46,56,66,76,86,85,84,83
11:13,0,11,10,,,70|81:80|81:81|92:82|93:93|94:94|95:94|105:95|106:96|107:107|108:108|119:119|120:119|130;64,75,86,85,84,73,62,51,40,41,30,19;92,93,104,105,106,107,118,119;18,17,16,27,38,49,60;117,116,115,114,103,102,91,80,69,58,47,36,25;74,63,52,53,42,31,20;95,96,97,98,87,76,65,54,43,32,21,10,9,8,7,6,5,4,15,14,13,24,35,46,57,68,79,90,101,112,113,124,125,126,127,128,129,130;123,122,111,100,89,78,67,56,45,34,23,12,1,2,3;26,37,48,59,70,71,82,81;108,109,120,131,142,141,140,139,138,137,136,135,134,133,132,121,110,99,88,77,66,55,44,33,22,11,0;29,28,39,50,61,72,83,94
11:13,0,12,9,,,46|57:47|58:48|59:58|69:59|60:69|70:70|71:70|81:81|82:82|93:85|86:85|96:93|94:94|105:95|96:95|106;95,84,73,72,61,50,39,38,37,36,35,34,33,44,55,66,77;30,41,52,63,74,85;106,105,104,103,114,113,112,111,100;120,131,142,141,140,139,138,137,136,135,134,133,132;115,116,117,118,107,96,97,86,75,64,53,42,31,20,19,18,17,16,15,14,13,12;70,59,58,57,56,45,46,47,48,49,60,71,82,83,94;102,91,92,93;81,80,69,68,67,78,89,88,99,110,121,122,123,124,125,126,127,128,129,130,119,108,109,98,87,76,65,54,43,32,21,10,9,8,7,6,5,4,3,2,1,0,11,22,23,24,25,26,27,28,29,40,51,62;101,90,79
11:13,0,13,8,,,13|24:14|25:15|26:17|28:18|29:19|30:26|27:27|28:29|40:30|31:30|41:37|38:38|49:39|40:49|50:50|51:50|61:61|62:72|73:83|84:83|94:93|94:93|104;50,39,38,27,16,17,18,19,20,31,42,41,40,51,62,73,84,95,94,105,104,103,102,91,80,81;28,29,30;75,86,97,108,119,118,129,128,127,126,125,124,123,122,111,100,89,78,67,56,45,46,47,36;57,58,59;130,141,140,139,138,137,136,135,134,133,132,121,110,99,88,77,66,55,44,33,34,35,24,25,26,37,48,49,60,61,72,83,82,93,92;22,11,0,1,2,3,4,5,6,7,8,9,10,21,32,43,54,53,52;71,70,69,68,79,90,101,112,113,114,115,116,117,106,107,96,85,74,63,64,65,76,87,98,109,120,131,142;23,12,13,14,15
11:13,0,14,7,,,67|78:68|79:69|80:77|78:78|89:79|90:80|81:90|101:91|92:91|102:100|101:101|112:102|103:106|117:111|122:112|113:112|123:113|114:114|125:115|126:116|127:117|118:117|128;112,111,100,89,90,91,80,79,78;101,102,113,124,125,126,127,128,129,118,107,106,95,84,73,62,51,40,39,38,37,36,35,24;117,116,115;105,94,83,72,61,50,49,48,47,46,45,34,23,12,13,14,25,26,27,28,29,30,41,52,63,74,85,96,97,108,119,130,141,140,139,138,137,136,135,134,133,132;86,75,64,53,42,31,20,19,18,17,16,15;114,103,104,93,82,71,60,59,58,57,56,55,44,33,22,11,0,1,2,3,4,5,6,7,8,9,10,21,32,43,54,65,76,87,98,109,120,131,142;92,81,70,69,68,67,66,77,88,99,110,121,122,123
11:13,0,15,9,,,57|68:58|69:67|68:68|79:70|81:79|80:80|81:80|91:81|82:92|93:92|103:100|111:101|112:102|103:103|104:104|115:112|113:113|114:113|124:115|116:115|126;94,83,72,61,60,49,48,47,46,45,44,55,66,77,88,89,100,101,102,113;68,69,80;128,129,130,119,108,97,86,75,64,53;103,114,115;132,121,122,123,124,125,126,127,116,117,118,107,96,85,74,63,52,41,42,31,20,19,18,17,16,15,14,13,12,23;81,92,91,90,79,78,67,56,57,58,59,70,71,82,93,104,105,106,95,84,73,62,51,50,39,28,27,26,25,24,35,34,33,22,11,0,1,2,3,4,5,6,7,8,9,10,21,32,43,54,65,76,87,98,109,120,131,142,141,140,139,138,137,136,135,134,133;99,110,111,112;36,37,38;30,29,40
11:13,0,16,10,,,24|25:35|36:36|47:37|48:46|57:47|58:48|49:58|59:59|60:59|70:70|71:70|81:80|81:91|92:91|102;117,128,129,130,131,142;29,18,19,20,31,42,53,52,51,50,49,60,71,72,73,74,75,76,87,98,109,120,119,118;132,133,134,135,136,137,138,139,140,141;59,48,47,46,35,24,13,14,25,26,27,28,39,40,41,30;80,79,68,67,66,55,44,33,22,11,0;36,37,38;78,77,88,99,110,121,122,123,124,125,126,127,116,105,106,107,108,97,86,85,84,83,82,81,92,103,102,101,90,91;70,69,58,57,56,45,34,23,12,1,2,3,4,5,6,7,8,9,10,21,32,43,54,65,64,63,62,61;96,95,94,93,104,115,114,113,112,111,100,89;17,16,15
11:13,0,17,9,,,36|37:37|48:48|49:48|59:57|68:58|59:67|68:67|78:68|69:69|70:69|80:77|78:78|89:79|90:80|81:90|91:91|92;78,79,68;100,99,110,121,132,133,134,135,136,137,138,139,140,141,142,131,120,109,98,87,76,65,54,43,32,21,10;71,82,93,104,103,102,91,80;92,81,70,59,60,49,38,37,26,25,36,47,48;12,23,34,45,56,67,66,77,88,89,90,101,112,113,114,115,116;69,58,57,46,35,24,13,14,15,16,27,28,39,50,61,72,83,94,105;19,30,41,52,63,74,85,96,107,118,129,128,127,126,125,124,123,122,111;17,18,29,40,51,62,73,84,95,106,117;55,44,33,22,11,0,1,2,3,4,5,6,7,8,9,20,31,42,53,64,75,86,97,108,119,130
11:13,0,18,8,,,38|49:48|49:49|50:59|70:60|61:69|70:70|71:71|72:71|82:80|81:82|83:93|94:104|105:106|117:107|118:115|116:116|117:116|127:118|119;118,117,128,127,126,125,124,123,122,111,100,99,88,77,66,55,44,33,22,11,0,1,2,3,4,5,6,7,8,9,20,31,42,53,64,75,74,73,62,51,40,29,28,27,26,25,36,47,58,69;116,105,94,95,96,97,98,109,120,131,142,141;71,60,49;10,21,32,43,54,65,76,87,86,85,84,83,72,61,50,39,38,37,48,59;63,52,41,30,19,18,17,16,15,14,13,12,23,34,45,56,67,78,89,90,101,102,103;106,107,108,119,130,129,140,139,138,137,136,135,134,133,132,121,110;70,81,82,93,104,115,114,113,112;92,91,80,79,68,57,46,35,24
11:13,0,19,10,,,52|63:53|64:57|68:61|72:62|63:62|73:67|68:68|79:69|80:70|81:71|72:71|82:73|74:83|94:84|85:94|95:95|96:95|106;95,84,73;72,83,82,81,80,79,78,67,56,57,58,59,48,37,26,25,24,35,34,33,22,11,0,1,2,3,4,5,6,7,8,9,10,21,32,43,54,53,52,41,30,29,28,39,50;68,69,70,71,60,61,62,51,40;112,101,90,91,92,93,94,105,106,107,96,85,74,63,64;118,117,116,115,104,103,102,113,124,135,134,133,132,121,110,99;42,31,20,19,18,17,16,27,38,49;65,76,75,86,97,108,119,130,129,128,127,126,125,114;23,12,13,14,15;136,137,138,139,140,141,142,131,120,109,98,87;123,122,111,100,89,88,77,66,55,44,45,46,47,36
11:13,0,20,9,,,48|49:49|60:59|70:60|61:70|71:71|72:71|82:82|83:93|94:104|105:105|116:106|107:106|117;114,103,104,93,82,81,80;105,94,83,72,61,50,49,38,27;115,116,117,118,107,96,85,74,63,52,41,30,29,18;6,7,8,9,10,21,32,43,54,65,76,87,98,109,120,131,142,141,140,139,138,137,136;122,123,112,113,102,91,92;70,69,58,47,36;19,20,31,42,53,64,75,86,97,108,119,130,129,128,127,126,125,124,135,134,133,132,121,110,111,100,101,90,79,68,57,46,35,24,25;106,95,84,73,62,51,40,39,28,17,16,5,4,3,2,1,0,11,22,33,44,55,66,77,88,99;71,60,59,48,37,26,15,14,13,12,23,34,45,56,67,78,89
12:14,0,21,8,,,18|30:21|33:22|34:29|30:30|31:31|43:32|33:32|44:34|35:34|46:43|55:45|46:45|57:55|56:55|67:56|57:66|67:66|78:68|69:68|80:77|78:79|80:79|91:89|90:90|91:91|92:101|102:102|114:103|104:103|115;106,118,130,142,154,153,152,151,150,149,148,147,146,134,122,110,98,86,74,62,50,38,26,27,15,3,2,1,0,12,24,36,48,60,72,84,96,108,120,132,144,156;9,10,22;21,20,8,7,6,5,4,16,28,40,39,51,63,75,87,99,111,123,135,136,137,138,139,140,141;34,33,45,44,43,42,30;56,68,67,79,78,90,102,103,91;55,54,66,65,77,89,101,113,114,115,116,104,92,80,81,69,57,58,46,47,35,23,11;70,82,94,93,105,117,129,128,127,126,125,124,112,100,88,76,64,52,53,41,29,17,18,19,31,32;59,71,83,95,107,119,131,143,155,167,166,165,164,163,162,161,160,159,158,157,145,133,121,109,97,85,73,61,49,37,25,13,14
12:14,0,22,9,,,49|50:50|62:51|63:63|64:64|76:65|77:66|78:78|79:78|90:88|100:89|90:89|101:90|91:98|99:99|100:100|112:102|103:102|114:110|111:111|123:112|113:112|124:113|114:125|126:137|138;100,101,102,90;89,88,87,99,111,112;147,146,145,133,121,109,97,85,73,61,49,37,38,50,51,52,64,65,66;0,12,13,14,15,16,28,29,30,42,43,44,56,68,80,92,104,116,128,127,139,151,152,153,154,142,130,118,106,94,82,70,58,46,34,22,21,20;78,77,76,75;1,2,3,4,5,6,7,8,9,10,11,23,35,47,59,71,83,95,107,119,131,143,155,167,166,165,164,163,162,161,149,137,125,113;150,138,126,114,115,103,91,79,67,55,54,53,41,40,39,27,26,25,24,36,48,60,72,84,96,108,120,132,144,156,157,158,159,160,148,136,124,123;63,62,74,86,98,110,122,134,135;140,141,129,117,105,93,81,69,57,45,33,32,31,19,18,17
12:14,0,23,10,,,51|52:63|64:64|76:65|77:76|88:77|78:79|91:80|92:88|89:89|90:90|91:90|102:100|101:101|113:102|103:102|114;63,51,39,27,28,16,17,18,30;82,94,106,118,130,142,154,153,152,151,163,162,161,160,159,158,157,156,144,132;29,41,40,52,64,65,66,67,55,56,44,32,20,8,9,10,11,23,35,47,59,71,83,95,107,119,131,143,155,167,166,165,164;22,34,46,58,70;53,54,42,43,31,19,7,6,5,4,3,2,1,0,12,24,36,48,60,72,84,96,108,120,121,133,145,146,147,148,149,150,138,139,140,141,129,117,105;21,33,45,57,69,68,80,79,78,90;104,116,128,127,126,125,137,136,135,134,122,110,109,97,85,73,61,49,37,25,13;124,123,111,99,98;81,93,92,91,103,115,114,113,112,100,88,87,86;102,101,89,77,76,75,74,62,50,38,26,14,15
12:14,0,24,10,,,17|29:28|29:29|41:41|42:42|54:54|55:65|77:66|67:66|78:76|77:78|79:78|90:88|89:89|90:90|102:91|103:92|104:100|101:112|113:113|125;15,27,26,38,50,62,74,86,85,84,72,60,48,36,24,12,0,1;141,129,117,116,115,114,113,101,89,77,78;123,122,121,133,145,146,147,148,149,137,138,139,151,163,164,165,166,167,155,143,131,119,107,95,83,71,59,58,57,56,44,43,42,30,29;55,67,79,91,90;9,10,11,23,35,47,46,45,33,32,31,19,18,17,16,28,40,39,51,63,75,87,99,98,97,96;73,61,49,37,25,13,14,2,3,4,5,6,7,8,20,21,22,34;134,135,136,124,125,126,127,128,140,152,153,154,142,130,118,106,94,82,70,69,68,80,92;41,53,52;102,103,104,105,93,81;54,66,65,64,76,88,100,112,111,110,109,108,120,132,144,156,157,158,159,160,161,162,150
12:14,0,25,11,,,30|42:31|43:41|42:43|44:53|54:53|65:55|56:64|65:67|68:76|77:87|99:88|89:88|100:98|99:100|101:100|112:110|111:111|123:122|134:123|124:123|135:133|134:134|146:135|147;2,1,0,12,24,36,48,60,72,84,96,108,120,132,144,156,157,158,159,160,161,162,150,138,126,114,102,101,89,77,65;55,67,79;11,23,35,47,59,71,83,95,107,119,131,130,129;74,75,63,51,39,40,28,16,17,18,19,20,21,33,45,57,69,81,93,105,117,116,128,140,152,153,154,166;118,106,94,82,70,58,46,34,22,10,9,8,7,6,5,4,3,15,27,26,38,50,62;43,42,54,66,78,90,91;14,13,25,37,49,61,73,85,97,109,121,133,145,146,147,148,149,137,125;111,99,100;123,122,110,98,86,87,88,76,64,52,53,41,29,30,31,32,44,56,68,80,92,104,103,115,127,139,151,163,164,165;113,112,124,136,135,134;167,155,143,142,141
12:14,0,26,11,,,63|75:66|78:67|79:75|76:77|78:79|80:87|88:89|90:91|92:91|103:99|100:100|112:101|113:102|103:102|114:103|104:115|116:115|127:126|127:138|139:138|150;78,79,91;105,93,81,69,57,45,33,32,31,30,29,28;108,120,132,144,156;44,56,55,54,53,52,51,50,38,26;145,146,147,148,149,150,151,152,140,141,129,117,116,104,92,80,68,67,66,65,77,89,101,102,90;100,88,76,64,63,62,74,75,87,99,111,112;139,127,128;103,115,114,126,138,137,136,135,134,133,121,109,97,96,84,72,60,48,36,24,12,0,1,2,3,4,5,6,7,8,9,10,11,23,35,47,59,71,83,95,107,119,131,143,155,167,166,165,164;16,17,18,19,20,21,22,34,46,58,70,82,94,106,118,130,142,154,153;43,42,41,40,39,27,15,14,13,25,37,49,61,73,85,86,98,110,122,123,124,125,113;157,158,159,160,161,162,163
12:14,0,27,10,,,54|55:66|67:78|79:86|98:88|100:90|91:90|102:98|99:99|100:99|111:100|101:101|102:101|113:112|124:113|114:123|124:123|135:124|125:125|126:125|137;125,113,112,100;82,70,58,46,34,22;65,77,76,88,87,99;115,116,104,105,106,107,119,131,143,155,167,166,165,164,163,162,161,160,159,158,157,156,144;81,69,57,45,33,21,20,19,18,17,16,15,14,13,25,24,36,48,60;137,138,139,140,141,129,117;62,50,51,39,40,41,42,43,55,67,79,91,103,102,114,126,127,128;101,89,90,78,66,54,53,52,64,63,75,74,86,85,97,98,110,111,123;124,136,135,134,122,121,109,108,96,84,72,73,61,49,37,38,26,27,28,29,30,31,32,44,56,68,80,92,93,94,95,83,71,59,47,35,23,11,10,9,8,7,6,5,4,3,2,1,0,12;120,132,133,145,146,147,148,149,150,151,152,153,154,142,130,118
12:14,0,28,9,,,78|90:79|91:89|90:89|101:91|92:100|101:101|113:102|103:103|104:103|115:113|114:115|116:115|127:126|127:138|139:138|150;103,91,90,102,101;153,154,142,130,118,106,94,82,70,58,57,56,55,54,53,52;111,99,100,88,89,77,78,79,80,92,104,116,128,127,139,151,150,149,137,138,126,114,115;135,134,133,121,109,97,85,73,61,49,50,38,26,27,28,29,30,31,32,33,34,35,23;125,113,112;11,10,22,21,20,19,18,17,16,15,14,13,25,37,36,48,60,72,84,96,108,120,132,144,145,146,147,148,136;124,123,122,110,98,86,74,62,63,51,39,40,41,42,43,44,45,46,47,59,71,83,95,107,119,131,143,155,167,166,165,164,163,162,161,160,159,158,157,156;24,12,0,1,2,3,4,5,6,7,8,9;87,75,76,64,65,66,67,68,69,81,93,105,117,129,141,140,152
12:14,0,29,10,,,78|90:86|98:87|99:88|100:89|90:89|101:90|91:91|103:92|104:97|98:97|109:99|111:100|112:101|102:101|113:104|105:104|116:108|109:110|111:120|121:122|123:122|134:123|124:132|133:133|145:134|146:135|136:135|147;104,103,102,90;122,110,98,99,100,101;44,43,42,41,40,39,51,63,62,61,60,72,84,96,108,120,132,144,156,157,158,159,160,161,162;97,85,73,74,75,76,64,52,53,54,55,56,57,45,33,32,31,30,29,28,27,26,38,50,49,48,36,24,12,0,1,2,3,4,5,6,7,8,9,10,11,23,35,47,59,71,83,95,107,119;80,81,82,94,106,118,130,131,143,155,167,166,165,164,163,151;78,79,91,92,93,105,117,116,115,114,113,112,111,123,135,134,133,121,109;125,126,127,128,129,141,142;37,25,13,14,15,16,17,18,19,20,21,22,34,46,58,70,69,68,67,66,65,77,89,88,87,86;124,136,137;145,146,147,148,149,150,138,139,140,152,153,154
12:14,0,30,9,,,17|29:28|29:29|30:41|42:53|54:64|76:65|66:65|77:77|78:89|90:89|101:100|101:101|113:102|114:114|115;29,41,53;44,43,55,67,79,91,103,115,127,126,114,113,112,100,88,87,86,74,62;65,64,52,40,39,38;72,84,96,108,109,110,122,134,135,136,137,138,139,140,128,116,104,92,80,68,56,57,45,33;95,107,119,131,143,155,167,166,165,164,163,162,161,160,159,158,157,156,144,132;101,102,90,78,66,54,42,30,31,32,20,21,22,34,46,58,70,69,81,93,105,117,129,141,153,152,151,150,149,148,147,146,145,133,121,120;154,142,130,118,106,94,82,83,71,59,47,35,23,11,10,9,8,7,19,18,17,16,28,27,26,25,37,49,50,51,63,75,76,77,89;13,14,15;125,124,123,111,99,98,97,85,73,61,60,48,36,24,12,0,1,2,3,4,5,6
