10:12,0,1,8,,17_0B:22_0B:23_0B:27_0B:58_0B:68_0B:93_0B:94_0B:103_0B:104_0B;18,28,38,48,49,59,69,79,89,99,109,119,118,117,107,97,87,77;73,72,82,92;66,56,46,45,35,25,15,5,4,3,2,1,0,10,20,30,40,50,51,61,71,81,91,101,102;62,52,42,41,31,21,11,12,13,14,24,34,44,54,55,65;83,84,85,95,105,115,114,113,112,111,110,100,90,80,70,60;32,33,43,53,63,64,74,75,76,86,96,106,116;108,98,88,78;67,57,47,37,36,26,16,6,7,8,9,19,29,39
10:12,0,2,8,,26_0B:27_0B:37_0B:51_0B:52_0B:67_0B:68_0B:77_0B:78_0B;3,4,5,6,7,8,9,19,29,39,49,59,69,79,89,88,87,86,76,66,56,55,45,44,34,24;92,93,83,84,85,75,65,64,54,53,43,42,41,31,30,20,10,0,1,2,12;23,13,14,15,25,35,36,46,47;108,107,106,105,104,103,102,101,91,81,82,72,73,74;71,61,62,63;16,17,18,28,38,48,58,57;11,21,22,32,33;40,50,60,70,80,90,100,110,111,112,113,114,115,116,117,118,119,109,99,98,97,96,95,94
10:12,0,3,6,,36_0B:37_0B:47_0B:72_0B:77_0B:81_0B:82_0B:86_0B:87_0B;44,54,53;67,57,58,48,38,28,27,26,25,24,23,22,32,31,41,51,61,71;102,103,104,105,106,107,108,109,99,89,79,69,59,49,39,29,19,9,8,7,6,5,4,3,2,1,0,10;18,17,16,15,14,13,12,11,21,20,30,40,50,60,70,80,90,100,110;83,73,63,62,52,42,43,33,34,35,45,46,56,66,76,75,85,95,96,97,98,88,78,68;119,118,117,116,115,114,113,112,111,101,91,92,93,94,84,74,64,65,55
10:12,0,4,8,,32_0B:33_0B:42_0B:43_0B:57_0B:58_0B:68_0B:93_0B:94_0B;19,18,28,27,26,16,6,5,4,14,24,34,44,45,46,47,48,49,59,69,79,89,99,109;74,73,72,71,81,91,101,102,103,104,105,106,116,117;98,88,78,77,67,66,56,55,54,53,52,51,41,31,21,22,23,13,3,2,1,0;96,95,85,84,83,82,92;119,118,108,107,97,87,86,76,75,65,64,63,62,61,60,70,80,90,100,110,111,112,113,114,115;17,7,8,9;29,39,38,37,36,35,25,15;50,40,30,20,10,11,12
10:12,0,5,7,,15_0B:16_0B:66_0B:67_0B:91_0B:95_0B:96_0B:101_0B:105_0B;97,87,86,85,84,74,64,63,62,52,42,32,33,34,35,36;106,107,108,98,88,89,79;72,73,83,93,94,104,114,115,116,117,118,119,109,99;8,9,19,29,39,49,59,69,68,78,77,76,75,65,55,54;23,22,21,31,41,51,61,71,81,82,92,102,103,113;112,111,110,100,90,80,70,60,50,40,30,20,10,11,12,13,14,24,25,26,27,37,47;53,43,44,45,46,56,57,58,48,38,28,18,17,7,6,5,4,3,2,1,0
10:12,0,6,7,,16_0B:17_0B:27_0B:51_0B:61_0B:62_0B:67_0B:76_0B:77_0B;11,21,22,23,24,34,35,45,46,56,66,65,75,74,84,94,93,92,91;64,63,73,83,82,81,80,90,100,101,102,103,104,105;72,71,70,60,50,40,41,42,52,53;108,98,88,78,68,58,48,38,28,18,8,7,6,5,4,3,2,1,0,10,20,30,31,32,33,43,44,54,55;95,96,106,116,115,114,113,112,111,110;9,19,29,39,49,59,69,79,89,99,109,119,118,117,107,97,87,86,85;57,47,37,36,26,25,15,14,13,12
10:12,0,7,6,,11_0B:21_0B:22_0B:27_0B:37_0B:38_0B:67_0B:76_0B:77_0B;93,83,73,74,64,54,55,45,35,25,15,5,6,7,8,9,19,29,39;31,30,20,10,0,1,2,3,4,14,24,34,44,43,53,63,62,72,82,92,102,103,104,105,106,107,108,98;28,18,17,16,26,36,46,47,48,49,59,69,79,78;41,40,50,60,70,80,90,100,110,111,112,113,114,115,116,117,118,119,109,99,89,88,87,97,96,95,94,84;101,91,81,71,61,51,52,42,32,33,23,13,12;68,58,57,56,66,65,75,85,86
10:12,0,8,8,,17_0B:22_0B:27_0B:32_0B:33_0B:74_0B:83_0B:84_0B:107_0B:108_0B;97,98,88,78,68,58,48,38,28,18,8,7,6,5;65,64,63,73;56,66,76,75,85,95,105,104,103,102,101,91,81,71;25,24,23,13,12,2;106,96,86,87,77,67,57,47,37;11,21,31,41,42,43,44,34,35,36,26,16,15,14,4,3;94,93,92,82,72,62,61,60,70,80,90,100,110,111,112,113,114,115,116,117,118,119,109,99,89,79,69,59,49,39,29,19,9;1,0,10,20,30,40,50,51,52,53,54,55,45,46
10:12,0,9,7,,22_0B:23_0B:32_0B:33_0B:56_0B:57_0B:67_0B:72_0B:73_0B:82_0B;53,54,55,45,46,47,48,58,68,78,88,98,108;77,76,86,96,106,116,115,114,113,112,111,110,100,90,80,70,60,50,40,30,20,10,0,1,2,3,4,5,6,7,8,18,28;101,102,103,104,105,95,85,75,65,66;35,34,44,43,42,52,62,63,64,74,84,83;94,93,92,91,81,71,61,51,41,31,21,11,12,13,14,15,16,17,27,37,38;24,25,26,36;87,97,107,117,118,119,109,99,89,79,69,59,49,39,29,19,9
10:12,0,10,8,,11_0B:21_0B:45_0B:55_0B:56_0B:94_0B:95_0B:104_0B:105_0B;65,75,85,86,96,106,107;101,91,81,71,61,51,41,31,32,22,12,13,14,15,16,17,18,28,38,48,58,59,69,79;26,25,24,23,33,43,42,52,62,72,82,92,102,112,111,110,100,90,80,70,60,50,40,30,20,10,0,1,2,3,4,5,6,7,8,9,19,29,39,49;53,63,73,83;119,118,108,98,97,87,77,76,66;109,99,89,88,78,68,67,57,47,46;27,37,36,35,34,44,54,64,74,84;93,103,113,114,115,116,117
11:13,0,11,9,,14_0B:15_0B:18_0B:29_0B:30_0B:112_0B:113_0B:116_0B:117_0B:128_0B;22,11,0,1,2,3,4,5,16,27,26,37,48,59,70,69,80,91,92;25,24,35,46,45,56,67,78,89,100,111,122;13,12,23,34,33,44,55,66,77,88,99,110,121,132,133,134,135,136,137;65,76,87,98,109;50,61,72,83,94,93,104,115,126,127,138,139,140,141,142,131,120,119,108,97,86,75,64;130,129,118,107,96,85,74,63,52,53,54,43,32,21,10,9;8,19,20,31,42,41,40,51,62,73,84,95,106,105;123,124,125,114,103,102,101,90,79,68,57,58,47,36;7,6,17,28,39,38,49,60,71,82,81
11:13,0,12,7,,16_0B:17_0B:27_0B:28_0B:34_0B:35_0B:45_0B:46_0B:103_0B:114_0B;6,5,4,3,2,1,0,11,22,23,24,25,36,47,48,49,60,71,82,83,94,105,106,107,118;12,13,14,15,26,37,38,39,50,61,72;68,79,90,101,112;19,30,41,52,63,74,85,96,97,108,119,130,129,128,127,126,125,124,113,102,91,80,69;76,65,54,43,32,21,10,9,8,7,18,29,40,51,62,73,84,95;33,44,55,66,77,88,99,110,121,132,133,134,135,136,137,138,139,140,141,142,131,120,109,98,87,86,75,64,53,42,31,20;123,122,111,100,89,78,67,56,57,58,59,70,81,92,93,104,115,116,117
11:13,0,13,6,,19_0B:20_0B:31_0B:95_0B:96_0B:100_0B:101_0B:107_0B:111_0B:112_0B;99,110,121,132,133,134,135,136,125,114,103,92,81,70,59,60;48,49,50,61,72,71,82,93,104,115,126,137,138,139,140,141,142,131,120,109,98,87,76,65,54,43,32,21,10,9,8,7,6,5,4,3,2,1,0,11,22,33,44,55,66,77,88,89;116,127,128,129,130,119,108,97,86,75,64,53,42;73,62,51,40,39,28,27,26,25,24,35,46,57,68,79,90;78,67,56,45,34,23,12,13,14,15,16,17,18,29,30,41,52,63,74,85,84,83,94,105,106,117,118;122,123,124,113,102,91,80,69,58,47,36,37,38
11:13,0,14,8,,19_0B:20_0B:68_0B:69_0B:79_0B:80_0B:83_0B:84_0B:94_0B;47,36,37,38,39,40,41,42,43,32,21,10,9,8,7,6,5,4,3,2,1,0,11,22,33,44,55,66,77,88,99,110,121,132,133,134,135;105,116,115,114,125,136;28,27,26,25,24,35,46,57,58,59,70,81,92,91,90,101,112;96,107,118;48,49,60,61,62,63,64,75;31,30,29,18,17,16,15,14,13,12,23,34,45,56,67,78,89,100,111,122,123,124,113,102,103,104,93,82,71,72,73,74,85,86,97,108,119,130,129,128,127,126,137;95,106,117;138,139,140,141,142,131,120,109,98,87,76,65,54,53,52,51,50
11:13,0,15,9,,24_0B:35_0B:79_0B:84_0B:85_0B:89_0B:90_0B:96_0B:125_0B:126_0B;59,58,57,56,55,66,77,88,99,100,111,122,123,124,113,114,103,92;115,116,117,106,95,94,83,72,73,62,51,40;25,14,13,12,23,34;105,104,93,82,81,80,91;139,140,141,142,131,120,109,98,87,76,65,54,43,32,21,10,9,8,7,6,5,4,3,2,1,0,11,22,33,44,45,46,47,48,49,38,27,28,29,30,41,52,63,74;39,50,61,60,71,70,69,68,67,78;110,121,132,133,134,135,136,137,138,127,128,129,118,107;36,37,26,15,16,17,18,19,20,31,42,53,64,75,86,97,108,119,130;102,101,112
11:13,0,16,8,,36_0B:37_0B:47_0B:48_0B:113_0B:114_0B:124_0B:129_0B:130_0B;38,39,40,41,52,63,74,85,96,107;104,93,94,95,106,117,128,139,140,141,142,131,120,109,98,87,76,65,54,43,32,21,10,9,8,7,6,5,4,3,2,1,0,11,22,33,44,55,66;61,72,71,70,69,80,79;34,23,12,13,14,15,16,17,18,19,20,31,42,53,64,75,86,97,108,119,118;91,90,89,100,111,122,123,134,135,136,125,126,115,116,105;133,132,121,110,99,88,77,78,67,56,45,46,35,24,25,26,27,28,29,30;137,138,127;68,57,58,59,60,49,50,51,62,73,84,83,82,81,92,103,102,101,112
11:13,0,17,9,,19_0B:20_0B:30_0B:31_0B:70_0B:71_0B:81_0B:86_0B:97_0B;62,73,84,95,94,105,104,103,102,101,90,79,68,57,46,35,24,25;130,119,108;5,6,17,18,29,40,41;36,47,58,69,80,91,92,93,82,83,72,61,60,49,38;7,8,9,10,21,32,43,54,65,76,87,98,109,120,131,142,141,140,139,138,137,136,135,134,123,122,111,100,89,78,67,56,45,34,23,12,13,14;112,113,124,125,126,127,128,129,118;114,115,116,117,106,107,96,85,74,63,52,51,50,39,28,27,16,15,4,3,2,1,0,11,22,33,44,55,66,77,88,99,110,121,132,133;42,53,64,75;26,37,48,59
11:13,0,18,9,,16_0B:27_0B:28_0B:57_0B:58_0B:61_0B:72_0B:124_0B:125_0B;70,69,68,79,90,101,102,103,104,105,106,95,84,73,62,51,50,49,38,37,26,15,4,5,6,7;83,94,93,92,91;20,31,30,29,40,39;13,24,35,46,45,56,67;17,18,19,8,9,10,21,32,43,54,65,76,87,98,109,120,131,142,141,140,139,138,137,136,135,134,133,132,121,110,99,88,77,66,55,44,33,34,23,12;122,111,100,89,78;116,117,118,107,96,85,74,63,52;123,112,113,114,115,126,127,128,129,130,119,108,97,86,75,64,53,42,41;80,81,82,71,60,59,48,47,36,25,14,3,2,1,0,11,22
11:13,0,19,8,,52_0B:53_0B:63_0B:68_0B:79_0B:80_0B:107_0B:118_0B;108,119,130,129,128,117,106;59,60,61,50,39,38,37,26,25,24,23,22,33,44,55,66,77,88,99,110,121,132,133,134,135,136,137,138,139,140,141,142,131,120,109,98,97,96,95;102,103,104,93,82,71,72;49,48,47,36,35,34,45,56,67,78,89,100,111,122,123,124,125,126,127;17,18,19,20,31,42,41,40,51,62,73,74,75,64;46,57,58;12,13,14,15,16,27,28,29,30;69,70,81,92,91,90,101,112,113,114,115,116,105,94,83,84,85,86,87,76,65,54,43,32,21,10,9,8,7,6,5,4,3,2,1,0,11
11:13,0,20,8,,15_0B:25_0B:26_0B:104_0B:105_0B:111_0B:122_0B:123_0B;2,1,0,11,22,33,44,55,66,77,88,89,90,91,80,69,68,57;112,113,114,115,116;54,43,32,21,10,9,8,7,6,5,4,3,14,13,12,23,34,45,56,67,78,79;119,108,97,86,75,74,63,52,41,30,29,28,39,50,49,48;24,35,46,47,58,59,60,71,82,93,94,95,106,117,128,127,126,125,124;36,37,38,27,16,17,18,19,20,31,42,53,64,65,76,87,98,109,120,131,142,141,140,139,138,137,136,135,134,133,132,121,110,99,100,101,102,103,92,81,70;73,62,51,40;61,72,83,84,85,96,107,118,129,130
12:14,0,21,7,,21_0B:32_0B:33_0B:79_0B:80_0B:91_0B:99_0B:100_0B:111_0B:112_0B;70,71,59,47,35,23,11,10,9,8,20,19,31,30,29,28,27,26,38,50,62,74,86,98,110,122,123,124,125,126;129,117,105,104,103,102,90,78,77,76,64,52,40,41,42,43,44,45,46,34,22;92,93,94,106,118,130,142,154,153,152,151,150,149,148,147,146,145,133,121,109,97,85,73,61,49,37,25,13,14,15,16,17,18,6,7;65,53,54,55,56,57,58;5,4,3,2,1,0,12,24,36,48,60,72,84,96,108,120,132,144,156,157,158,159,160,161,162,163,164,165,166,167,155,143,131,119,107,95,83,82,81,69,68,67,66;39,51,63,75,87,88,89,101,113,114,115,127,139,138,137,136,135,134;141,140,128,116
12:14,0,22,8,,19_0B:20_0B:32_0B:51_0B:52_0B:63_0B:64_0B:125_0B:137_0B:138_0B;57,69,81,93,105,117,129,141,140,139;147,135,134,122,110,98,86,87,88,89,77,65,53;76,75,74,62,50,38,26,27;112,113,114,126,127,128,116,104,92,80,68,56,44,45,33,21,9,8,7,6;18,30,31,43,55,67,79,91,103,115;11,10,22,34,46,58,70,82,94,106,118,130,142,154,153,152,151,150,149,148,136,124,123,111,99,100,101;39,40,28,16,15,14,13,25,37,49,61,73,85,97,109,121,133,145,146,158,159,160,161,162,163,164,165,166,167,155,143,131,119,107,95,83,71,59,47,35,23;102,90,78,66,54,42,41,29,17,5,4,3,2,1,0,12,24,36,48,60,72,84,96,108,120,132,144,156,157
12:14,0,23,10,,33_0B:34_0B:45_0B:46_0B:113_0B:114_0B:125_0B:126_0B;127,128,129,130,131,119,107,95,83,82,81,93;145,133,134;58,57,56,55,54,42,30,29,28,27,26,38,50,51,63,75,87,99,100,101,102;22,21,20,32;77,78,79,80,92,104,105;158,146,147,135,123,122,121,109,97,85,73,72,60,48,36,24,12,0,1,2,3,4,5,6,7,8,9,10,11,23,35,47,59,71,70,69,68,67,66,65,53,41,40,39;44,43,31,19,18,17,16,15,14,13,25,37,49,61,62,74,86,98,110,111,112,124,136,137,138,139,140,141,142,143,155,167,166,165,164,163,162,161;84,96,108,120,132,144,156,157;52,64,76,88,89,90,91,103,115,116,117,118,106,94;159,160,148,149,150,151,152,153,154
12:14,0,24,11,,27_0B:28_0B:39_0B:40_0B:98_0B:99_0B:110_0B:139_0B:140_0B:152_0B;167,166,154,142,130,118,106,94,82,81,80,79,78,77,89,101,102,103,104,116,128;45,57,56,55,54,66,65,64,76,88,100,112,111;20,21,22,23,35,47,59,71,83,95,107,119,131,143,155;63,62,74;162,161,160,159,158,157;75,87,86,85,73,61,49,37,25,13,14,15,16,17,29,30,31,19,7,8,9,10,11;90,91,92,93,105,117,129,141,153,165,164,163,151,150,149,148,147,146,145,144,156;67,68,69,70,58,46,34,33,32,44,43,42,41,53;115,114,113,125,124,123,122,121,109,97,96,84,72,60,48,36,24,12,0,1,2,3,4,5,6,18;52,51,50,38,26;127,126,138,137,136,135,134,133,132,120,108
12:14,0,25,10,,21_0B:32_0B:33_0B:51_0B:63_0B:64_0B:127_0B:128_0B:139_0B;14,26,27,28,29,41,42,54,55,67,79,91,103,102,101,100,112,111,110,98,86,85,73,61,60,48,36,24;72,84,96,108,120,132,144,156,157,158,159,160,161,162,163,164,165,166,167,155,143,131,119,107,95,83,71,70,69,81,93,105,117,129,141,140;66,78,90,89;20,19,18,17,16,15;113,125,124,123;22,34,46,45,44,43,31,30;97,109,121,122,134,135,136,137,138,126,114,115,116,104,92,80,68,56,57,58,59,47,35,23,11,10,9,8,7,6,5,4,3,2,1,0,12;133,145,146,147,148,149,150,151,152,153,154,142,130,118,106,94,82;38,39,40,52,53,65,77,76,88,87,99;13,25,37,49,50,62,74,75
12:14,0,26,9,,15_0B:16_0B:27_0B:97_0B:98_0B:117_0B:118_0B:129_0B:130_0B;142,141,140;52,53,41,42,43,44,45,46,47,59,71,83,95;112,113,101,102,90,78;100,88,89,77,65,66,54,55,56,57,58,70,82,94;121,133,145,146,147,148,149,150,151,152,153,154;80,92,104,116,128,127,139,138,137,136,135,134,122,110,109,108,96,84,72,60,48,36,24,12,0;120,132,144,156,157,158,159,160,161,162,163,164,165,166,167,155,143,131,119,107,106,105,93,81,69,68,67,79,91,103,115,114,126,125,124,123,111,99,87,86,85,73,61,49,37,25,13,1;64,76,75,74,62,50,38,26,14,2,3,4,5,17,18,19,20,21,22;6,7,8,9,10,11,23,35,34,33,32,31,30,29,28,40,39,51,63
12:14,0,27,8,,17_0B:18_0B:63_0B:64_0B:69_0B:70_0B:81_0B:97_0B:109_0B:110_0B;25,37,49,61,73,85,86,87,88,100,101;54,55,67,68,80,92,104,116,128,140,139,138,137,136,135;121,133,145,157,158,159,160,161,162,163,164,165,166,167,155,143,131,119;23,11,10,9,8;57,56,44,43,42,41,40,28,16,4,5,6,7,19,20,21,22,34,35,47;13,14,26,38,50,62,74,75,76,77,89,90,102,114,113,112,111,99,98;29,30,31,32,33,45,46,58,59,71,83,82,94,93,105,117,129,141;95,107,106,118,130,142,154,153,152,151,150,149,148,147,146,134,122,123,124,125,126,127,115,103,91,79,78,66,65,53,52,51,39,27,15,3,2,1,0,12,24,36,48,60,72,84,96,108,120,132,144,156
12:14,0,28,9,,51_0B:52_0B:56_0B:64_0B:68_0B:105_0B:117_0B:121_0B:122_0B:133_0B;39,40,41,53,65,77,76,88,100,112,124,136,148,147,146,145;127,115,116,104,92,93;98,99,87,75,63;44,43,55,67,66,78,90,89,101,113,125,137,149,150,151,152,153,154,155,143;54,42,30,31,32,33,45,57,69,81,80,79,91,103,102,114,126,138,139,140,128,129;134,135,123,111,110,109,97,85,86,74,62,50,38,26,27,28,29,17,18;118,106,94,82,70,58,46,34,22,21,20,19,7,6,5,4,3,2,1,0,12,24,36,48,60;141,142,130,131,119,107,95,83,71,59,47,35,23,11,10,9,8;167,166,165,164,163,162,161,160,159,158,157,156,144,132,120,108,96,84,72,73,61,49,37,25,13,14,15,16
12:14,0,29,9,,13_0B:14_0B:25_0B:26_0B:68_0B:69_0B:81_0B:136_0B:137_0B;128,116,104,103,91,90;126,138,150,149,148,160;102,101,100,88,76,64,65,53,41,29,17,16,15,27,39,38,37,49,61,73,85,97,109,121,133,145,146;28,40,52,51,50,62,74,86,98,110,122,134;18,19,20,21,22,23,35,47,59,71,83,95,107,119,131,143,155,167,166,165,164,163,162,161;89,77,78,66,54,42,30,31;63,75,87,99,111,112,113,114,115,127,139,151,152,153,154,142,130,118,106,94,82,70,58,46,34,33,32,44,43;45,57,56,55,67,79,80,92,93,105,117,129,141,140;11,10,9,8,7,6,5,4,3,2,1,0,12,24,36,48,60,72,84,96,108,120,132,144,156,157,158,159,147,135,123,124,125
12:14,0,30,9,,28_0B:29_0B:40_0B:88_0B:100_0B:106_0B:117_0B:118_0B:150_0B:151_0B;4,3,2,1,0,12,24,36,48,60,72,84,96,108,120,132,144,156,157,158,159,160,161,162,163,164,152,140,139,138,126,114,102,90,78,79,67,68,56,44;145,146,147,148,149,137,125,113,101,89,77,76,75;98,110,122,123,124,136;27,39,51,63;130,142,154,155,167;143,131,119,107,95,83,71,59,47,35,23,11,10,9,8,7,6,5,17,16,15,14,13,25,37,49,61,73,85,97,109,121,133,134,135;127,115,103,91,92,80,81,69,57,45,33,32,31,43,55,54,66,65,64,52;53,41,42,30,18,19,20,21,22,34,46,58,70,82,94,93,105,104,116,128,129,141,153,165,166;26,38,50,62,74,86,87,99,111,112
