11+B,0,1,8,,0:1:2:3:6:7:10:11:12:22:32:33:43:44:54:55:65:76:77:87:88:89:99:100:102:103:110:111:112:113:114:115:116:117:120;109,98,97,96,95,94,83,72,61,50,39,28,27,26,15,14,13,24,23,34,45,56,57,68;21,20,9,8;19,30,31,42,53,64,75,86,85,84,73,62,51;4,5,16,17,18,29,40,41,52,63,74;66,67,78,79,80,69,58,47,46,35;101,90,91,92,81,70,59,48;107,106,105,104,93,82,71,60,49,38,37,36,25;118,119,108
10:12+B,0,2,8,,0:1:2:4:5:6:7:8:9:10:11:12:16:19:49:59:69:79:89:90:100:102:103:110:111:112:113:114:115:116:118:119;39,29,28;18,17,27,26,25,15,14,13,3;101,91,92,93,94,104,105,106;24,23,33,43,53,54,55;117,107,108;38,48,58,68,78,88,87,86,76,75,74,73,72,71,61,51,41,31;109,99,98,97,96,95,85,84,83,82,81,80,70,60,50,40,30,20,21,22,32,42,52,62,63,64,65,66,56,46,45,44;34,35,36,37,47,57,67,77
11+B,0,3,8,,0:1:2:3:5:6:7:8:9:10:11:12:13:14:17:22:23:33:44:55:65:77:87:88:99:100:110:111:112:113:114;4,15,26,25,24,35,34,45,56,67,66;95,96,97,98,109,120,119,118,117,116,115,104,103,102,101,90,89,78;79,68,57,46,47,36,37,38,27,16;58,69,80,91,92,93,94,105,106,107,108;71,60,61,62,51,40,29,18,19,20,21,32,43,42;52,41,30,31;72,73,74,63,64,53,54;28,39,50,49,48,59,70,81,82,83,84,85,86,75,76
11:12+B,0,4,9,,0:1:2:3:5:6:7:9:11:12:13:14:17:22:23:33:44:55:66:76:77:99:100:110:111:112:113:114:115:116:121:122:123:124:125:126:127:129:130:131;72,73,74,75,86,87;39,50,49,48,59,58,69,80,91,102,103,104,105,106,107,108;85,84,83,82,71,60,61,62,63,64,65,54,43,32,21,10;4,15,16,27,28,29,18,19,8;20,31,30,41;38,37,36,47,46,57,68,79,90,101;26,25,24,35,34,45,56,67,78,89,88;40,51,52,53,42;70,81,92,93,94,95,96,97,98,109,120,119,118,117,128
11:12+B,0,5,7,,0:1:2:3:4:5:6:8:10:11:12:13:14:22:23:33:34:44:55:66:77:99:100:110:111:112:113:114:116:121:122:123:124:125:126:127:130:131;73,84,95,94,93,92,103,102,101,90,79,68,69,70,71,60,49,50,39,28,17,16,15,26,25,24,35,46,45;88,89,78,67,56,57,58,47,36;7,18,19,30,31,42,53,64,75,86,97,108;115,104,105,106,117,128,129;91,80,81,82,83,72,61,62,51,40,29;27,38,37,48,59;41,52,63,74,85,96,107,118,119,120,109,98,87,76,65,54,43,32,21,20,9
11:12+B,0,6,8,,0:1:2:3:4:5:6:7:10:11:12:13:14:15:22:23:33:44:55:99:100:101:110:111:112:113:114:115:121:122:123:124:125:126:130:131;46,47,48,49,50,61,72,73,74,63,52,53,54,65,76,87,98,109,120,119;19,18,17,16,27,26,25,24,35,34,45,56,67,66,77,88,89,90,91,102,103,104,105;62,51,40,41,42,43,32,21;36,37,38,39,28,29,30,31,20,9,8;78,79,68,69,70;116,117,106,95,94,93,92,81,80;57,58,59,60,71,82,83,84,85,96;127,128,129,118,107,108,97,86,75,64
12:13+B,0,7,9,,0:1:2:3:4:5:6:7:11:12:13:14:16:17:24:25:26:36:37:48:49:60:61:72:84:108:109:111:112:120:121:122:123:124:125:126:130:131:132:133:134:135:136:137:138:142:143:144:145:146:147:148:149:150:152:153:154:155;110,98,99,100,88,76,64,65;140,141,129,117,118,119,107,95,83;15,27,28,29,30,18,19,20,8,9,10,22,23,35,47,59,71;96,97,85,73,74,62,50,38,39,40,41,42,54,66,78,90,102;77,89,101,113,114,115,103,91,92,93,81,69,68,56;86,87,75,63,51,52,53;21,33,32,31,43,55,67,79,80;34,46,58,70,82,94,106,105,104,116,128,127,139,151;57,45,44
12:13+B,0,8,8,,0:1:2:4:5:6:7:8:11:12:13:14:24:25:26:36:37:48:49:60:72:84:109:111:112:119:120:121:122:123:124:125:126:130:131:132:133:134:135:136:137:138:141:142:143:144:145:146:147:148:149:150:152:153:154:155;151,139,140,128,129,117,105,93,94,82,70,69,57,56,55,43,42;127,115,103,102,90,89,88,76,75,74;50,38,39,27,15,3;110,98,97,96,108;23,22,10,9;81,80,68,67,66,54,53,41,29,30,31,32,44,45,46,58,59,71,83,95,107,106,118;51,63,62,61,73,85,86,87,99,100,101,113,114;116,104,92,91,79,78,77,65,64,52,40,28,16,17,18,19,20,21,33,34,35,47
12+B,0,9,9,,0:1:2:4:5:6:7:8:12:13:14:24:25:26:36:37:48:49:60:61:72:107:112:119:120:121:122:123:124:125:126:130:131:132:133:134:135:136:137:138:142:143;3,15,27,28,29,30,31,32,33,34,22;84,96,97,98,86,87,75,63,64,65,77,89,101,113;68,67,66,78,90,102,114,115,127,139;85,73,74,62;38,50,51,52,53,54,55,56,57,69,81,80,79,91,103,104,116,128;76,88,100,99,111,110,109,108;39,40,41,42,43,44,45,46,58,70,82,94,106,118,117,129,141,140;95,83,71,59,47,35,23,11,10,9,21,20,19,18,17,16;105,93,92
12:13+B,0,10,9,,0:1:2:3:4:5:6:7:8:9:11:12:13:14:16:17:18:19:24:25:26:36:37:48:49:60:72:73:84:85:119:120:122:123:131:132:133:134:135:136:137:142:143:144:145:146:147:148:149:150:154:155;20,21,33,34,46,58,70,82,94,93,105,117,116;140,128,127,115,114,113,101,100,99,87;80,68,56,55,43,42,41,40,39,38,50;10,22,23,35,47,59,71,83,95,107,106,118,130,129,141,153,152,151,139,138,126,125,124,112,111,110;96,108,109,121;67,66,54,53,52,51,63,62,61;15,27,28,29,30,31,32,44,45,57,69,81;97,98,86,74,75,76,88,89,90,102,103,104,92;91,79,78,77,65,64
12:13+B,0,11,8,,0:1:2:3:4:5:6:7:8:9:12:13:14:15:18:19:24:25:26:36:37:48:49:60:61:72:73:84:119:120:121:123:131:132:133:134:135:136:137:138:143:144:145:146:147:148:149:150:151:155;78,79,91,103,115,114,113,101,100,88,87,86,85,97,96,108;128,116,104,92,80,81,69,57,56,55,54,53;122,110,109;10,11,23,35,47,59,71,83,95,107,106,118,130,142,154,153,152,140,139,127,126,125,124,112,111,99,98;38,50,62,74,75,76,77,89,90,102;68,67,66,65,64,52,40,41,42,43,44,45,33;63,51,39,27,28,16,17;29,30,31,32,20,21,22,34,46,58,70,82,94,93,105,117,129,141
11:14+B,0,12,9,,0:1:2:4:5:6:7:10:11:12:13:16:17:22:23:44:55:109:112:120:121:122:123:124:125:126:131:132:133:134:135:136:137:138:141:142:143:144:145:146:147:148:149:151:152:153;57,46,35,24;127,128,117,118,107,96,85,86,75,64,53,42,31,30,19,18;106,95,84,83;3,14,25,36,37,38,39,50,51,62;8,9,20,21,32,43,54,65,76,87,98,97,108,119,130,129,140,139,150;104,103,92,91,90,89,88,99;59,70,81,80,79,78,77,66;110,111,100,101,102,113,114,115,116,105,94,93,82,71;33,34,45,56,67,68,69,58,47,48,49,60,61,72,73,74,63,52,41,40,29,28,27,26,15
12:13+B,0,13,8,,0:1:2:3:6:7:10:11:12:13:14:15:24:25:26:27:36:48:60:61:72:84:96:119:120:121:122:131:132:133:134:135:136:137:138:143:144:145:146:147:148:149:150:151:154:155;5,4,16,28,40,39,38,37,49;108,109,97,85,86,87,75,63,64,65,66,54,42,30,31,32,33,21,22,23,35,47,59,71,83,95,107;112,113,114,102,103,104,105,93,81,69,57,45,44,43,55,67,79,78,77,76,88;152,153,141,142,130,118,106,94,82,70,58,46,34;9,8,20,19,18,17,29,41,53,52,51,50,62,74,73;99,100,101,89,90,91,92,80,68,56;139,140,128,129;98,110,111,123,124,125,126,127,115,116,117
12:13+B,0,14,8,,0:1:2:3:7:11:12:13:14:15:24:25:26:27:36:48:60:72:84:107:119:120:121:122:123:131:132:133:134:135:136:138:139:144:145:146:147:148:149:150:151:152:154:155;153,141,140,128,127,126,114,113,101,100,99,98,97,85,73,61,49,37;137,125,124,112,111,110,109,108,96;6,5,4,16;41,42,43,55,56,57,69,81,93,94,95,83,71,59,47,35,23,22,10,9,8;45,44,32,31,30;102,90,89,88,87,86,74,62,50,38,39,40,28,29,17,18,19,20,21,33,34,46,58,70,82;118,106,105,104,92,80,68,67,66,65,64;143,142,130,129,117,116,115,103,91,79,78,77,76,75,63,51,52,53,54
11:14+B,0,15,8,,0:1:2:3:6:7:10:11:12:18:22:23:32:33:34:35:44:109:120:121:122:123:131:132:133:134:135:136:138:142:143:144:145:146:147:148:149:151:152:153;13,14,15,26,37,48,49,60,71,82,83,94,95,96,107,118,129,128,127,116,115,114,103,102,91,90,89,88,99,110,111;137,126,125,124,113,112,101,100;17,28,29,40,51,62,63,74;69,68,67;21,20,31,42,43,54,65,76,87,98,97,108,119,130,141,140,139,150;57,58,59,70,81,92,93,104,105,106,117;80,79,78,77,66,55,56,45,46,47,36,25,24;9,8,19,30,41,52,53,64,75,86,85,84,73,72,61,50,39,38,27,16,5,4
12:14+B,0,16,8,,0:1:2:3:7:8:11:12:13:14:15:23:24:25:26:35:36:37:48:72:84:96:108:119:120:122:131:132:133:134:142:143:144:145:146:147:148:149:150:154:155:156:157:158:159:160:161:162:163:165:166:167;69,81,80,79,91,90,102,101,100,99;118,130,129,128,127,126,125;62,63,51,52,40,41,42,43;103,104,92,93,94,82,70,58,57,45,33,21,20,19,18,6,5,4,16,28,27,39,38,50,49,61,60;17,29,30,31,32,44,56,68,67,66,78,77,89,88,87,86,98,110,111,123,135,136,137,138,139,140,141,153;9,10,22,34,46,47,59,71,83,95,107,106,105,117,116,115,114,113,112,124;55,54,53,65,64,76,75,74,73,85,97,109,121;151,152,164
11:15+B,0,17,9,,0:1:2:3:4:6:7:8:10:11:12:13:14:18:21:22:23:32:33:34:43:44:45:54:120:131:132:133:142:143:144:145:146:147:148:152:153:154:155:156:157:158:159:160:162:163:164;15,16,5;41,52,63,74,75,86,97,96,95,106,117,128,139,138,149;17,28,27,26,25,24,35,46,57,56,55,66,77,88,89,90,91;68,69,70,71,82,93,104,115,114,125;141,130,119;67,78,79,80,81,92,103,102,101,100,99,110,121,122,123,134,135,136,137,126,127,116,105,94,83,72,61,60,59,58,47,36,37,38,39,40,29,30,19;85,84,73,62,51,50,49,48;124,113,112,111;161,150,151,140,129,118,107,108,109,98,87,76,65,64,53,42,31,20,9
12:14+B,0,18,9,,0:1:2:3:4:5:7:8:10:11:12:13:14:15:16:23:24:25:26:35:36:37:48:49:60:84:96:108:119:120:131:132:133:144:145:146:149:154:155:156:157:158:159:160:161:162:166:167;147,135,123,124,125,113,114,102,103,104,92,80,81,69,57,45,46,47,59,71,83,95,107,106,118,130,129,128,140,152,151,150;72,73,61,62,50,51,52,40,41,42,30,31,19,20,21,9;134,122,121,109,97,85,86,74,75,63,64,65,53;58,70,82,94,93,105,117,116,115,127,139;56,68,67,79,91,90,89,101,100,112,111;6,18,17,29,28,27,39,38;163,164,165,153,141,142,143;110,98,99,87,88,76,77,78,66,54,55,43,44,32,33,34,22;148,136,137,138,126
12:14+B,0,19,9,,0:1:2:3:4:7:8:9:10:11:12:13:14:22:23:24:25:35:36:37:48:72:96:108:120:131:132:143:144:145:146:147:148:149:150:154:155:156:157:158:159:160:161:162:166:167;133,121,109,97,98,99,100,101,102,103,91,92,80;30,31,32,44,45;66,65,77,89,88,87,86,85,84;93,81,69,68,67,79,78,90;28,40,39,51,63,62,74,73;5,6,18,19,20,21,33,34,46,47,59,71,83,95,107,119,118,130,142,141,153,165,164,163,151;123,124,125,126,127,128,129,117,105,106,94,82,70,58,57,56,55,43,42,41,29,17,16,15,27,26,38,50,49,61,60;54,53,52,64,76,75;152,140,139,138,137,136,135,134,122,110,111,112,113,114,115,116,104
12:15+B,0,20,9,,0:1:2:3:7:8:9:10:11:12:13:14:22:23:24:25:26:35:36:37:48:60:84:96:120:131:143:144:145:146:147:148:149:150:154:155:156:157:158:159:160:161:162:166:167:168:169:170:171:172:173:174:175:177:178:179;76,75,87,99,98,110,122,121,133,132;80,79,67,66,54,53,52,51;153,152,151,163;28,40,41,42,43,55,56,68,69,81,93,92,91,103,102,101;134,135,136,137,138,139,140,141,142,130,118,119,107,95,83,71,59,47,46,34,33,21,20,19,18,6,5,4,16,15,27,39,38,50,49,61,73,72;77,65,64,63,62,74,86,85,97,109,108;111,123,124,125,126,127,128,129,117,105,106,94,82,70,58,57,45,44,32,31,30,29,17;165,164,176;78,90,89,88,100,112,113,114,115,116,104
12:15+B,0,21,9,,0:1:2:4:8:9:10:11:12:13:14:22:23:24:25:34:35:36:37:48:49:72:84:96:108:120:121:132:143:144:145:147:149:150:155:156:157:158:159:160:161:162:166:167:168:169:170:171:172:173:174:175:178:179;3,15,16,17,5,6,7,19,20,21,33,45,46,47,59,71,83,95,107,119,131,130,142,154,153,165;31,32,44,56,57,58,70,82,94,106,118;60,61,73,85,97,109,110,122,123,135,136,148;54,53,52,64,76,77,89,90,102;177,176,164,152,140,128,127,115,103,91;133,134,146;141,129,117,105,93,81,69,68,67,55,43,42,41,40,39,51,63,75,87,88,100,101,113,114,126,138,139,151,163;65,66,78,79,80,92,104,116;18,30,29,28,27,26,38,50,62,74,86,98,99,111,112,124,125,137
12:16+B,0,22,9,,0:1:2:4:10:11:12:13:14:22:23:24:25:26:35:36:37:47:48:49:60:84:108:120:121:132:143:144:145:148:149:150:151:154:155:156:157:158:159:160:161:162:166:167:168:169:170:171:172:173:174:178:179:180:181:182:183:184:185:186:187:188:190:191;72,73,61,62,50,38,39,40,41,42,54,66,67,79,91,92;109,110,98,86,74,75,63,51,52,53,65,77,78,90,102,103,104,105,93,81,80,68,56,55,43,31;133,134,122,123,111,99,87,88,76,64;96,97,85;146,147,135,136,124,112,100,101,89;165,153,141,142;189,177,176;16,17,5,6,7,8,9,21,33,34,46,58,59,71,83,95,107,119,131,130,129,128,127,126;3,15,27,28,29,30,18,19,20,32,44,45,57,69,70,82,94,106,118,117,116,115,114,113,125,137,138,139,140,152,164,163,175
12:15+B,0,23,9,,0:1:2:3:10:11:12:13:14:15:22:23:24:25:34:35:36:37:48:49:59:60:61:72:84:108:120:143:144:148:149:154:155:156:157:159:160:161:162:166:167:168:169:170:171:172:173:174:178:179;147,135,134;93,105,104,116,115,127,139;90,78,79,67,55,43,44,45,57,69,81,82,94,106,118,117,129,128,140,152,164;56,68,80,92,91,103,102,114,126,125;110,98,86,87,75,63,51,39,40,41,29,17,18,19,20;132,133,145,146,158;165,177,176,175,163,151,150,138,137,136,124,112,113,101,89,77,65,66,54,42,30,31,32,33,21,9,8,7,6,5,4,16,28,27,26,38,50,62,74,73,85,97,96;109,121,122,123,111,99,100,88,76,64,52,53;47,46,58,70,71,83,95,107,119,131,130,142,141,153
12:16+B,0,24,9,,0:1:2:3:4:11:12:13:14:15:22:23:24:25:26:35:36:37:47:48:60:72:73:84:96:120:132:142:143:144:148:149:155:156:157:158:160:161:162:166:167:168:169:170:171:172:173:174:178:179:180:181:182:183:184:185:186:189:190:191;108,109,97,85,86,74,62,63,51,52,40,41,29,17,5,6,7,8,20,32,31,43,55;79,80,81,93,105,104,103,115,114,126,138,137,136,135,134;187,175,163,164,152,140,141,129,130,131,119,107,95,83,71,59,58,46,34,33,21,9,10;61,49,50,38,39,27,28,16;111,123,124,125,113,101,102,90,91,92;112,100,88,89,77,78,66,67,68,56,44,45;159,147,146,145,133,121,122,110,98,99,87,75,76,64,65,53,54,42,30,18,19;150,151,139,127,128,116,117,118,106,94,82,70,69,57;188,176,177,165,153,154
12:16+B,0,25,10,,0:1:2:3:4:5:10:11:12:13:14:15:22:23:24:25:35:36:37:47:48:60:72:84:108:120:132:144:149:154:155:156:157:158:160:161:162:166:167:168:169:170:171:172:173:174:178:179:180:181:182:183:184:185:186:189:190:191;79,80,81,93;148,136,135,134,122;159,147,146,145,133,121,109,110,98,86,87,75,76,77,78;177,165,153,141,142,143,131,119,107,95,83,71,59,58,46,34,33,32,44,43,42,54,53,52;21,9,8,7,6,18,17,16,28,27,26,38,50,49,61;117,105,104,92,91,90,89,88,100,99,111,123,124,125,137,138,150,151,163,175;96,97,85,73,74,62,63,64,65,66,67,68,69,70,82,94,106,118,130,129,128,116,115,103,102,101;20,19,31,30,29,41,40,39,51;45,57,56,55;112,113,114,126,127,139,140,152,164,176,188,187
12:16+B,0,26,10,,0:1:2:3:4:5:9:10:11:12:13:14:16:21:22:23:24:25:34:35:36:47:48:60:84:96:108:109:120:132:144:149:155:156:158:160:161:167:168:169:170:171:172:173:174:178:179:180:181:182:183:184:185:186:190:191;78,90,89,101,113,125,137,138,150,162,163,175,187,188,189,177,165,153,141,140,128,116,115,103;159,147,148,136,124,112,100,88,76,77,65,66,54,55,43,31,19;67,79,91,92,104,105,117,129,130;15,27,26,38,37,49,61,73,72;176,164,152,151,139,127,126,114,102;33,45,57,69,70,82,83,95,107;85,97,98,110,122,121,133;157,145,146,134,135,123,111,99,87,86,74,62,50,51,39,40,28,29,17;166,154,142,143,131,119,118,106,94,93,81,80,68,56,44,32,20,8,7,6,18,30,42,41,53,52,64,63,75;71,59,58,46
12:16+B,0,27,10,,0:1:2:3:4:5:9:10:11:12:13:14:22:23:24:25:26:34:35:36:37:46:47:60:72:84:96:97:108:144:149:156:157:159:161:167:168:169:170:171:172:173:178:179:180:181:182:183:184:185:186:189:190:191;43,55,67,79,80,81,93,105,104,103;92,91,90;160,148,147,135,134,122,110,98,86,85,73,61,49,48;41,53,65,64,76,88,100,112,113,125,126,127;63,51,52,40,28,29,30,42,54,66,78,77,89,101,102,114,115,116,117,118,130,142,141,153,152,164,176,188,187;158,146,145,133;132,120,121,109;175,163,151,139,140,128,129;6,7,8,20,21,33,45,57,58,59,71,83,95;174,162,150,138,137,136,124,123,111,99,87,75,74,62,50,38,39,27,15,16,17,18,19,31,32,44,56,68,69,70,82,94,106,107,119,131,143,155,154,166,165,177
12:16+B,0,28,10,,0:1:2:3:4:9:10:11:12:13:14:22:23:24:25:26:34:35:36:37:46:47:48:60:84:96:97:108:120:156:158:159:161:167:168:169:170:171:172:173:178:179:180:181:182:183:184:185:186:189:190:191;103,91,92,93,94,95,107,119,131,143,155,154,166,165,177,176,188;70,69,68,67,66,65,64,76,75,74,86,98,110,109,121,133,132,144;49,50,38,39,27,15,16,17,18,19,31,32;90,102,114,113,125,137,149,148,160;61,62,63,51,52,40,28,29,30,42,43,44,45,33,21,20,8,7,6,5;41,53,54,55,56,57,58,59,71,83,82,81,80,79,78,77,89,88,87,99,111,123,122,134,146,145,157;187,175,174,162,150,151,139,140,128,129,117;85,73,72;138,126,127,115,116,104,105,106,118,130,142,141,153,152,164,163;147,135,136,124,112,100,101
12:16+B,0,29,10,,0:1:2:3:5:8:10:11:12:13:14:23:24:25:34:35:36:37:46:48:60:72:84:85:96:108:109:156:157:159:160:161:167:168:169:170:171:172:173:178:179:180:181:182:183:184:185:186:190:191;9,21,22;176,164,163,151,150,149,148,147,135,134,133;140,139,138,137,136,124,123,111,99,87,86,74,73,61,49,50,51,52,53;40,39,38,26;64,65,77,89,101,102,114,115,116,104,92,80,79,67,55,54,42,41,29,28,27,15;66,78,90,91,103;47,59,71,83,95,107,119,131,143,155,154,166,165,177,189,188,187,175,174,162;62,63,75,76,88,100,112,113,125,126,127,128,129,117,105,93,81,69,68,56,44,43,31,30,18,17,16,4;97,98,110,122,121,120,132,144,145,146,158;6,7,19,20,32,33,45,57,58,70,82,94,106,118,130,142,141,153,152
12:16+B,0,30,10,,0:1:2:3:4:5:7:11:12:13:14:24:25:35:36:37:47:48:59:60:61:72:73:84:85:96:108:156:157:158:160:167:168:169:170:171:172:173:179:180:181:182:183:184:185:186:190:191;104,105,106,107,119,131,143,155,154,166,178;161,162,174,175,187,188,189,177,165,153,152,140,139,138,137,125,113,101,89,77,65;8,9,10,22,23;67,66,54,53,52,64,76,88,100,112,124,123,122;133,134,135,136,148,149,150,151,163,164,176;49,50,38,26,27,15,16,17;28,29,30,31,32,44,45,57,69,81,82;6,18,19,20,21,33,34,46,58,70,71,83,95,94,93,92,91,103,115,116,117,118,130,142,141;62,74,86,98,97;159,147,146,145,144,132,120,121,109,110,111,99,87,75,63,51,39,40,41,42,43,55,56,68,80,79,78,90,102,114,126,127,128,129
