7:9,0,1,5;61,60,59,58,57,56,49,42,35,28,21,14,7,0,1,2,3,4,5,6,13,20,19,18,17,16;38,39,46,53,54,55,62;23,24,25,26,27,34,41,48,47;44,37,30,31,32,33,40;12,11,10,9,8,15,22,29,36,43,50,51,52,45
7:9,0,2,4;40,47,46,45,44,37,30,23,16,17,18,19;12,11,10,9,8,15,22,29,36,43,50,51,52,53,54;31,24,25,26,27,20,13,6,5,4,3,2,1,0,7,14,21,28,35,42,49,56,57,58,59,60,61,62;55,48,41,34,33,32,39,38
7:9,0,3,3;12,19,26,33,32,39,46,45,44,37,30,23,16,17,10,3,2,1,0,7,14,21,28,35,42,49,56,57,58,59,60,61,62,55,48;9,8,15,22,29,36,43,50,51,52,53,54,47,40,41,34,27,20,13,6,5;38,31,24,25,18,11,4
7:9,0,4,4;27,26,25,24,31,38;39,46,45,44,37,30,23,22,15,8,9,10,11,12;34,41,48,55,62,61,60,59,58,57,56,49,42,35,28,21,14,7,0,1,2,3,4,5,6,13,20,19,18,17,16;32,33,40,47,54,53,52,51,50,43,36,29
7:9,0,5,4;46,45,52,59,60,61,62,55,48,41,34,27,20,13,6,5,4,3,2,1,0,7;24,31,30,29,36,43,50,49,56;53,54,47,40,33,26,19,12,11,10,9,8,15,14,21,28,35,42;57,58,51,44,37,38,39,32,25,18,17,16,23,22
7:9,0,6,3;8,15,22,29,36,43,50,51,52,53,54,47,40,33,26,19,20,13;6,5,4,3,10,17,24,31,38;27,34,41,48,55,62,61,60,59,58,57,56,49,42,35,28,21,14,7,0,1,2,9,16,23,30,37,44,45,46,39,32,25,18,11,12
7:9,0,7,4;46,45,44,37,30,29,22,15,8,1,2,3,4,5,6,13;0,7,14,21,28,35,42,49,56,57,58,59,60,61,62,55,48,41,34,33,32,31,24,23,16,9,10,11,12,19;36,43,50,51,52,53,54,47,40,39,38;20,27,26,25,18,17
7:9,0,8,4;54,53,52,51,50,43,36,29,22,15,8,9,10,11,12,13;39,38,31,24,25,26;34,27,20,19,18,17,16,23,30,37,44,45,46,47;32,33,40,41,48,55,62,61,60,59,58,57,56,49,42,35,28,21,14,7,0,1,2,3,4,5,6
7:9,0,9,3;8,9,10,11,12,19,26,33,40,47,54,53,52,51,50,43,36;29,30,37,44,45,46,39,32,25,18,17,16,15,14,7,0,1,2,3,4,5,6,13,20,27,34,41,48,55,62,61,60,59,58,57,56,49,42,35;28,21,22,23,24,31,38
7:9,0,10,4;56,57,58,59,60,61,54,47,40,33,26,25;62,55,48,41,34,27,20,19,18,17,24,31,32,39,46,53,52,51,50,49,42,35,28,21,14,7,0,1,2,3,4,5,6;8,15,22,29,36,43,44,45;13,12,11,10,9,16,23,30,37,38
8:10,0,11,4;58,59,51,43,35,34,33;61,60,52,44,36,28,27,26,25,24,32,40,41;48,56,64,72,73,74,75,76,77,78,79,71,63,55,47,46,38,30,22,14,13,12,11,10,9;39,31,23,15,7,6,5,4,3,2,1,0,8,16,17,18,19,20,21,29,37,45,53,54,62,70,69,68,67,66,65,57,49,50,42
8:10,0,12,5;1,2,3,11,19,27,35,43,42;57,65,66,67,68,69,70,62,54,46,38,30,22;51,52,44,36,28,20,12,4,5,6,7,15,23,31,39,47,55,63,71,79,78,77,76,75,74,73,72,64,56,48,40,32,24;14,13,21,29,37,45,53,61,60,59,58,50,49,41,33,25,17,16;34,26,18,10,9,8,0
8:10,0,13,5;37,29,21,13,12,11,10,9,17,25,33,41,49,57,65,66,67,68;27,26,34,42,50,58,59,60,61,69;55,63,71,79,78,77,76,75,74,73,72,64,56,48,40,32,24,16,8,0,1,2,3,4,5,6,14,22,30,38;18,19,20,28,36,35,43,51,52,53,54,62,70;44,45,46,47,39,31,23,15,7
8:10,0,14,5;14,13,12,11,10,9,17,25;72,64,65,66,67,68,69,70,62,54,46,45,44,52,51,50,49,41,33,34,26,18,19,20,21,22,23;42,43,35,27,28,29,30,31;36,37,38,39,47,55,63,71,79,78,77,76,75,74,73;15,7,6,5,4,3,2,1,0,8,16,24,32,40,48,56,57,58,59,60,61,53
8:10,0,15,4;28,27,35,43,51,59,67,75,76,77,78,79;29,21,20,19,18,26,34,42,50,58,66,74,73,72,64,56,48,40,32,24,16,8,0,1,2,3,4,5,6,7,15,23,31,39,47,46,54;65,57,49,41,33,25,17,9,10,11,12,13,14,22,30,38,37,45,53,61,62;55,63,71,70,69,68,60,52,44,36
8:10,0,16,4;15,14,22,30,38,46,45,44,36,28,20,12,4,3,2,1,0,8,16,24,32,40,48,56,64,72,73,74,75,76,77,69,70;78,79,71,63,62,61,60,59,58,50,42,34,26,18;37,29,21,13,5,6,7;23,31,39,47,55,54,53,52,51,43,35,27,19,11,10,9,17,25,33,41,49,57,65,66,67,68
8:10,0,17,5;70,69,68,67,66,65,57,49,41,33,25,17,9,10,11,12,13,14;37,29,28,27,35,43,51;31,39,47,55,54,53,52,44,36;59,58,50,42,34,26,18,19,20,21;45,46,38,30,22,23,15,7,6,5,4,3,2,1,0,8,16,24,32,40,48,56,64,72,73,74,75,76,77,78,79,71,63,62,61,60
8:10,0,18,6;51,52,53,61,62,70,78,77,76,75,74,73,72,64,56,48,40,32;10,11,12,13,14,22,30,38,46,54;79,71,63,55,47,39,31,23,15,7,6,5,4,3,2,1,9,17,18,19,20,21,29,37;0,8,16,24,25,26,27,28,36,44,45;43,42,50,58,59,60;35,34,33,41,49,57,65,66,67,68,69
8:10,0,19,4;27,28,36,44,52,60,68,76,75,74,73,72,64,56;35,34,26,18,19,20,21,29,37,45,53,61,69;58,50,49,48,40,32,24,16,8,0,1,2,3,4,5,6,7,15,23,31,39,47,55,63,71,79;77,78,70,62,54,46,38,30,22,14,13,12,11,10,9,17,25,33,41,42,43,51,59,67,66,65,57
8:10,0,20,5;36,44,45,46,47,39,31,23,15,7,6,5,4,3,2,1,0,8,16,24,32,40,48,56,64,72,73,74,75,76,77,78,70;38,37,29,28,27,35;79,71,63,62,61,69,68,67,66,65,57;21,20,19,18,26,34,42,43,51,52,53,54,55;30,22,14,13,12,11,10,9,17,25,33,41,49,50,58,59,60
9:11,0,21,6;1,0,9,18,27,36,45,54,63,72,81,90,91,92,93,94,95,96,97,98,89,80,71,62,53,44,35,34,33,32,41,50,59,68,67;29,38,47,56,65,74,83,84,85,86,87,88,79,70,61,52,43,42;25,26,17,8,7,6,5,4,3,2,11,10,19,28,37,46,55,64,73,82;30,39,48,57,66,75,76,77,78,69,60,51;16,15,14,13,12,21,20;24,23,22,31,40,49,58
9:11,0,22,7;30,31,22,23,14,15;82,73,64,55,56,47,38,29,20,21,12,13;44,35,26,17,8,7,6,5,4,3,2,11,10,19,28,37,46;75,76,67,58,49,50,51,42,33,24;32,41,40,39,48,57,66,65,74,83,84,85,86,77,68,59,60,61,70,79,88;97,98,89,80,71,62,53,52,43,34,25,16;69,78,87,96,95,94,93,92,91,90,81,72,63,54,45,36,27,18,9,0,1
9:11,0,23,7;20,21,22,23,14,5,6,7,8;95,86,87,88,79,70,61,52,51,50,49,48,57,56,65,74;96,97,98,89,80,71,62,53,44,35,26,17,16,15,24,33,32,31,30,29;25,34,43,42,41,40,39,38,47;13,12,11,10,19,28,37,46,55,64,73,82;93,94,85,76,77,78,69,60,59,58;4,3,2,1,0,9,18,27,36,45,54,63,72,81,90,91,92,83,84,75,66,67,68
9:11,0,24,5;56,65,74,83,84,85,86,87,88,79,70,61,52,43,34,25,16,15;21,30,39,40,49,58,67,68;82,73,64,55,46,37,28,19,10,1,2,3,4;69,78,77,76,75,66,57,48,47,38,29,20,11,12,13,22,31,32,41,50,59;60,51,42,33,24,23,14,5,6,7,8,17,26,35,44,53,62,71,80,89,98,97,96,95,94,93,92,91,90,81,72,63,54,45,36,27,18,9,0
9:11,0,25,6;55,56,57,48,39,30,31,32,33,24,15,16;14,13,12,11,10,19,28;37,36,27,18,9,0,1,2,3,4,5,6,7,8,17,26,25,34,43,42,41,40,49,58;74,75,76,77,78,69,60,61,62,53,44,35;79,88,87,86,85,84,83,82,73,64,65,66,67,68,59,50,51,52;70,71,80,89,98,97,96,95,94,93,92,91,90,81,72,63,54,45,46,47,38,29,20,21,22,23
9:11,0,26,5;63,64,73,82,83,84,85,86,87,88;79,78,77,68,67,66,57,48,47,46,37,28,19,10,11,12,13,14,15,16,25,34,43,52,61,62;76,75,74,65,56,55,54,45,36,27,18,9,0,1,2,3,4,5,6,7,8,17,26,35,44,53;59,50,41,32,31,30;58,49,40,39,38,29,20,21,22,23,24,33,42,51,60,69,70,71,80,89,98,97,96,95,94,93,92,91,90,81,72
9:11,0,27,5;56,47,46,37,28,19,18,9,0,1,2,3,12,21,30,31,40,49,58,67,66;27,36,45,54,55,64,73,82,83,84,85,86,87,88,79,70,61,52,43,34,25,16,15,14;24,33,42,51,60,69,78,77,76,75,74,65;10,11,20,29,38,39,48,57;68,59,50,41,32,23,22,13,4,5,6,7,8,17,26,35,44,53,62,71,80,89,98,97,96,95,94,93,92,91,90,81,72,63
9:11,0,28,7;93,92,91,90,81,72,63,54,55,56,65,74,75;80,79,78,69,60,51,42,33,24,23,22;70,71,62,53,44,35,26,17,8,7,6,5,4,3,2,1,10,19,28,37;61,52,43,34,25,16,15,14,13,12,11,20,29,38,39,40,49,58,67,76,77,86,87,88,89,98;0,9,18,27,36,45,46,47,48,57,66;68,59,50,41,32,31,30,21;97,96,95,94,85,84,83,82,73,64
9:11,0,29,5;67,66,57,48,39,30,21,22,13;26,17,8,7,6,5,4,3,12,11,20,29,38,47,56,65,74,75,76,77,68;88,79,70,61,52,51,50,41;2,1,10,19,28,37,46,55,64,73,82,83,84,85,86,87,78,69,60,59,58,49,40,31,32,23,14,15,16,25,34,35;24,33,42,43,44,53,62,71,80,89,98,97,96,95,94,93,92,91,90,81,72,63,54,45,36,27,18,9,0
9:11,0,30,6;16,25,24,33,32,31,30,39,48,57,56;61,60,69,78,77,76,75,74,65;37,28,19,10,11,12,13;58,49,40,41,42,43,34,35,26,17,8,7,6,5,4,3,2,1,0,9,18,27,36,45,54,63,72,81,90,91,92,93,94,95,96,97,98,89,80;66,67,68,59,50,51,52,53,44;62,71,70,79,88,87,86,85,84,83,82,73,64,55,46,47,38,29,20,21,22,23,14,15
