6+B,0,1,5;25,19,20;22,21,15,14,13,7;33,34,35;23,29,28,27,26,32,31,30,24,18,12,6,0,1,2,3,4,5,11;17,16,10,9,8
6:7+B,0,2,4,,0:1:2:4:5;3,9,8,7,6,12,18,24,30,36,37,38,39,40,41,35;26,27,28,29,23,17,11;34,33,32,31,25,19,13,14,15;20,21,22,16,10
6:8+B,0,3,5,,0:1:2:4:5:42:43:44:46:47;31,25,26,20;29,35,41,40,39,45;7,6,12,18,24,30,36,37,38,32,33,27,21,15,16,10,11;34,28,22,23,17;3,9,8,14,13,19
7:8+B,0,4,6,,0:1:2:4:5:6:13:27:34:41:48:49:50:51:53:54:55;11,12,19,20;35,36,29,30,31,32,39;3,10,9,8,7,14;38,37,44,43,42;28,21,22,23,24;15,16,17,18,25,26,33,40,47,46,45,52
7:8+B,0,5,7,,0:1:2:4:5:6:13:27:34:41:48:49:50:51:54:55;12,11,10,3;20,19,18,17,16;47,40,39,38,45,44,43,42,35,28,21,14,7;37,30,31,32;36,29,22,15,8,9;46,53,52;23,24,25,26,33
7:8+B,0,6,6,,0:1:4:5:6:13:27:34:41:47:48:49:50:54:55;20,19,12,11,10,3,2;37,36,29,28;18,25,26,33,40,39,46,53,52,51;15,16,17,24;32,31,38,45,44,43,42,35;9,8,7,14,21,22,23,30
7:9+B,0,7,6,,0:1:4:5:6:13:20:27:34:47:48:49:50:54:55:56:57:58:59:61:62;3,2,9,8,15,22,29,36,37,38,31;17,24,25,32,39,46,45,44,43,42,35,28,21,14,7;51,52,53,60;16,23,30;41,40,33,26,19,18;10,11,12
8+B,0,8,7,,0:1:2:5:6:7:8:15:16:23:24:39:40:48:54:55:56:57:58:62:63;14,13,12,20,28,29,37,38,46,47;31,30,22,21;9,17,18,19,27,35,36;59,51,50,49,41,33,32;45,53,61,60;10,11,3,4;52,44,43,42,34,26,25
8:9+B,0,9,7,,0:1:2:3:5:6:7:8:9:10:13:14:15:16:23:24:31:32:47:48:56:62:63:64:65:66:70:71;36,37,38,39;69,61,53,54,55;29,28,27,26,34,42,50,51,52,60,68,67;40,41,33,25,17,18,19,20,21,22,30;59,58,57,49;35,43,44,45,46;11,12,4
8:9+B,0,10,6,,0:1:2:5:6:7:8:10:13:14:15:16:23:24:31:32:47:48:55:56:62:63:64:65:66:70:71;9,17,18,19,11,3;30,22,21,20,12,4;60,52,51,50;33,34,35,36;25,26,27,28,29,37,45,44,43,42;40,41,49,57,58,59,67,68,69,61,53,54,46,38,39
7:9+B,0,11,7,,0:1:4:5:6:7:8:11:12:13:20:27:55:56:57:61:62;28,21,14,15,16,9;50,51,52,45,46,47,54;53,60,59,58;32,31,30;49,42,43,44,37,38,39,40;48,41,34,33,26,19,18,17,10,3,2;35,36,29,22,23,24,25
7:9+B,0,12,5,,0:1:4:5:6:7:12:13:27:48:54:55:56:57:61:62;49,42,35,28,21,14,15,8,9,2,3;50,43,36,29,22,23,16,17,10,11;45,38,39,32,33,26,19,20;18,25,24,31,30,37,44,51,52;34,41,40,47,46,53,60,59,58
7:9+B,0,13,6,,0:1:4:5:6:12:13:20:49:54:55:56:57:61:62;47,46,39,38,31,30,23;7,8,15,22,29,36,37,44,45,52,53;34,27,26,19,18,11,10;48,41,40,33,32;14,21,28,35,42,43,50,51,58,59,60;25,24,17,16,9,2,3
7:10+B,0,14,6,,0:5:6:12:13:20:27:42:49:54:55:56:57:61:62:63:64:65:66:68:69;31,32,25;4,11,18,19,26,33,40,39,38;34,41,48,47,46,53,60,67;51,50,43,36,35,28,21,14,7,8,1;29,22,15,16,9;2,3,10,17,24,23,30,37,44,45,52,59,58
9+B,0,15,8,,0:1:6:7:8:9:15:16:17:24:25:26:27:34:35:36:44:45:53:54:63:64:69:70:71:72:73:74:78:79:80;75,76,67,58,57,48,47,38;18,19,28,37,46,55,56,65,66;52,43,42,41,50,59,68,77;51,60,61,62;12,13,14,23;5,4,3,2,11,10;49,40,39,30,29,20;21,22,31,32,33
9+B,0,16,8,,0:3:5:6:7:8:15:16:17:24:25:26:27:34:35:36:44:45:53:54:63:64:70:71:72:73:77:78:79:80;2,1,10,9,18;59,50,41,40,39;32,33,42,43,52,61,62;65,74,75,76,67,58,49,48;31,22,23,14;66,57,56,55,46,37,28,19,20,11;4,13,12,21,30,29,38,47;68,69,60,51
8:9+B,0,17,7,,4:5:6:7:13:14:15:21:22:23:31:47:55:56:63:64:68:69:70:71;19,18,26,34,35,36,37,45,53,61;58,57,65;30,29,28,27;41,33,25,17,9,10,11,12,20;51,59,67,66;39,38,46,54,62;60,52,44,43,42,50,49,48,40,32,24,16,8,0,1,2,3
8:9+B,0,18,5,,4:5:6:7:12:13:14:15:21:23:39:47:55:56:64:68:69:70:71;31,30,22;50,58,59,60,61,53,45,44,36,35,27;24,32,40,48,49,57,65,66,67;63,62,54,46,38,37,29,28,20,19,11,3,2,1,0,8,16,17,25,33,41;52,51,43,42,34,26,18,10,9
8:10+B,0,19,8,,3:4:5:6:7:13:14:15:23:47:48:55:56:63:64:68:69:70:71:72:74:75:76:77:78:79;36,35,27,26,18;73,65,66,58;57,49,50,51,52,53;29,37,45,44,43,42,41,40,32,24,16,8,0,1,2,10,11,12;67,59,60,61,62,54,46,38;21,22,30,31,39;19,20,28;34,33,25,17,9
9:11+B,0,20,7,,0:1:2:4:5:6:7:8:9:10:13:14:15:16:17:18:23:24:25:26:27:45:54:62:63:64:71:72:73:80:81:82:86:87:88:89:90:91:93:94:95:96:97:98;29,38,47,48,49;36,37,28,19,20,11,12,3;46,55,56,65,74;31,32,33;35,34,43,42,51,60,69,68,67,66,75,84,83,92;22,21,30,39,40,41,50,59,58,57;44,53,52,61,70,79,78,77,76,85
9:11+B,0,21,8,,0:1:4:5:6:7:8:9:10:13:14:15:16:17:18:19:23:24:25:26:27:36:54:62:63:64:71:72:73:80:81:82:85:87:88:89:90:91:94:95:96:97:98;12,3,2;55,56,47,38,39,40,41,42,43;50,59,58;93,84,75,76,67,68,69,60,51;45,46,37,28,29,30;52,61,70,79,78,77,86;49,48,57,66,65,74,83,92;53,44,35,34,33,32,31,22,21,20,11
9:11+B,0,22,8,,0:1:4:5:6:7:8:9:10:14:15:16:17:18:19:23:24:25:26:27:28:45:54:62:63:64:72:73:80:81:82:86:87:88:89:90:91:94:95:96:97:98;58,67,76,77,78,79;43,42,41,32,31,22,13,12,3,2;68,69,60,51,52,53,44,35,34,33;66,57,48,47,38,29,20,11;61,70,71;21,30,39,40,49,50,59;36,37,46,55,56,65,74,75,84,85;83,92,93
9:11+B,0,23,7,,0:1:2:5:6:7:8:9:10:14:15:16:17:18:19:23:24:26:27:28:35:54:62:63:64:71:72:73:80:81:82:87:88:89:90:91:94:95:96:97:98;83,74,75,66,57,58,59;13,22,21,30,39,40,41,42,43,44,53;86,77,78,79,70,61,52,51,50,49,48,47;31,32,33,34,25;4,3,12,11,20,29,38,37,36;45,46,55,56,65;60,69,68,67,76,85,84,93,92
9:11+B,0,24,9,,0:1:2:5:6:7:8:9:10:11:14:15:16:17:18:19:24:26:28:35:62:63:64:71:72:73:79:80:81:82:86:87:88:89:90:94:95:96:97:98;27,36,45,54,55,56,65;33,32,23;12,21,20,29,38;67,68,59,60;61,70,69,78,77,76,85,84,93,92,91;83,74,75,66,57,58,49,50,51,52,53,44;42,41,40,31,22,13,4,3;43,34,25;30,39,48,47,46,37
9:12+B,0,25,7,,0:1:5:6:7:8:9:10:11:14:15:16:17:18:19:24:25:26:35:44:53:64:71:72:73:79:80:81:82:85:86:87:88:89:90:94:95:96:97:98:99:101:102:103:104:105:106:107;62,61,70,69,78,77,76,75,84,93;12,21,20;28,29,30,31,40;100,91,92,83,74,65,66,67,68,59,60,51,52,43,34,33,32,23,22,13,4,3,2;63,54,55;27,36,45,46,47,56,57,58,49,50,41,42;37,38,39,48
8:12+B,0,26,8,,0:1:2:6:7:8:9:10:13:14:15:16:17:23:56:63:64:65:71:72:73:76:77:79:80:84:85:86:87:88:91:92:93:94:95;90,89,81;30,38,46,45,53,52,51,59,58,66,74,82;78,70,69,68,67,75,83;60,61,62,54,55,47,39,31;57,49,50,42,43,44,36,37,29;28,27,35,34,33,41;5,4,3,11,19,18,26,25,24,32,40,48;22,21,20,12
9:12+B,0,27,8,,0:1:2:5:6:7:8:9:10:11:15:16:17:18:25:26:34:35:44:62:63:70:71:72:73:79:80:81:85:86:87:88:89:90:94:95:96:97:98:99:102:103:104:105:106:107;101,92,93,84,75,76,77,78,69,60,61,52,53;43,42,33,24;54,55,64;51,50,49,58,57,56,65,74,83,82,91,100;59,68,67,66;4,13,14,23,32,41,40,39,48,47,46,45,36;37,38,29,30,31,22;27,28,19,20,21,12,3
8:13+B,0,28,8,,0:1:2:3:5:6:7:8:9:10:13:14:15:16:17:22:23:24:25:31:39:63:71:72:79:80:84:85:86:87:88:92:93:94:95:96:99:100:101:102:103;21,29,30,38,46,47,55;37,45,53,54,62,70,69,68,67,59,51,50;89,81,82,74,66,58,57,49,41;78,77,76,75,83,91,90,98,97;73,65,64,56,48,40,32,33,34,42,43;4,12,11,19,18,26;61,60,52,44,36,35;27,28,20
9:12+B,0,29,8,,0:1:2:6:7:8:9:10:11:15:16:17:19:24:25:26:34:35:44:61:62:70:71:79:80:81:85:86:87:88:89:90:94:95:96:97:98:99:102:103:104:105:106:107;58,49,48,47,46;40,41,50,59,68,67,66,57,56,55,64,73,82,91,100,101;72,63,54,45,36,27,18;65,74,83,92,93;37,38,39,30,31,22;13,14,23,32,33,42,43;53,52,51,60,69,78,77,76,75,84;28,29,20,21,12,3,4,5
9:12+B,0,30,8,,0:1:2:3:6:7:8:9:10:11:15:16:17:24:25:26:33:35:44:62:70:71:72:79:80:81:85:86:87:88:89:90:94:95:96:97:98:99:103:104:105:106:107;30,29,38;34,43,42,51,50,59,68,67,66,65,74,73,82,91,100,101,102,93;53,52,61,60,69,78,77,76,75,84,83,92;64,63,54,45,36,27,18,19,20,21,12;4,5,14,23,32,41;55,56,47,48,39;46,37,28;13,22,31,40,49,58,57
8:13+B,0,31,7,,0:1:2:3:6:7:8:9:14:15:16:17:22:23:31:63:71:72:77:78:79:80:84:85:86:87:88:92:93:94:95:96:98:99:100:101:102:103;60,61,62;50,42,43,44,52,53,54,55,47,39,38,30,29,21,13,5;4,12,20,19,27,35,34,33,41,49,57,58,66,74;91,90,89,97;46,45,37,36,28;11,10,18,26,25,24,32,40,48,56,64,65,73,81,82,83,75,76;51,59,67,68,69,70
8:13+B,0,32,8,,0:1:2:3:5:6:7:8:9:10:14:15:16:23:56:64:71:72:78:79:80:84:85:86:87:88:91:92:93:94:95:96:99:100:101:102:103;45,44,52,51,59;43,42,50,58,66,67,68,69,70,62,63,55,47,39,31,30,22,21,20,19,11;89,81,82,83,75,76,77;4,12,13;90,98,97;36,35,34,33,41;25,24,32,40,48,49,57,65,73,74;17,18,26,27,28,29,37,38,46,54,53,61,60
8:13+B,0,33,7,,0:1:2:3:4:6:7:8:9:10:11:14:15:16:23:31:72:78:79:80:83:84:85:86:87:88:92:93:94:95:96:99:100:101:102:103;5,13,12;30,22,21,20,19,18,17,25,24,32,40,48,56,64,65,66,67,59,51,52,44,45,46;77,69,70,62;71,63,55,54,53,61,60,68,76,75,74,82,90,91;50,42,43,35,36,37,38,39,47;73,81,89,97,98;58,57,49,41,33,34,26,27,28,29
8:13+B,0,34,8,,0:1:2:3:7:8:9:15:23:64:70:71:72:75:76:78:79:80:83:84:85:86:87:88:92:93:94:95:96:97:99:100:101:102:103;98,90,91;77,69,68;74,82,81,89;16,17,18,10,11,12,4,5,6,14,22,30,29,28,36,35,34,33,32;73,65,66,67,59,60,61,62,63,55;38,37,45,44,43,42,41,49;13,21,20,19,27,26,25,24;40,48,56,57,58,50,51,52,53,54,46,47,39,31
9:13+B,0,35,9,,0:1:2:3:4:5:7:8:9:10:11:17:18:27:36:45:63:72:73:79:80:81:85:86:87:88:89:90:91:95:96:97:98:99:100:104:105:106:107:108:109:110:112:113:114:115:116;94,103,102,111;32,41,40;82,83,74;71,70,61,52,51,42,33,24,23,14,13,12,21,20,19,28,37,46,55,54;101,92,93,84;62,53,44,35,26;22,31,30,39,48,49,50,59,60,69,78,77,76,75,66,65,64;68,67,58,57,56,47,38,29;43,34,25,16,15,6
9:13+B,0,36,9,,0:1:3:4:5:6:7:8:10:16:17:26:35:62:71:72:77:79:80:81:85:86:87:88:89:90:94:95:96:97:98:99:102:103:104:105:106:107:108:109:111:112:113:114:115:116;49,58,59,60;76,75,84,93;78,69,70,61,52,51,50,41,40,31,30,29,28,27,36,45,54,63,64,73,82,91,100,101,110;15,24,25,34;2,11,12,13,14;68,67,66,57,48,39,38,37,46,55;92,83,74,65,56,47;9,18,19,20,21,22;23,32,33,42,43,44,53
10:11+B,0,37,8,,9:19:20:29:30:40:50:59:60:61:69:70:71:77:78:79:80:81:85:86:87:88:89:90:91:95:96:97:98:99:100:101:104:105:106:107:108:109;57,56,55,54;76,75,65,64,63,53;103,93,94,84,74,73,72,62,52,42,32;102,92,82,83;66,67,68,58,48,47,46,45,44;0,1,2,3,4,5,6,7,8,18,28,38,39,49;51,41,31,21,22,23,24,25,26;43,33,34,35,36,37,27,17,16,15,14,13,12,11,10
10:12+B,0,38,9,,0:2:3:5:7:8:9:15:19:20:30:40:41:50:51:60:61:70:71:72:80:81:82:88:89:90:91:92:96:97:98:99:100:101:102:107:108:109:110:111:112:113:115:116:117:118:119;1,11,10;4,14,13,12,22,21,31;106,105,95;6,16,17,18,28,29,39,49,59,69,79,78;45,55,56,66,67,68,58,48,38,37,27,26,25,24,23,33,32;94,84,85,86,87,77;65,75,76;57,47,46,36,35,34,44,43,42,52,62,63,73,83,93,103,104,114;74,64,54,53
10:12+B,0,39,8,,0:2:6:7:8:9:19:20:30:31:40:41:50:51:60:61:62:70:71:72:79:80:81:82:89:90:91:92:95:96:98:99:100:101:106:107:108:109:110:111:112:113:116:117:118:119;10,11,1;93,83,73,74,75,65,66,56;105,115,114;45,55,54;16,17,18,28,29,39,49,59,69;43,44,34,35,36,46,47,57,67,77,76,86,85,84,94,104,103,102;21,22,12,13,3,4,5,15,25,26,27,37,38,48,58,68,78,88,87,97;64,63,53,52,42,32,33,23,24,14
10:13+B,0,40,10,,0:1:2:3:4:6:7:8:9:12:16:17:18:19:29:30:39:40:50:51:60:61:70:71:72:80:81:82:90:91:92:99:100:101:102:105:106:107:108:109:110:111:112:116:117:118:119:120:121:122:123:126:127:128:129;11,10,20;124,125,115;43,53,54,64,74,84,85,86,87,88,89,79,69,59,49,48,38,28;113,103,93,83,73,63,62,52,42,41,31;55,65,75,76;77,67,66,56,46,36,26,25,24,34,33,32,22,21;98,97,96,95,94,104,114;5,15,14,13,23;44,45,35;78,68,58,57,47,37,27
10:12+B,0,41,8,,0:8:9:19:30:40:41:50:60:61:62:70:71:72:79:80:81:82:85:89:90:91:92:95:96:97:98:99:100:101:102:106:107:108:109:110:111:112:113:115:116:117:118:119;63,73,83;105,104,114;10,20,21,31,32,42,52,51;22,23,33,43,53,54,64,65,66,67,77;103,93,94,84,74,75,76,86,87,88,78;34,44,45,55,56,57,58,48,38,37,27,26,16,15,5,4,3,2;47,46,36,35,25,24,14,13,12,11,1;68,69,59,49,39,29,28,18,17,7,6
10:12+B,0,42,8,,6:7:8:9:18:19:29:39:40:49:50:60:61:69:70:71:78:79:80:81:88:89:90:91:95:96:97:98:99:100:101:105:106:107:108:109:110:111:115:116:117:118:119;57,47,37,36,35,45,55;11,21,22,23,24,25,26,27,28,38,48;32,33,34,44,54;59,58,68,67,77,87,86,85,84,94,104,114;46,56,66,65,64,63,53,43,42,41,31,30,20,10,0,1,2,3,4,5,15,16,17;113,112,102,92,82,72,62,52,51;12,13,14;103,93,83,73,74,75,76
9:13+B,0,43,7,,0:6:7:8:17:27:36:54:63:64:71:72:73:81:82:86:87:88:89:90:91:95:96:97:98:99:100:104:105:106:107:108:109:110:111:113:114:115:116;85,76,77,68,69,70,61,62,53,44,35,26,25,16,15,14,5,4,3,2,1,10,9,18;78,79,80;94,93,84,75,66,57,48,49,50,41,42,33,24,23,22,21,30,29,28,37,46,45;67,58,59,60,51,52,43,34;13,12,11,20,19;32,31,40,39,38,47;55,56,65,74,83,92,101,102,103,112
10:14+B,0,44,8,,0:1:2:5:6:7:8:9:10:15:16:17:18:19:26:27:28:29:40:49:50:59:60:69:70:79:80:89:90:91:99:100:101:105:106:107:108:109:110:111:115:116:117:118:119:120:121:125:126:127:128:129:130:131:132:134:135:136:137:138:139;64,63,62,61,71,81;98,88,78,68;31,41,51,52;47,37,36,35,25,24,14,4,3;75,74,73,72,82,92,102,112,122,123,133;124,114,104,94,95,96,97,87,77,67,57,56,46,45,44,34,33,23,13,12,11;30,20,21,22,32,42,43,53,54,55,65,66,76,86,85,84,83,93,103,113;58,48,38,39
10:14+B,0,45,10,,0:1:2:3:6:7:8:9:10:11:12:16:17:18:19:20:26:28:29:40:41:50:51:60:61:70:71:80:81:90:91:92:100:101:102:106:108:110:111:112:116:117:118:119:120:121:122:126:127:128:129:130:131:132:133:135:136:137:138:139;5,4,14,13;76,66,56;134,124,123,113,103,93,83,73,63,53,43,33,34,35,36,46,47,48,49,59,69,68,78,88,98,97,107;109,99,89,79;105,95,96,86,87,77,67,57,58;82,72,62,52,42,32;45,55,65,75,85;27,37,38,39;30,31,21,22,23,24,25,15;44,54,64,74,84,94,104,114,115,125
10:14+B,0,46,10,,0:1:2:3:5:6:7:8:9:10:11:12:15:16:17:18:19:21:22:25:26:27:28:29:36:37:38:39:48:49:59:60:69:70:79:80:89:90:100:101:109:110:111:118:119:120:121:125:126:127:128:129:130:131:135:136:137:138:139;40,50,51,61,71,81,91,92,102,112,122,132,133;99,98,108,107,117,116,115,114,104;97,87,88,78,68,58,57,47;13,23,33,32,31,30,20;95,85,84,83,82,72,62,52,53,54,64;105,106,96,86,76,75,74,73,63;4,14,24,34,44,43,42,41;134,124,123,113,103,93,94;77,67,66,56,46;65,55,45,35
9:14+B,0,47,9,,0:1:2:5:6:7:8:9:10:11:14:15:16:17:24:25:26:35:45:54:63:72:81:90:91:98:99:104:106:107:108:109:113:114:115:116:117:118:120:121:122:123:124:125;105,96,97,88,89,80,71,62,53,44,43,34;33,42,41;60,69,68,77,76,85,84,93,102,101,100;36,37,28,29;82,73,64,55,46,47,38,39,30;27,18,19,20,21,12,3;119,110,111,112,103,94,95,86,87,78,79,70,61,52,51,50,59,58,67,66,75;32,23,22,13,4;31,40,49,48,57,56,65,74,83,92
9:13+B,0,48,9,,0:1:6:7:8:9:10:11:15:16:17:18:19:20:24:25:26:35:54:63:72:81:90:91:99:100:104:107:108:109:113:114:115:116;37,38,47,56,65,74,75,76;71,62,53,44,43,34,33,32,23,14,5,4,3,2;94,103,112,111,110,101,92,83,82,73,64,55,46,45,36,27,28;102,93,84,85,86,95,96;50,49,48,57,66,67,68,77,78,87,88,97,106,105;41,42,51,52,61,70,79,80,89,98;69,60,59,58;39,40,31,22;29,30,21,12,13
9:14+B,0,49,7,,0:1:2:5:6:7:8:9:10:11:15:16:17:18:19:20:24:25:26:27:28:29:33:34:35:36:45:72:81:90:99:100:108:109:113:117:118:119:122:123:124:125;30,39,38;83,84,93,102,103,112,121;3,4,13,14,23,32,41,42,43,44,53,62,71,80,89,98,107,116,115,114,105,96,87,86,77,68,67,66,57,48,47,46,37;104,95,94,85,76,75,74,65,56,55,54;12,21,22,31,40,49,58,59,60,69,78,79,88,97,106;120,111,110,101,92,91,82,73,64,63;50,51,52,61,70
10:14+B,0,50,10,,0:1:2:3:6:7:8:9:10:11:12:16:17:18:19:20:21:22:26:27:28:29:30:31:32:33:37:38:39:40:49:50:59:69:79:80:89:99:100:110:119:120:121:125:128:129:130:131:132:134:135:136:137:138:139;23,13,14,4,5;90,91,81,71,70,60;124,114,104,94,93,83,73,63,64,65,66,56,46,47,48,58,68,78,88,87,86,96,106;126,116,115,105,95,85,84,74;52,53,54,55,45,35,36;98,97,107;15,25,24,34,44,43,42,41,51,61,62,72,82,92,102,103,113;109,108,118,117,127;75,76,77,67,57;101,111,112,122,123,133
9:14+B,0,51,9,,0:1:2:3:7:8:9:10:11:15:16:17:18:19:20:25:26:27:28:29:30:35:36:37:45:81:90:99:108:109:113:116:117:118:120:121:122:123:124:125;4,13,12;32,41,42,51,60;64,65,56,57,48,49;69,68,77,76,85,84,93,102,101,100,91,82,73,72,63,54,55,46,47,38,39,40,31,22,21;52,61,70,79,78,87,86,95,94;119,110,111,112,103,104;92,83,74,75,66,67,58,59,50;6,5,14,23,24,33,34,43,44,53,62,71,80,89,98,107,106;88,97,96,105,114,115
9:14+B,0,52,9,,0:1:2:3:7:8:9:10:11:12:15:16:17:18:19:20:25:26:27:28:29:36:37:45:54:81:90:99:108:112:116:117:118:119:121:122:123:124:125;93,102,103,104,113,114,115,106,107,98,89,80,71,62,53,44,35,34,33,24,23,14;6,5,4,13,22,21;65,56,57,48;105,96,97,88,79,70,61,52,43,42,41,32,31,30;78,77,68,59,58,49,40,39,38,47,46,55,64,63,72;120,111,110,109,100,91,82,73,74,75,66;101,92,83,84,85,76,67;94,95,86,87;69,60,51,50
9:14+B,0,53,10,,0:1:2:5:6:7:8:9:10:11:14:15:16:17:18:19:24:25:26:27:35:44:53:71:80:89:98:107:108:115:116:117:120:121:122:123:124:125;20,29,28;54,45,46,47,56,65,74,73,82,91,100,109,118,119;78,87,96,105,104,103,94,85,84,75,66,57,48,39,38,37,36;60,61,62;99,90,81,72,63,64,55;106,97,88,79,70,69,68,59,50,51,52,43,34,33,32,31,30,21,12,3,4;114,113,112,111,110,101;13,22,23;83,92,93,102;95,86,77,76,67,58,49,40,41,42
9:16+B,0,54,9,,0:1:2:4:5:6:7:8:9:10:11:14:15:16:17:18:19:20:24:25:26:27:28:29:33:34:35:36:43:44:53:62:71:80:89:107:115:116:117:124:125:126:129:130:132:133:134:135:136:138:139:140:141:142:143;108,99,90,81,72,63,54,45,46,37,38;13,22,23,32,41,50,59,68,67,76,85,94,103,104,113,114,123;75,84,93,102,111,112;42,51,60,69,78,77,86,95;39,48,47,56,55,64,73;96,87,88,79,70,61,52;92,101,110,119,120,121,122,131;3,12,21,30,31,40,49,58,57,66,65,74,83,82,91,100,109,118,127,128,137;105,106,97,98
9:14+B,0,55,9,,0:1:2:6:7:8:9:10:11:12:16:17:18:19:20:21:26:27:28:30:36:63:72:90:99:100:107:108:109:115:116:117:121:122:124:125;45,54,55,64,73,74,75,66,57,58,49,40,31,22,13;46,37,38,29;86,77,78,69,60;83,84,85,76,67,68,59,50,41,32,23;65,56,47,48,39;25,34,35,44,53,62,71,80,89,98,97,106,105,104,103,102,101,110;118,119,120,111,112,113,114,123;3,4,5,14,15,24,33,42,43;81,82,91,92,93,94,95,96,87,88,79,70,61,52,51
10:15+B,0,56,11,,0:1:2:5:6:7:8:9:10:11:12:13:18:19:20:21:22:23:29:30:31:32:39:40:50:59:69:70:79:80:89:90:99:100:108:109:110:118:119:120:127:128:129:130:133:134:135:137:138:139:140:142:143:144:145:146:147:148:149;3,4,14,24,25,35,45,46,56,66,76,86,96,106,116,115;38,28,27,17;64,74,84,94,93,103,113,123,122,132,131,141;121,111,101,91,81,71,72,62,63,53,54,44,34,33;87,77,67,57,47,37,36,26,16,15;112,102,92;52,51,61,60;117,107,97,98,88,78,68,58,48,49;136,126,125,124,114,104,105,95,85,75,65,55;43,42,41;82,83,73
9:15+B,0,57,10,,0:1:5:7:8:9:10:17:18:19:20:26:27:28:29:35:53:71:72:80:89:97:98:105:106:107:114:115:116:120:121:122:123:124:125:126:128:129:130:131:132:133:134;52,51,42,33,24,23,14;56,65,74,83;6,15,16,25,34,43,44;109,100,101,102,103,94;62,61,70,79,88,87,96;127,118,119,110,111,112,113,104,95,86,85,84,93,92;11,12,21,30,39,38,37,36,45,54,63,64,73,82,81;2,3,4,13,22,31,32,41,50,59,60,69,78,77,76,75,66,57,48,47,46,55;68,67,58,49,40;91,90,99,108,117
10:15+B,0,58,10,,0:1:2:3:6:7:8:9:10:11:12:20:21:22:23:29:30:31:32:33:39:40:50:59:60:69:70:79:80:81:90:99:100:108:109:110:118:119:127:128:129:130:134:135:136:137:138:139:140:141:143:144:145:146:147:148:149;67,57,47,37,38;13,14,24,34,44,43,42,41,51,61,71;120,121,122,112,113,114,104,94,84,74,75,76,77,78,68,58,48,49;28,27,26,36,46,56,66,65,64,63,73,83,93,103,102;89,88,87,86,85,95;126,116,117,107;142,132,131;4,5,15,16,17,18,19;98,97,96,106,105,115,125,124,123,133;25,35,45,55,54,53,52,62,72,82,92,91,101,111
10:14+B,0,59,9,,0:1:2:3:4:7:9:10:11:12:13:19:20:21:22:23:29:30:31:32:33:40:50:60:69:70:79:80:99:100:108:109:110:118:119:120:124:127:128:129:130:134:135:137:138:139;89,88,98,97,107,117;87,77,67,57,47,48;5,15,14,24,34,44,43,42,41,51,61,71,81,91,90;78,68,58,59,49,39,38,28;123,133,132,131,121,111,101,102,92,82,72,62,52,53,54,55,45,35,25,26,16,6;136,126,125,115,114,113,112,122;85,86,96;8,18,17,27,37,36,46,56,66,76,75,74,84,94,95;116,106,105,104,103,93,83,73,63,64,65
10:14+B,0,60,8,,0:1:2:3:4:5:9:10:11:12:13:14:20:21:22:29:30:31:32:33:39:40:59:60:69:70:79:80:89:90:100:108:109:110:117:118:119:124:127:128:129:130:134:138:139;19,18,28,38,37,47,57,67,77,76,75,74,73,72,82,92,91,101,111,121,120;99,98,97,107,106,116,126,136,137;133,123,113,114,104,94;81,71,61,62,63,64,65,66,56,46,36,26,27,17;135,125,115,105,95,85,84,83,93,103,102,112,122,132,131;50,51,41,42,43,44,34,24,23;52,53,54,55,45,35,25,15,16,6,7,8;96,86,87,88,78,68,58,48,49
10:15+B,0,61,9,,0:1:2:3:4:5:6:9:10:11:12:13:19:20:21:22:23:29:30:32:33:39:40:49:50:59:60:69:70:80:89:90:99:100:108:109:110:118:119:127:128:129:130:137:138:139:140:141:142:144:146:147:148:149;145,135,136,126,116,117,107,97,96,86,76,75,65,64,54,44,34,24,14,15,16,17;143,133,132,131,121,120;125,115,114,113,103,102,92,91,81,71,61,51,52;98,88,87,77,67,66,56,55,45,35,25,26,27,28,18,8,7;48,38,37;104,94,93,83,82,72,62;101,111,112,122,123,124,134;79,78,68,58,57,47,46,36;106,105,95,85,84,74,73,63,53,43,42,41,31
10:15+B,0,62,10,,0:1:2:3:4:6:9:10:11:12:13:19:20:21:22:29:30:31:32:33:39:40:49:50:59:60:70:79:80:88:89:90:98:99:100:108:109:110:118:119:128:129:137:138:139:140:141:144:145:146:147:148:149;14,24,23;52,62,72,82,92,102,112,122,132,131;8,7,17,16,15,5;127,117,107,97,87,86,76,75;36,46,45,55,54,53,63,73,83,93,103,113,123,124;78,77,67;105,115,125,135,134,133,143,142;130,120,121,111,101,91,81,71,61,51,41,42,43,44,34,35,25,26,27,37,47,57,56,66,65,64,74,84,85;18,28,38,48,58,68,69;114,104,94,95,96,106,116,126,136
10:15+B,0,63,11,,0:1:2:3:4:5:6:9:10:11:12:13:19:20:21:22:23:29:30:31:32:40:41:60:69:70:78:79:80:88:89:90:98:99:100:108:109:119:128:129:137:138:139:140:141:142:143:144:145:147:148:149;118,117,127,126,136,146;48,47,57;72,62,52,42,43,44,45,35,25,26;33,34,24,14,15,16,17,7;113,112,111,110,120,130;105,95,96,86,76,66,67,68,58,59,49,39,38;8,18,28,27,37,36,46,56,55,54;122,123,124,114,104,103,102,101,91,81,71,61,51,50;53,63,64,65,75,85,84,94,93,92;74,73,83,82;121,131,132,133,134,135,125,115,116,106,107,97,87,77
12:14+B,0,64,11,,0:1:2:3:4:5:10:11:12:13:14:15:22:23:24:25:26:35:36:37:38:48:49:59:60:61:70:71:72:73:82:83:84:85:93:94:95:96:97:105:106:107:108:109:117:118:119:120:129:130:131:141:142:143:144:152:153:154:155:156:157:158:161:162:163:164:165:166:167;121,133,132;78,79,91,103,115,127,139,151,150,149,148,160,159;47,46,58,57,69,68,67,66,54,53;81,80,92,104,116,128,140;50,62,74,86,98,110,122,134;145,146,147,135,123,111,99,100,88,76;19,20,21,33,34;87,75,63,51,39,27,28,16,17,18,6,7,8,9;90,102,114,126,125;45,44,32,31,30,29;138,137,136,124,112,113,101,89,77,65,64,52,40,41,42,43,55,56
10:14+B,0,65,11,,0:1:2:3:9:10:11:12:19:20:21:29:30:31:40:49:50:59:69:78:79:80:88:89:98:99:100:108:109:118:119:127:128:129:130:134:135:137:138:139;90,91,92,82,72,73,74,75,76,77,87,97,107,117,116,126,136;61,62,63,64,65,66,67,68,58,48,47,46,45,35;57,56,55,54,44,43,33;60,70,71,81;27,28,18,8;39,38,37,36,26,16;120,110,111,101,102,103,93,83,84,85,86,96,106,105,115,125,124,123,133,132,131;17,7,6,5,15,25,24,34;95,94,104,114,113,112,122,121;53,52,51,41;42,32,22,23,13,14,4
11:14+B,0,66,11,,0:1:2:3:4:9:10:11:12:13:14:21:22:23:24:33:34:43:44:55:56:65:66:75:76:86:87:88:97:98:99:100:108:109:110:119:120:121:129:130:131:132:140:141:142:143:144:147:149:150:151:152:153;77,78,89,90,101,112,111,122,133,134,145,146;138,139,128,117,118,107,96,85,74,73,62,51,52,41,42;123,124,135,136,137,148;45,46,35,36,25,26,15,16,5,6;127,126,125,114,113,102,91,92,81,82,71;84,95,106,105,116,115;63,64,53,54;7,18,17,28,27,38,37;103,104,93,94,83,72,61,60,59,70,69,80,79;32,31,30,29,40,39,50,49,48,47,58,57,68,67;8,19,20
10:14+B,0,67,11,,0:1:2:8:9:10:11:12:19:20:21:29:40:49:59:68:69:78:79:88:89:98:99:108:109:117:118:119:127:128:129:130:134:135:136:137:138:139;124,114,115,105,95,85,86;13,23,22,32,31,30;33,43,42,41,51,50,60,70,80,90,100,110,120,121,131,132,133,123,113,103,102,92,82,72,73,63,64,65;24,14,4,3;125,126,116,106,96;28,27,37;104,94,93,83;39,38,48,58,57,67,77,87,97,107;16,26,36,46,47;84,74,75,76,66,56,55,45;18,17,7,6,5,15,25,35,34,44,54,53,52,62,61,71,81,91,101,111,112,122
10:15+B,0,68,11,,0:1:2:3:4:6:7:9:10:11:12:13:14:19:20:21:22:23:29:30:31:32:39:40:41:50:60:69:70:79:80:89:90:99:110:118:119:128:129:130:139:140:141:142:145:148:149;88,98,108,109;125,115,116,106,96,86,85,84,83,82,92,102;53,54,44,45,35,25,26;143,144,134,135,136,126,127,117,107,97,87,77,78,68,58,59,49;51,52,42,43,33,34,24;100,101,91,81,71,72,73,74,75,76,66,67,57,47,48,38,28,18,8;95,105,104,114,124,123,122;146,147,137,138;61,62,63,64,65,55,56,46,36,37,27,17,16,15,5;133,132,131,121,120;94,93,103,113,112,111
10:15+B,0,69,9,,0:1:2:3:4:8:9:10:11:12:13:14:19:20:21:22:23:24:29:30:31:32:39:40:41:42:49:50:59:69:70:79:80:89:99:100:109:110:119:128:129:140:141:144:145:149;90,91,81,71,72,62,63,64,54,44,45;139,138,148,147,146;131,132,122,123,124,114,115;130,120,121,111,101,102,92,82,83,73,74,75,65,55;60,61,51,52,53,43,33,34,35,36,46,56,66,76,86,85,84,94,93;16,26,27,37,47,57,67,77,87;25,15,5,6,7,17,18,28,38,48,58,68,78,88,98,108,118,117,127,137,136;97,96,95,105,104,103,113,112;107,106,116,126,125,135,134,133,143,142
10:16+B,0,70,9,,0:1:2:3:4:5:7:8:9:10:11:12:13:14:17:18:19:20:21:22:23:24:30:31:32:34:39:40:41:42:49:50:51:59:60:61:69:70:79:80:99:100:109:110:119:120:128:129:138:139:150:152:154:155:159;6,16,26,27,28,29;33,43,53,52,62,72,71,81;118,117,127,137,147;144,134,124,114,104;136,126,116,106,96,97,87,77,78,68,58,48,38,37,36,35,25,15;140,130,131,121,111,101,91,90;149,148,158,157,156,146,145,135,125,115,105,95,85,86,76,66,67,57,47,46,45,44,54,64,63,73,83,82,92,102,112,122,132,142,141,151;89,88,98,108,107;153,143,133,123,113,103,93,94,84,74,75,65,55,56
10:15+B,0,71,11,,0:1:2:3:4:9:10:11:12:13:14:19:20:21:22:23:29:30:31:39:40:41:49:50:51:60:69:70:79:80:89:90:99:109:110:118:119:120:128:129:140:144:145:149;97,87,77,78,68;142,132,122,121,111,101,100;139,138,137,127,117,107,108,98,88;94,95,96,106,116;126,125,115,105;59,58,57,67,66,65,75,74,84,83,93,103,104,114,124,134,135,136,146,147,148;85,86,76;82,72,73,63,64,54,55,56,46,47,48,38,28,18,8;53,43,44,45,35,36,37,27,17,7,6,5,15;130,131,141;143,133,123,113,112,102,92,91,81,71,61,62,52,42,32,33,34,24,25,26,16
10:16+B,0,72,11,,0:1:2:3:4:5:6:7:9:10:11:12:13:14:19:20:21:22:23:29:30:31:32:39:40:41:49:50:51:59:60:61:70:79:80:81:89:90:98:99:109:110:119:120:128:129:130:139:140:149:150:154:159;135,145,155,156,157,158,148,138,137;64,65,66,56,46,47;28,27,26,36,35,45,44,43,42,52,62,72,71;69,68,78,88,87,97,107;91,92,82,83,73,63,53,54,55;100,101,111,121,131,141,151,152,153,143,144,134,124,125,115,105,95,85;147,146,136,126,127;142,132,133,123,113,114,104,94,84,74,75;8,18,17,16,15,25,24,34,33;122,112,102,103,93;108,118,117,116,106,96,86,76,77,67,57,58,48,38,37
10:16+B,0,73,11,,0:1:2:3:4:6:7:8:9:10:11:12:13:14:20:21:22:23:30:31:32:39:40:41:49:50:59:60:61:69:70:71:79:80:89:90:99:108:109:110:119:120:128:129:130:138:139:140:149:150:154:159;29,28,38,48,58,68;118,117,127,137,147,146;25,24,34,33,43,42,52,51;5,15,16,26,36,46,56,55,65,64,63,62,72,82,81,91;53,54,44,45,35;125,115,105,95,96,97,98,88,78;100,101,111,121,131,141,151,152,153,143,144,145,155,156,157,158,148;142,132,122,112;133,123,113,103,102;92,93,83,73,74,75,76,66,67,57,47,37,27,17,18,19;77,87,86,85,84,94,104,114,124,134,135,136,126,116,106,107
10:16+B,0,74,10,,0:1:2:3:4:5:7:8:9:10:11:12:13:19:20:21:22:30:31:39:40:41:49:50:51:59:60:61:69:70:71:79:80:89:99:100:109:110:111:118:119:120:128:129:130:139:149:150:154:158:159;54,55,45,46,36,37,38,48,58,68,78,88,98,108,107,117,127,137,136,146;18,28,29;6,16,15,14,24,23,33,32,42,52,62,72,82,81,91,90;87,86,85,95,105,115,125,135,145,155,156,157,147,148,138;53,43,44,34,35,25,26,27,17;153,143,144,134,124,114,104,94,84,74,75,76,77,67,57,47;126,116,106,96,97;151,152,142,132,133,123;140,141,131,121,122,112,113,103,93,83,73,63,64,65,66,56;101,102,92
10:16+B,0,75,11,,0:1:2:3:5:6:7:9:10:11:12:13:19:20:21:22:29:30:31:39:40:41:49:50:51:59:60:61:69:70:71:80:90:99:100:109:110:111:119:120:128:129:140:149:150:151:155:156:158:159;148,147,157;118,108,98,88,87,77,67,68,58,48,38,28,18,8;139,138,137,127,117,107,97,96,86,85,84,83;52,53,54,55,45,46,36,26;92,93,103,104,114,115,125,135,134;33,23,24,14,4;78,79,89;124,123,113,112,102,101,91,81,82,72,73,74,75,76;130,131,141,142,152,153,154,144,145,146,136,126,116,106,105,95,94;121,122,132,133,143;62,63,64,65,66,56,57,47,37,27,17,16,15,25,35,34,44,43,42,32
10:16+B,0,76,13,,0:1:2:3:4:5:7:8:9:10:11:12:13:19:20:21:22:23:30:31:32:40:41:50:51:59:60:61:69:70:71:80:90:99:109:110:119:120:128:129:130:139:140:149:150:154:155:156:159;148,138,137,127,117,107,97,96,95,94,84,74,64,54,53;124,123,122,132,142;131,121,111,112,113,103,104,105,106,116,126,136,135,134,133;49,39,29,28,18,17;15,16,6;141,151,152,153,143,144,145,146,147,157,158;14,24,25,26,27,37,38,48,58,68,78,79,89;86,85,75,65;102,92,93,83,73,63;43,44,45,55,56,66,76;125,115,114;42,52,62,72,82,81,91,101,100;33,34,35,36,46,47,57,67,77,87,88,98,108,118
10:16+B,0,77,13,,0:1:2:3:4:7:9:10:11:12:13:14:19:20:21:22:23:29:30:31:32:33:39:40:41:42:50:51:60:61:69:70:71:80:89:90:99:100:109:119:120:128:129:130:149:150:155:159;24,25,15;8,18,28,38,48,47,46,45,55,54,64,63,73,83,82,81,91,101,111,110;121,131,132,142,152,153,154,144,145,146,156,157;26,16,6,5;140,141,151;147,148,158;74,84,94,93,92,102,112,122,123,133,143;103,113,114,124,134,135,136,126,116,106,96,86,76,77,67,68,58,59,49;72,62,52,53,43,44,34,35,36,37,27,17;118,108,98;139,138,137,127,117,107,97,87,88,78,79;104,105,115,125;95,85,75,65,66,56,57
10:16+B,0,78,8,,0:1:2:3:4:8:9:10:11:12:13:19:20:21:22:23:29:30:31:32:33:39:40:41:42:50:51:52:60:61:62:70:79:80:81:89:90:99:109:119:129:130:139:140:149:150:159;25,35,36,46,56,66,65,75,85,95,105,115,116;58,57,47,37,27,26,16;45,55,54,64,74,84,94,104,114,124,125,126;87,88,78;97,98,108,118,128,138,148,158,157,156,155,154,153,152,151,141,131,121,120,110,100;69,68,67,77,76,86,96,106,107,117,127,137,147,146,145,144,143,142,132,122,112,111,101,91,92,82,72,71;59,49,48,38,28,18,17,7,6,5,15,14,24,34,44,43,53,63,73,83,93,103,102;136,135,134,133,123,113
11:17+B,0,79,12,,0:1:2:3:4:5:6:8:9:10:11:12:13:14:15:19:20:21:22:23:24:31:32:33:34:35:36:42:43:44:45:46:47:53:54:55:56:57:65:66:67:68:77:78:86:87:88:89:98:99:100:109:120:121:130:131:132:141:142:143:152:153:154:163:164:165:174:175:176:177:180:185:186;156,157,146,135,124,113,114,103,104,93,82,83,72,61,60;179,178,167,166,155,144,133,122,111,110;90,79,80,69,58,59,48,37,26,25;30,29,28,39;181,182,171,172,161,150,139,128,117,116,115,126,125,136;168,169,158,147,148,137,138,127;7,18,17,16,27,38,49,50,51,62,73,74,85,96,97,108,119,118,129,140,151,162,173,184,183;170,159,160,149;71,70,81,92,91,102,101,112,123,134,145;94,95,84;40,41,52,63,64,75,76;107,106,105
10:17+B,0,80,10,,0:1:2:3:4:6:7:8:9:10:11:12:17:18:19:20:21:22:27:28:29:30:31:38:39:40:41:42:48:49:50:51:52:58:59:60:61:69:70:79:80:90:109:119:128:129:138:139:148:149:150:159:160:168:169;32,33,23;5,15,16,26,36,37,47,57,67,68,78,88,89,99;43,44,34;158,157,156,155,154,153;136,135,134,124,114,104,105,106,107,97,87,77;13,14,24,25,35,45,46,56,66,76,86,96,95,94,93,103,113,123,133,143,144,145,146,147,137,127,126,125,115;152,142,132,122;116,117,118,108,98;84,85,75,65,55,54,53,63,62,72,71,81,91,101,100,110,120,130,140,141,151,161,162,163,164,165,166,167;131,121,111,112,102,92,82,83,73,74,64
11:17+B,0,81,12,,0:1:2:3:4:7:8:9:10:11:12:13:14:19:20:21:22:23:24:25:31:32:33:34:35:36:42:43:44:45:46:47:53:54:55:56:57:65:66:67:68:77:78:87:88:98:99:100:109:110:120:121:131:132:140:141:142:151:152:153:154:163:164:165:174:175:176:177:178:185:186;143,144,155,166,167,168,179;123,124,135,136,137,138,149,160,171,172;94,93,92,103,114,113;6,5,16,15,26,37,38,49,60,71,72,73,74,85,86,97;40,29,18,17;115,104,105,106;27,28,39,50,61,62,63,64,75,76;30,41,52,51;70,81,82,83,84,95,96,107,108,119,130,129,128,139,150,161,162,173,184,183,182,181,170,159,148,147,146;79,90,89;118,117,116,127,126,125;180,169,158,157,156,145,134,133,122,111,112,101,102,91,80,69,58,59,48
11:18+B,0,82,13,,0:1:2:3:4:6:7:8:9:10:11:12:13:14:18:19:20:21:22:23:24:25:30:31:32:33:34:35:41:42:43:44:45:46:47:53:54:55:56:57:65:66:67:68:69:76:77:78:79:80:88:89:98:99:100:109:110:111:131:132:141:142:143:152:153:154:162:163:164:173:174:175:176:177:185:186:187:188:189:196:197;5,16,15,26,37,36;73,74,85,96,97,108;48,49,60,71,82,93,104,103,102,113,124,135,146;182,183,172,161,150,151,140,129,130,119,120;27,38,39,50;58,59,70,81,92,91,90,101,112,123,134,145,156,157,158,159,148,137,126,127;167,168,169;17,28,29,40,51,52,63,64,75,86,87;115,114,125,136,147;184,195,194,193,192,191,190,179,178;118,107,106,95,84;165,166,155,144,133,122,121;62,61,72,83,94,105,116,117,128,139,138,149,160,171,170,181,180
11:17+B,0,83,13,,0:1:2:3:8:9:10:11:12:13:19:20:21:22:23:24:31:32:33:34:35:36:42:43:44:45:46:54:55:56:57:58:65:66:67:68:76:77:78:87:88:89:99:100:109:110:120:121:131:140:141:142:143:151:152:153:154:163:164:165:166:174:175:176:177:178:179:185:186;47,48,37;103,114,125,136,135;74,73,84,95,106,105,116,127,138,139,150,161,162,173,184,183,182,181,180,169,168,167,156,155,144;172,171,170;16,17,28,39,40,51,62,63,64,53;52,41,30,29,18,7,6,5,4,15,14;117,128,129;112,101,90,79,80,69,70,59;132,133,134,145,146,157,158,159,160,149;25,26,27,38,49,50,61,72,83,94,93,104,115,126,137,148,147;75,86,85,96,107,118,119,130;60,71,82,81,92,91,102,113,124,123,122,111;108,97,98
10:18+B,0,84,13,,0:1:2:3:5:6:7:8:9:10:11:12:18:19:20:21:22:29:30:31:32:38:39:40:41:42:43:49:50:51:52:59:60:61:62:63:70:71:72:80:81:82:90:91:100:101:110:120:130:138:139:149:150:159:160:161:170:171:172:173:179;78,88,98,97,107,106,105,115,114;57,67,77,87,86,96,95;145,135,125,124;53,54,44,34,24,25,15,16,17;45,35,36,37,47,48,58,68,69,79,89,99,109,108,118,117,116,126;119,129,128,127,137,136,146,156,157;147,148,158,168,169;178,177,176,175,174,164,163,162,152,151,141,140;33,23,13,14,4;113,103,104,94,84,85,75,76,66;26,27,28;144,134,133,123,122,112,102,92,93,83,73,74,64,65,55,56,46;167,166,165,155,154,153,143,142,132,131,121,111
10:18+B,0,85,10,,0:1:2:3:6:7:8:9:10:17:18:19:20:21:27:28:29:30:31:37:38:39:40:41:42:48:49:50:51:52:58:59:60:61:62:69:70:71:72:79:80:81:90:98:99:100:108:109:119:129:138:139:149:159:160:169:170:171:178:179;11,12,13,14;4,5,15,25,24,23,22,32;86,96,106,116,126,136,146,145,155,154,153,152,142,132,133,123,124,114,104;91,92,82,83;55,56,66,76,77,87,97,107,117,118,128;172,162,161,151,141,131,121,122,112,113;150,140,130,120,110,111,101,102,103,93,94,84,74,73,63,53,43,33,34,35,36,26,16;174,175,176,177,167,168,158,148;127,137,147,157,156,166,165,164,163,173;89,88,78,68,67,57,47,46,45,44,54,64,65,75,85,95,105,115,125,135,134,144,143
10:18+B,0,86,10,,0:1:2:4:5:6:7:8:9:10:17:18:19:20:21:27:28:29:30:37:38:39:40:41:47:48:49:50:51:52:59:60:61:62:69:70:71:72:80:81:89:90:99:100:108:109:118:119:128:129:139:149:159:160:169:170:171:178:179;11,12,22,23,33,34,44,54,64,74,84,94,93,103,102;58,57,56,46,36,26,16,15;112,113,114,104,105,95,85,75,65,55,45,35,25,24,14,13,3;163,164,165,166,167;31,32,42,43,53,63,73,83,82,92,91,101,111,110,120,130,140,150,151,161,162,172,173,174,175,176,177;88,87,77;143,144,145,146,147;98,97,107,117,127,126;168,158,157,156,155,154,153,152,142,141,131,121,122,123,124,125,115,116,106,96,86,76,66,67,68,78,79;148,138,137,136,135,134,133,132
10:17+B,0,87,10,,0:1:2:7:8:9:10:11:12:17:18:19:20:21:28:29:30:31:32:40:41:42:50:51:52:53:60:61:62:63:70:71:72:80:81:90:91:100:101:109:120:129:140:150:160:161:162:169;66,56,57;112,102,92,82,83,73,74,64,54,44,43,33;3,13,23,22;123,113,103,93,94,84,85,75,65,55,45,35,34,24,14,4,5,6,16;95,105,115,125,135,145,146,156,157;15,25,26,36,46,47,48,58,68,67,77,76,86,96,106,116,126,136,137,147,148,158,168,167,166,165,164,163,153,152,151,141,131,130;142,143,144,154,155;27,37,38,39,49,59,69,79,89,99,98,108,118,119;104,114,124,134,133,132,122,121,111,110;78,88,87,97,107,117,127,128,138,139,149,159
10:18+B,0,88,13,,0:1:2:3:5:6:7:8:9:10:11:12:16:17:18:19:20:21:27:28:29:30:38:39:40:41:49:50:51:59:60:61:62:69:70:71:72:79:80:81:90:91:99:109:118:119:128:129:138:139:149:159:170:171:176:177:179;31,32,22,23,13;169,168,178;48,58,68,78,77,87,86,85,84,83,82,92,102,112,111,121,131,141,151,152,153,154,155,156,146,136,126,127;15,25,35,45,44,54;163,164,165,166,167,157;46,56,55,65,64,63,53,52;4,14,24,34,33,43,42;158,148,147,137;26,36,37,47,57,67,66,76,75,74,73;134,124,114,104,105,106;101,100,110,120,130,140,150,160,161,162,172,173,174,175;142,132,122,123,113,103,93,94,95,96,97;89,88,98,108,107,117,116,115,125,135,145,144,143,133
10:17+B,0,89,13,,0:1:2:6:7:8:9:10:11:17:18:19:20:21:29:30:31:39:40:41:42:50:51:52:59:60:61:62:69:70:71:79:80:89:98:99:109:118:119:128:129:130:139:160:167:169;25,35,45,55,65,75,76,77,78,68,58,57,47,37,27,28;96,97,107,108;145,135,134,124,114;14,24,23,33,43,53,63,73,83,93,92,102,112,122,132,142,152,153,163,164,165,166;111,101,91,81,82,72;34,44,54,64,74,84,94,104,103,113,123,133,143,144,154,155,156,157;115,125,126,136,146,147;151,161,162;90,100,110,120,121,131,141,140,150;159,158,168;32,22,12,13,3,4,5,15,16,26,36,46,56,66,67;38,48,49;88,87,86,85,95,105,106,116,117,127,137,138,148,149
10:17+B,0,90,11,,0:1:2:7:8:9:10:11:18:19:20:21:29:30:31:40:41:42:49:50:51:52:59:60:61:69:70:71:79:80:89:90:99:108:109:119:129:139:149:159:160:161:162:167:169;137,127,126,125,124,123;17,16,6,5,4;53,63,62,72;3,13,14,15,25,26,27,28,38,39;57,67,77,87,86,96,95;144,143,142,141,131,121,111,112,102,103,104,105,106,107,97,98,88,78,68,58,48,47,37,36,35,34,24,23;168,158,157,156,166,165,164,163,153,152,151,150,140,130,120,110,100,101,91,92,93,94,84,85,75,76,66,56,46,45;136,135,134,133,132,122;113,114,115,116,117,118,128,138,148,147,146,145,155,154;81,82,83,73,74,64,65;55,54,44,43,33,32,22,12
11:18+B,0,91,12,,0:1:2:3:4:5:7:8:9:10:11:12:13:14:15:20:21:22:23:24:25:31:32:33:34:35:43:44:45:46:54:55:56:57:65:66:67:68:69:76:77:78:79:87:88:89:90:98:99:100:110:120:121:130:131:132:141:142:154:164:165:175:176:185:186:187:188:189:190:195:196:197;171,172,161,162,151,140,129,118,119;109,108,107,106,117,128,139,150,149,160;58,47,36;143,144,133,122,111,112,101,102,91,80,81,70,59,48,49,50,51,52,53;167,168,157,146,135;153,152,163,174,173,184,183,194,193,192,191,180,179,178,177,166,155,156,145,134,123,124,113,114,103,92,93,82,71,60,61,62,63,64,75;182,181,170,159,148,137,138,127,116,105,94,83,72,73,74,85,86,97;16,27,28,29;104,115,126,125,136,147,158,169;26,37,38,39,40;96,95,84;42,41,30,19,18,17,6
10:18+B,0,92,13,,0:1:2:3:4:6:7:9:10:11:12:13:14:19:20:21:22:23:24:30:31:40:41:42:50:51:52:60:61:62:70:71:72:79:80:81:82:90:91:100:109:110:120:130:139:140:159:160:169:170:173:178:179;129,119,118,117,127,126,136,146,145,155,165;150,151,141,131,121,111,101,102,92,93,83,73,63,64,65,66,67,57,47,46,45,44,34;128,138,137,147,157,156,166;172,171,161;8,18,17,16,26;97,96,106,116;143,142,152,162,163,164,174,175,176,177,167,168,158,148,149;32,33,43,53,54,55,56;99,98,108,107;89,88,87,86,85,95,105,115,114,124,123,133;125,135,134,144,154,153;69,59,49,39,29,28,27;132,122,112,113,103,104,94,84,74,75,76,77,78,68,58,48,38,37,36,35,25,15,5
11:18+B,0,93,12,,0:1:2:3:4:5:9:10:11:12:13:14:15:21:22:23:24:25:31:32:33:34:35:43:44:45:46:54:55:56:65:66:67:68:76:77:78:86:87:88:89:90:99:100:109:110:111:120:121:131:142:143:152:153:154:163:164:165:174:175:176:184:185:186:187:190:191:195:196:197;149,138,127,116,105;115,126,137,148,159,170,169,168,179,178,189;122,123,112,101,102,91,92,81,82,71,60,61,50;108,119,130,141;98,97,96,107,118,129,140,151,162,173,172,183,194,193,192,181,180;132,133,134,135,124,113;75,64,53,42;182,171,160,161,150,139,128,117,106,95,84,85,74,63,52,41,30,29,18;16,27,38,49,48,59,70,69,80,79;158,157,156,167,166,177,188;155,144,145,146,147,136,125,114,103,104,93,94,83,72,73,62,51,40,39,28,17,6,7,8,19,20;26,37,36,47,58,57
11:18+B,0,94,11,,0:1:2:3:4:5:9:10:11:12:13:14:15:16:20:21:22:23:24:25:31:32:33:34:35:43:44:45:46:54:55:56:65:66:67:68:76:77:78:79:86:87:88:89:90:99:100:110:120:121:131:132:142:143:153:154:163:164:174:175:176:184:185:186:187:194:195:196:197;125,126,115,116,105,94,83,72;149,148,159,158,169,168;123,124,135,136,137,138,127,128;119,130,141,152,151,162,173,172,183,182,193,192,191,190,189,188,177;18,29,40,39,38,49,48,59,70,81,92,91,102,101,112,111,122,133,134,145;52,51,50,61,60,71,82,93,104,103,114,113;47,36,37,26,27,28,17,6,7,8,19,30,41,42,53,64,75,74,85,96,97;63,62,73,84,95,106,117;80,69,58,57;144,155,156,157,146,147;98,109,108,107,118,129,140,139,150,161,160,171,170,181,180,179,178,167,166,165
11:18+B,0,95,10,,0:1:2:3:4:5:6:9:10:11:12:13:14:15:16:20:21:22:23:24:25:32:33:34:43:44:45:55:56:57:64:65:66:67:68:76:77:78:79:80:87:88:89:90:98:99:100:121:131:132:142:143:153:154:163:164:165:174:175:176:184:185:186:187:194:195:196:197;54,53,42,31,30,19;120,109,108,97,86,75;17,28,39,50,51,62,73,84,95,106,117,128,127,138,149,148,147,146,157,168;47,58,69;26,27,38,49,60,61,72,83,94,105,116,115,126,137,136,135,134,145,156,167,178,179,190,191,192,193,182,183,172,173,162,151,152,141,130,119,118,107,96,85,74,63,52,41,40,29,18,7,8;159,158,169,180;46,35,36,37,48,59,70,71,82,93,104,103,114,113,112,111,110;189,188,177,166,155,144,133,122,123,124,125;129,140,139,150,161,160,171,170,181;101,102,91,92,81
11:17+B,0,96,13,,0:1:2:3:4:9:10:11:12:13:15:21:22:32:33:43:44:45:46:54:55:56:57:65:66:67:68:77:78:79:87:88:89:99:109:110:120:121:131:132:141:142:153:154:163:164:165:174:175:176:177:182:183:184:185:186;96,97,98;14,25,24,23,34;83,82,71,60,49,38,27,16,5,6,7,8,19,20,31,42;169,158,147,146,135,124,123,112,111,100;30,41,52,53,64,75,76;178,167,166,155,144,143;26,37,48,59,70,81,92,93,94,105,116,117,128,139,150,161,160,159,148,137,136,125,114,113,102,101,90;130,119,108,107,106,95,84,73,72,61,50,39,28,17,18;162,173,172,171,170,181,180,179,168,157,156,145,134,133,122;149,138,127,126,115,104,103;86,85,74,63,62,51,40,29;152,151,140,129,118;91,80,69,58,47,36,35
11:18+B,0,97,12,,0:1:2:3:4:5:8:9:10:11:12:13:14:15:19:20:21:22:24:25:32:44:54:55:57:65:66:67:68:69:76:77:78:79:88:89:90:98:99:100:109:110:121:131:132:133:142:143:144:152:153:154:163:164:165:174:175:176:185:186:187:188:193:195:196:197;33,34,23;7,18,29,40,51;6,17,28,39,38,49,48,47,58;157,158,147,148,137,126,115,104,105,94,83,84,73;56,45,46,35,36,37,26,27,16;43,42,53,64,75,74,85,96,95,106,117,116,127,138,149,160,159,170,169;87,86,97,108,107,118,129,128,139,150,161,172,171,182,181,180,179,168,167,156,145,134,123,124,113;120,119,130,141,140,151,162,173,184,183,194;192,191,190,189,178,177,166,155;122,111,112,101,102,91,80,81,70,59,60,61,50;146,135,136,125,114,103,92,93,82,71,72;62,63,52,41,30,31
10:18+B,0,98,11,,0:1:2:3:4:7:8:9:10:12:13:14:19:20:23:29:50:52:60:61:62:63:70:71:72:80:81:82:90:91:100:120:121:130:139:140:149:150:158:159:160:168:169:170:171:178:179;11,21,31,30;40,41,51;6,5,15,25,24,34,33;53,54,55,65,66,76,86,96,106,116,126,125,135,145,155;46,56,57,67,77,87,97,107,117,127,137,136,146,156,166,165,164,163,153,152;110,111,112,122,132,131,141,151,161,162,172,173,174,175,176,177,167,157,147,148,138,128,118,108,98,88,78,68,58,48,47,37;18,17,16;73,83,93,92,102,101;142,143,133,123,113,103,104,94,84;64,74,75,85,95,105,115,114,124,134,144,154;129,119,109,99,89,79,69,59,49,39,38,28,27,26,36,35,45,44,43,42,32,22
11:18+B,0,99,13,,0:1:2:3:4:5:6:8:9:10:11:12:13:14:15:20:21:22:23:24:31:32:43:54:57:65:66:67:68:76:77:78:79:87:88:89:98:99:110:111:120:121:131:132:141:142:143:152:153:154:163:164:173:174:175:176:184:185:186:187:188:195:196:197;80,69,58,47,46,45;151,162,161,160,171,170,169;146,135,124,125,126,115,116,105,106,95,84,85,86,75,64,53;42,41,52,63,74,73,72,83,94,93,104,103,114,113,112,123,134,145;194,193,192,191,190,189,178,177;56,55,44,33,34,35,36,37,38,39,40,51,62,61,60,71,82,81,92,91,90;50,49,48,59,70;172,183,182,181,180,179,168,167,166,165;100,101,102;122,133,144,155,156,157,158,159,148,149,150,139,140,129,130,119,108,109;19,30,29,28;7,18,17,16,27,26,25;147,136,137,138,127,128,117,118,107,96,97
11:17+B,0,100,9,,0:1:2:3:4:8:9:10:11:12:19:20:21:32:44:54:55:56:57:65:66:67:77:78:87:88:89:99:100:109:110:120:121:130:131:132:140:141:142:143:152:153:154:163:164:165:174:175:176:184:185:186;161,160,171,170,169,158,147;34,35,36,25,26,27,16,5,6,7,18,29,40,51,62,61,72,83,82,93,92,103,114,125,124,123,134,145,156,167,178;31,30,41,52,63,74,73,84,95,94,105,104,115,126,137,136,135,146,157,168,179,180,181,182,183,172,173,162,151,150,139,128,129,118,119,108,97,98;43,42,53,64,75,76;113,102,91,80,81,70,71,60,49,50;86,85,96,107,106,117,116,127,138,149,148,159;45,46,47,48,37,38,39,28,17;33,22,23,24,13,14,15;177,166,155,144,133,122,111,112,101,90,79,68,69,58,59
12:17+B,0,101,13,,0:1:2:3:4:5:6:9:10:11:12:13:14:21:22:23:24:35:47:48:59:60:61:62:63:71:72:73:74:84:85:86:87:95:96:97:107:108:109:119:120:131:132:133:142:143:144:145:153:154:155:156:157:165:166:167:168:178:179:180:181:190:191:192:193:201:202:203;28,29,30,42,43,55,67,79,91;7,8,20,32,44,56,68,80,92,104,105,106,118,130,129,141,140,152,164,176,175,187,186,198,197,196,195;83,82,70,58,46;128,116,117;121,122,110,111,112,113,101,89,77,65,64,52,51,50,49,37,36;169,170,158,146,134,135,123,124;159,147,148,136,137,125;94,93,81,69,57,45,33,34;177,189,188,200,199;31,19,18,17,16,15,27,26,25;114,126,138,150,149,161,160,172,171;38,39,40,41,53,54,66,78,90,102,103,115,127,139,151,163,162,174,173,185,184,183,182,194;75,76,88,100,99,98
12:17+B,0,102,12,,0:1:2:3:4:5:9:10:11:12:13:23:24:25:48:60:61:62:71:72:73:74:75:83:84:85:86:95:96:97:107:108:109:119:120:131:132:133:134:141:142:143:144:145:153:154:155:156:157:165:166:167:168:169:178:179:180:181:190:191:192:193:197:200:201:202:203;159,160,161,162,163,151,139,138,137;189,177,176,164,152,140,128,129,130,118,106,94,82,70,58,46,45,33,32,31,30,29,28,27,26;121,122,110,98,99,100,101,89,90;14,15,16,17,18,6,7,8;183,171,172,173,174,175,187,188;69,57,56,44,43,42,41,40,39,38,37,36;87,88,76,77;199,198,186,185,184,196,195,194,182,170,158,146,147;150,149,148,136,135,123,111,112,113,114,102,103,104,92;19,20,21,22,34,35,47,59;91,79,78,66,65,64,63,51,50,49;124,125,126,127,115,116,117,105,93,81,80,68,67,55,54,53,52
11:17+B,0,103,11,,0:1:2:3:4:9:10:11:21:43:54:65:66:67:68:77:78:79:87:88:98:99:109:110:120:121:130:131:132:140:141:142:143:152:153:154:163:164:165:174:175:176:177:180:181:182:184:185:186;126,127,138,149,160,161;76,75,86,97,108,119,118,129;36,37,48,59,58,69,80,91,90,89,100,111,122,133,144,155;178,179,168,169,158,147,146,135,124,113;166,167,156,157;171,170,159,148,137,136,125,114,115,104,93,82,83,72,61,50,39,40,29,18,19,20;106,107,96,85,74,63,64,53,42,31,32;45,34,35,24,25,26,27,28,17,6,7,8;30,41,52,51,62,73,84,95,94,105,116,117,128,139,150,151,162,173,172,183;5,16,15,14,13,12,23,22,33,44,55,56,57,46,47;38,49,60,71,70,81,92,103,102,101,112,123,134,145
11:18+B,0,104,13,,0:1:2:3:4:5:7:8:9:10:11:12:13:14:15:16:20:21:22:23:24:32:54:65:66:77:87:88:89:98:99:100:109:110:120:121:131:132:140:141:142:143:152:153:163:164:165:174:175:176:184:185:186:187:191:194:195:196:197;135,146,157,158;190,179,180,181,192;188,189,178;43,42,31,30,19,18,17,6;71,70,69,58,47,46,45,56,67,78;159,148,137,126,115,104,105,106,107,96,85,74,63,62,51,50,39,38,37,48,59;177,166,167,156,145,134,123,124,113,102,91,80,81,82,83,72,61,60,49;55,44,33,34,35,36,25,26,27,28,29,40,41,52,53,64;76,75,86,97,108,119,118,117,116,127,138,149,150,151,162,173,172,183,182,193;139,128,129,130;154,155,144,133,122,111,112,101,90,79,68,57;168,169,170,171,160,161;73,84,95,94,93,92,103,114,125,136,147
12:18+B,0,105,12,,0:1:2:3:4:5:6:7:9:10:11:12:13:14:15:16:17:22:23:24:26:27:35:47:48:59:60:72:84:85:86:95:96:97:98:107:108:109:110:119:120:121:131:132:133:142:143:144:145:154:155:156:165:166:167:168:178:179:180:181:189:190:191:192:193:201:202:203:204:205:209:211:212:213:214:215;36,37,25;71,70,69,68,67,79,78,77,89,101,113,125;200,188,176,177;153,141,129,130,118,106;45,44,43,42,41,53,52,51,63,62;157,169,170,182,194,206,207,208,196,184,172,160,148,149,137,138,126,114,102,90,91,92,80,81,82,83;210,198,186,174;195,183,171,159,158,146,134,122,123,111,99,87,75,74,73,61,49,50,38,39,40,28,29,30,31,32,33,21;94,93,105,117,116,128,140,152,164,163,175,187,199;8,20,19,18;34,46,58,57,56,55,54,66,65,64,76,88,100,112,124,136,135,147;104,103,115,127,139,151,150,162,161,173,185,197
12:18+B,0,106,13,,0:1:2:3:4:5:6:9:10:11:12:14:15:16:17:18:22:23:24:35:47:59:60:72:73:84:85:95:96:97:98:106:107:108:109:110:119:120:121:131:132:133:141:142:143:144:145:153:154:155:156:165:166:167:168:177:178:179:180:181:189:190:191:192:193:201:202:203:204:205:209:212:213:214:215;118,130,129,128,127,126,125;211,210,198,186,174;7,19,31,30,42,54,53,52,40,39,27,26;13,25,37,38,50,51,63,64,65,66,67,68,56,57,45;75,76,77,78,79,80,92,104;71,83,82,94;195,183,184,172,160,148,149,137,138,139,140,152,164,176,188;41,29,28;55,43,44,32;8,20,21,33,34,46,58,70,69,81,93,105,117,116,115,114,113,112,124,136,135,147,159,171,170,182,194,206,207,208,196,197,185,173,161,162,150;200,199,187,175,163,151;91,90,89,88,87,86,74,62,61,49,48,36;103,102,101,100,99,111,123,122,134,146,158,157,169
11:18+B,0,107,13,,0:1:2:3:4:5:9:10:11:12:14:16:21:31:32:43:66:77:87:88:89:97:98:99:100:109:110:121:122:129:131:140:141:142:143:151:152:153:154:162:163:164:165:173:174:175:184:185:186:187:190:192:193:195:196:197;128,139,150,161,172;132,133,144,155;130,119,120;18,29,40,39,50,49,60,59,58,47,36,35,34;42,53,64,63,74,73,84,83,82,81,80,91,102,113,124,123,134,145;191,180,181,170,159;194,183,182,171,160,149,138,127,116,117,118,107,108;111,112,101,90,79,78,67,56,55;188,189,178,179,168,169,158,147,148,137,126,115,104,105,106,95,96,85,86,75,76,65,54;176,177,166,167,156,157,146,135,136,125,114,103,92,93,94;30,41,52,51,62,61,72,71,70,69,68,57,46,45,44,33,22,23,24,13;25,26,15;48,37,38,27,28,17,6,7,8,19,20
11:18+B,0,108,13,,0:1:2:3:4:5:8:9:10:11:12:20:21:31:32:43:54:76:77:87:88:89:97:98:99:100:109:110:111:121:132:140:142:143:151:152:153:162:163:164:165:173:174:175:176:184:185:186:187:190:193:194:195:196:197;177,166,167,156,145,134;23,22,33,44,55,66;131,130,141;37,48,59,70,81;95,106,117,116,127,138,149,160,171,170,169,168,157,146,135,124,113,102,91,80,69,58,47,36,25,26,27,28,29,18,19;148,137,126,115,104,105,94,83,72,61,50;65,64,53,42,41,30;118,129,128,139,150,161,172,183,182,181,192,191;154,155,144,133,122,123,112,101,90,79,68,57,46,35,24,13,14,15,16,17,6,7;34,45,56,67,78;180,179,178,189,188;159,158,147,136,125,114,103,92,93,82,71,60,49,38,39,40,51,52,63,74,75,86;62,73,84,85,96,107,108,119,120
12:18+B,0,109,13,,0:1:2:3:5:6:10:11:12:13:14:22:23:24:34:35:36:47:48:59:71:72:84:85:95:96:97:107:108:109:110:119:120:121:122:131:132:133:134:143:144:145:146:154:155:156:157:165:166:167:168:169:177:178:179:180:181:189:190:191:192:201:202:203:204:205:207:211:212:213:214:215;197,185,184,183,182,170;193,194,206;60,61,73,74,86,98,99,111,123,135,136,137,125,113,114,115,116,104;25,37,49,50,62,63,75,87,88,89,90,78,79,67,55,43,44;127,126,138,150,149,148,147;187,186,174,162,161,160,159,158;51,39,40,28;83,82,94,106,118,130,142,141,153,152,164;195,196,208,209,210,198,199,200,188,176,175,163,151,139,140,128,129,117,105,93,81,69,70,58,46,45,33,21,9,8,7,19,18,17,29,41,53,52,64,76,77;65,66,54,42,30,31,32,20;4,16,15,27,26,38;57,56,68,80,92,91,103,102,101,100,112,124;171,172,173
11:18+B,0,110,14,,0:1:2:3:4:9:10:11:13:20:21:22:31:32:43:54:65:66:76:77:87:88:99:100:109:110:111:120:121:122:131:132:141:142:151:152:153:162:163:164:173:174:175:184:185:186:187:189:192:194:195:196:197;155,156,145,146,135,124,125,126,115,116,105,106,95,84,73,62,61,50,39,38,37;74,63,52,51,40,29;169,180,181;178,167,166;93,104,103,114;48,49,60,71,72,83,94;55,44,33,34,23,12;160,161,172,183,182,193;98,97,108,119,130,129,140,139,150,149,148,159,170,171;14,15,16,5,6,7,8,19,30,41,42,53,64,75,86,85,96,107,118,117,128,127,138,137,136,147,158,157,168,179,190,191;188,177,176,165,154,143,144,133,134,123,112,101,90,89,78,67,56,45,46,35,24,25,26,27,28,17,18;59,70,69;36,47,58,57,68,79,80;82,81,92,91,102,113
12:18+B,0,111,12,,0:1:2:3:5:10:11:12:13:14:22:23:24:25:34:35:36:47:48:59:60:71:72:73:83:84:95:96:97:108:109:110:118:119:120:121:122:130:131:132:133:134:143:144:145:155:156:166:167:177:178:179:180:189:190:191:192:200:201:202:203:204:205:206:209:211:212:213:214:215;9,8,7,6;15,27,26;85,86,87,88,89,90,91;188,176,164,165;4,16,28,40,39,38,37,49,61,62,63,64,65,66,54,42,30,31,32,44,56,68,80,92,104,103,102,101,100,112,124,136,148,160,159,171,170,182,181,193;207,208,196,197,185,186,174,162,150,138,139,140,141;43,55,67,79,78,77,76,75,74;210,198,199,187,175,163,151,152,153,154,142;98,99,111,123,135,147,146,158,157,169,168;50,51,52,53,41,29,17,18,19,20,21,33,45,46,58,70,82,94,106,107;129,128,127,126;194,195,183,184,172,173,161,149,137,125,113,114,115,116,117,105,93,81,69,57
12:18+B,0,112,12,,0:1:2:3:9:10:11:12:13:14:22:23:24:34:35:36:48:60:72:73:83:84:95:96:97:107:108:109:110:118:119:120:121:122:130:131:132:133:134:142:143:144:154:155:156:166:167:177:178:179:180:189:190:191:192:200:201:202:203:204:205:206:207:209:211:212:213:214:215;145,157,158,170,182;146,147,135,136,137,138,139,127,115,103,91,79,80,68;85,86,98,99,111,123;71,59,47;197,185,186,174,175,163;208,196,184,172,173,161,162;210,198,199,187,188,176,164,165,153,141,129,117,105,106,94,82,70,58,46,45,33,21,20,8,7,6,5,4,16,15,27,26,38,50,62,74;168,169,181,193,194,195,183,171,159,160,148,149,150,151,152,140,128,116,104,92,93,81,69,57,56,44,32;113,101,89,77,76,64,52,53,41,29,17,18,19,31,43;28,40,39,51,63,75,87,88,100,112,124,125,126,114,102,90,78,66,65;25,37,49,61;67,55,54,42,30
12:18+B,0,113,12,,0:1:2:3:9:10:11:12:13:14:15:22:23:24:34:36:48:60:72:84:85:95:96:97:107:108:109:110:118:119:120:121:122:130:131:132:133:134:142:143:144:154:155:166:167:168:177:178:179:180:188:189:190:191:192:200:201:202:203:204:205:206:209:211:212:213:214:215;199,187,175,176,164,165,153;182,183,184,185,186,174,162,163,151,152,140,141,129,117,105,106,94,82,70,58,46,47,35;196,197,198,210;158,159,160,148,136,137;38,50,62,74,86,98,99,111,112,113;30,42,54,53,65,77,89;73,61,49,37,25,26,27,39,40,52,64,76;43,55,67,66,78,90,91,103,115,114,126,125,124,123,135,147,146,145,157,156;59,71,83;17,18,19,31,32,44,56,68,80,79;208,207,195,194,193,181,169,170,171,172,173,161,149,150,138,139,127,128,116,104,92,93,81,69,57,45,33,21,20,8,7,6,5,4,16,28,29,41;102,101,100,88,87,75,63,51
13:18+B,0,114,13,,0:1:2:3:4:9:10:11:12:13:14:15:22:23:24:25:26:27:36:37:38:39:50:51:65:77:78:90:91:102:103:104:105:115:116:117:118:119:127:128:129:130:131:132:140:141:142:143:144:145:153:154:155:156:157:166:167:168:169:179:180:181:191:192:193:194:195:204:205:206:207:208:216:217:218:219:220:221:222:228:229:230:231:232:233;94,95,108,109;7,6,5,18,17,16,29,28,41,54,67,66,79,92,93,106,107,120,133,146,159,158,171,170;64,63,76,89,88,101,114,113,126,139,152,165,178,177,190,203;182,183,196,209,210,223,224,225,212,213,200,201,188,175,162,149,150,137,124,111,98,85,84;75,62,49;56,57,44,45,46,33,34,35,48,61,74,87,100,99,112,125,138,151,164,163,176,189,202,215,214,227,226;211,198,199,186,187,174,161,148,135,136,123,110,97,96,83;40,53,52;122,121,134,147,160,173,172,185,184,197;71,72,73,86;70,69,82,81,80;68,55,42,43,30,31,32,19,20,21,8;58,59,60,47
12:18+B,0,115,13,,0:1:2:3:4:9:10:11:12:13:22:23:24:25:35:36:48:60:71:72:83:84:96:97:107:108:109:110:118:119:120:121:122:130:131:132:133:134:142:143:144:145:154:155:156:165:166:167:178:179:180:189:190:191:192:200:201:202:203:204:205:211:212:213:214:215;34,46,47,59;18,30,42,43,55,67,66,78,90,89,101,100,112,124,136,137,138,126,127,115,116,117,129,141,153,152,164,163,175,174,186,185,197,196,195,194;193,181,182,183,184,172,173,161,162,150,151,139,140,128;52,40,28,16,15,14,26,38,37,49,61,73,85,86,87;69,57,45,33,21,20,8;125,113,114,102,103,104,105,106,94,95;170,171,159,160,148,149;58,70,82,81,93,92;27,39,51,63,64,65,77;206,207,208,209,210,198,199,187,188,176,177;91,79,80,68,56,44,32,31,19,7,6,5,17,29,41,53,54;98,99,111,123,135,147,146,158,157,169,168;50,62,74,75,76,88
12:18+B,0,116,14,,0:1:2:4:8:9:10:11:12:13:22:23:24:35:36:47:59:60:71:72:83:84:96:97:106:107:108:109:119:120:121:122:130:131:132:133:134:142:143:144:154:155:156:166:167:168:177:178:179:180:189:190:191:192:200:201:202:203:204:205:211:212:213:214:215;26,14,15,3;69,68,80,92,104,103,115,127,139,140;5,6,7,19,20,21,33,45,57,56,55,67,79,91,90,102,114,126,138,137,136;95,94,93,105,117,118;159,171,183,195,196,197,185,173,161,162,150,151,152,153,141,129,128,116;48,49,50,62,74;163,175,174,186;18,17,16,28,27,39,38,37,25;32,44,43,42,54,66,78,77,89,101,113,125,124,123,135,147,146,145,157,169,181,193,194,206,207,208,209,210,198,199,187,188,176,164,165;184,172,160,148,149;182,170,158;31,30,29,41,53,65,64,76,88,100,112,111,110,98,86,85,73,61;34,46,58,70,82,81;99,87,75,63,51,52,40
12:18+B,0,117,13,,0:1:2:3:8:9:10:11:12:13:21:22:23:24:35:36:59:60:71:72:83:84:94:95:96:97:107:108:109:118:119:120:121:122:130:131:132:133:142:143:144:154:155:166:167:168:177:178:179:180:189:190:191:192:200:201:202:203:204:205:212:213:214:215;106,105,93,92,91,79,67,66,65,53,52,40,28,27,26,25;47,46,34,33,32,20,19,7;145,146,134,135,136,137;14,15,16,17,29,41,42,54,55,56,68,69;170,182,183,184,185,173,174,175;48,49,50,62,74,75,87,99,111,123,124,125,126,127,128,140,152,151,163,162,161,160,172,171;139,138,150,149,148,147,159,158,157,156;61,73,85,86,98,110;206,207,208,209,210,211,199,187,188,176,164,165,153,141,129,117,116,104,103,102,90,89,88,100,112;101,113,114,115;80,81,82,70,58,57,45,44,43,31,30,18,6,5,4;78,77,76,64,63,51,39,38,37;169,181,193,194,195,196,197,198,186
12:18+B,0,118,14,,0:1:2:3:8:9:10:11:12:13:23:24:35:36:59:72:83:84:95:96:97:106:107:108:109:118:119:120:121:130:131:132:133:142:143:144:154:155:156:165:166:167:168:177:178:179:180:181:189:190:191:192:193:201:202:203:204:205:206:212:213:214:215;4,5,6,7,19,20,21,33,45,57,58,70,71;145,157,169,170,182,194,195,207,208,209,210,211,199,187,175,163,151,139,140;60,48,49,37,25,26,14,15,16,17,18;81,69,68,56,44,32,31,30,29,28,27;63,64,76,88,89,90,78,66,54;82,94,93,105,117,116,115,114;104,92,80;77,65,53,52,51;22,34,46,47;85,73,74,75,87,99,100,112;147,148,160,172,184,196,197,198,186,174,162,150,138,126,127,128,129,141,153,152,164,176,188,200;61,62,50,38,39,40,41,42,43,55,67,79,91,103,102,101,113,125,124,123,111,110,98,86;185,173,161,149,137,136,135;183,171,159,158,146,134,122
12:18+B,0,119,13,,0:1:2:3:8:10:11:12:13:23:24:25:35:36:47:48:71:83:84:95:96:97:107:108:109:118:119:120:121:131:132:133:142:143:144:145:154:155:156:157:165:166:167:168:177:178:179:180:189:190:191:192:193:194:202:203:204:205:206:213:214:215;20,19,7;158,146,134,122,110;130,129,141,153,152,151;9,21,22,34,46,45,57,69,81,93,92,91,90,102,114,113,112,124,136,148,160,172,184,185,186,174,175;201,200,212,211,210,209,208,207;169,181,182,183,195,196,197,198,199,187,188,176,164,163,162,150,138,139,140,128,116,117,105,106,94,82,70,58,59;76,64,63,62,61,49,37,38,39,27,28,29,17;50,51,52,40,41,42,54;173,161,149,137,125,126,127,115,103,104;53,65,66,67,55,43,31,30,18,6,5,4,16,15,14,26;101,89,77,78,79,80,68,56,44,32,33;100,88,87,75,74,73,72,60;170,171,159,147,135,123,111,99,98,86,85
12:18+B,0,120,14,,0:1:2:3:4:8:10:11:12:13:23:24:25:35:36:59:60:71:72:83:96:107:108:109:118:119:120:121:130:131:132:142:143:144:153:154:155:156:157:165:166:167:168:177:178:179:180:189:190:191:192:193:201:202:203:204:205:206:213:214:215;47,46,34,22,21,9;20,32,33,45,57,69,68,67,66,65,77,76,75;93,81,82,70,58;145,133,134,122,110,111,99,100,101,102;146,158,159,160,161,162,163;182,183,184,196,197,198,199;14,15,16,17,5,6,7,19,31,43,42,41,40,39,51;18,30,29,28,27,26;78,79,80,92,104,116,128,127,126,125;185,186,187,188,200,212,211,210,209,208,207,195,194;37,38,50,62,63,64,52,53,54,55,56,44;84,85,97,98;95,94,106,105,117,129,141,140,139,138,137,136;181,169,170,171,172,173,174,175,176,164,152,151,150,149,148,147,135,123,124,112,113,114,115,103,91,90,89,88,87,86,74,73,61,49,48
12:18+B,0,121,14,,0:1:2:3:4:8:10:11:12:13:14:15:23:24:25:36:48:71:72:83:95:96:106:107:108:109:119:120:121:131:132:133:142:143:144:154:155:156:157:165:166:167:168:169:177:178:179:180:189:190:191:192:193:202:203:204:205:206:214:215;86,87,88,76,77,65,53;145,146,134,122,110,111,112,113,114,115,116,104,92,80,81,69,57;9,21,22,34,35,47,59,58,70,82,94,93,105,117,118,130;73,74,62,50,51,39;75,63,64,52,40,28,27,26,38,37,49,61,60;55,43,31,30,18,6,5;16,17,29,41,42,54,66,78,90,89,101,100,99,98,97,85,84;164,152,153,141,129,128;136,137,138,150,151,163;102,103,91,79,67,68,56,44;201,213,212,211,210,209,208,207,195,194,182,181;140,139,127,126,125,124,123,135,147,148,149,161,162,174,175,176,188,200,199,198,197,196,184,183,171,170;46,45,33,32,20,19,7;187,186,185,173,172,160,159,158
12:18+B,0,122,13,,0:1:2:3:7:9:10:11:12:13:14:22:23:24:35:59:71:82:83:93:94:95:105:106:107:108:118:119:120:129:130:131:132:142:143:153:154:155:156:164:165:166:167:176:177:178:179:189:190:191:192:201:202:203:204:205:213:214:215;21,33,34,46,47;117,116,128,127,139,138,150,162,174,186,198,199;70,58,57,56,68,67,79,91,90,102;169,170,182,183,195,207,208,209,197,185,173,161,149,137,125,126,114,115,103,104,92,80,81,69;17,29,28,40,52,51,63,75;210,211,212,200,188,187,175,163,151,152,140,141;8,20,19,18,6,5,4,16,15,27,39,38,50,62,74;144,145,133,121,109,97,96,84,72,60,48,36;100,99,98,110,122,134,146,158,157;168,180,181,193,194,206;196,184,172,160,148,136,124,112,113,101,89,77,78,66,54,55,43;45,44,32,31,30,42,41,53,65,64,76,88,87,86,85,73,61,49,37,25,26;171,159,147,135,123,111
12:18+B,0,123,15,,0:1:2:3:8:10:11:12:13:14:24:25:36:48:60:82:83:94:95:96:97:106:107:108:118:119:120:121:130:131:132:133:143:144:145:155:156:157:166:167:168:177:178:179:180:181:190:191:192:193:202:203:204:205:206:213:214:215;185,186,174,162,150,138,139,127,115,103,91,79,67,55,43,44,45,46;9,21,22,23,35,47,59,58,57,56,68,80,92,104,116,128;169,170,182,194,195,207,208,209,210,211,212,200,201;71,70,69,81,93,105,117,129,141,140;85,86,87,75,63,62;98,99,111,123,135,134,146,158;34,33,32,20,19,18,17,29,41,53,65,77,89,101,113,125,137,149,161,173,172;39,40,28,16,4,5,6,7;122,110,109;142,154,153,165,164,176,188,189;147,148,136,124,112,100,88,76,64,52,51,50;31,30,42,54,66,78,90,102,114,126;15,27,26,38,37,49,61;152,151,163,175,187,199,198,197,196,184,183,171,159,160;74,73,72,84
13:18+B,0,124,15,,0:1:2:3:9:11:12:13:14:15:25:26:27:39:51:52:63:64:65:76:77:88:89:90:91:102:103:104:105:114:115:116:117:118:127:128:129:130:131:140:141:142:143:154:155:156:157:167:168:169:170:179:180:181:182:192:193:194:195:196:206:207:208:209:210:218:219:220:221:222:223:230:231:232:233;24,23,10;205,204,217;99,86,73,60,59,46,45,44,57,56,69,82,95,96,97,110,123,124,125,138;132,133,146,159;50,49,62,75;4,5,6,7,8,21,22,35,36,37,38;78,79,92,93,106,119,120,121,134,147,148,149,162,163,176,177;183,184,197,198,199,212,213,214,215,202,189,188,175,174;20,19,18,17,16,29,28,41,54,67,80;66,53,40;144,145,158,171,172,185;101,100,87,74,61,48,47,34,33,32,31,30,43,42,55,68,81,94,107,108,109,122,135,136,137,150,151,164,165,178,191,190,203,216,229,228,227,226,225,224,211;58,71,72,85,98,111,112,113,126,139,152,153,166;70,83,84;161,160,173,186,187,200,201
12:18+B,0,125,14,,0:1:2:11:12:13:14:24:25:36:59:60:71:83:84:94:95:96:97:107:108:109:118:119:120:130:131:132:133:143:144:154:155:156:157:166:167:168:169:178:179:180:181:190:191:192:193:202:203:204:205:206:212:213:214:215;48,49,61,62,74;188,176,164,152,140,128,129,117,105,106;200,201,189,177,165,153,141,142;42,43,44,45,57,69,81,82;23,35,47,46,58,70;145,146,158,170,182,194,195,207,208;93,92,80,68,56,55,54;65,66,67,79,91,103,104,116;121,122,134,135,147,148,160,172;123,111,110;21,20,19,18,17,16,28,40,39;163,151,139,127,115,114,102,90,78,77,76,64,52,53,41,29,30,31,32,33,34,22,10,9,8,7,6,5,4,3,15,27,26;198,186,185,173,161,149,137,136,124,112,100,99,98,86,85,73,72;159,171,183,184,196,197,209,210,211,199,187,175,174,162,150,138,126,125,113,101,89,88,87,75,63,51,50,38,37
12:18+B,0,126,14,,0:1:2:3:4:11:12:13:14:24:25:36:48:60:71:83:84:95:96:97:107:108:118:119:120:130:131:132:133:143:144:154:155:156:157:166:167:168:169:178:179:180:191:192:193:202:203:204:205:206:211:212:213:214:215;183,184,185,186,187,188,189,190;134,122,121,109;72,73,85,86,98,110,111,123,135,147,159,171,172,173,174,175,176,177,165,153,141,142;21,33,32,44,56,68,67,79,91,103,115,127,139,151,150,149,137,125,113,101,89,88,76,75,74,62,61;170,158,146,145;197,196,195,194,182,181;207,208,209,210,198,199,200,201;138,126,114,102,90,78,77,65,53,41,42,30,18,19,20;31,43,55,54,66;87,99,100,112,124,136,148,160,161,162,163,164,152,140,128,129,117,105,106;116,104,92,93,94,82,70,58,59,47,35,23,22,10,9,8,7,6,5,17,16,15,27,26,38,37,49;50,51,39,40,28,29;52,64,63;34,46,45,57,69,81,80
12:18+B,0,127,12,,0:1:2:4:10:11:12:22:23:24:36:48:59:70:71:82:83:94:95:105:106:107:117:118:119:129:130:131:132:141:142:143:153:154:155:156:166:167:168:178:179:180:190:191:192:202:203:204:205:210:211:213:214:215;127,115,103,102,90,78;187,186,185,184,172,171,159,158,146,134,122,110,109,97,85,73;114,113,101,89,77,65,66,67,55,43,31,32;173,174,162,150,149,137,136,124,112,100,88,76,64,52,53,54,42,30,18,19,20,21,33,34,35,47;57,69,81,93,92,104,116,128,140,152,164,165,177,189,201;144,145,157,169,181,193,194,206,207,208,209,197,198,199;9,8,7,6,5,17,29,41,40,39,51,63,75,87;125,126,138,139,151,163,175,176,188,200,212;170,182,183,195,196;91,79,80,68,56,44,45,46,58;16,28,27,26,38,50,62,74,86,98,99,111,123,135,147,148,160,161;3,15,14,13,25,37,49,61,60,72,84,96,108,120,121,133
13:18+B,0,128,15,,0:1:2:11:12:13:14:15:25:26:27:28:38:39:40:41:52:53:65:66:77:78:79:89:90:91:101:102:103:115:116:117:127:128:129:130:141:142:143:144:153:154:155:156:167:168:169:170:179:180:181:182:183:192:193:194:195:196:206:207:208:209:219:220:221:222:223:226:227:232:233;118,131,132,133,134,135,122,123,110,97,98,85,72,59,60,47,48;84,71,58,45,46;166,165,178,191,204,205,218,231,230,229,228,215,202,189;217,216,203,190,177,164,151,138,125,126,113,114;212,213,214,201,188,175,176;199,200,187,174,161,162,163,150;36,35,34,33,32,31,44,57,70,83,96,109;159,172,171,184,197,210,211,224,225;107,94,93,92,105,104;152,139,140;157,158,145,146;108,95,82,81,80,67,54,55,42,29,16,3,4,5,6,7,8,9,10;51,64,63,76,75,88,87,100,99,112,111,124,137,136,149,148,147,160,173,186,185,198;86,73,74,61,62,49,50,37,24,23,22,21,20,19,18,17,30,43,56,69,68;121,120,119,106
13:18+B,0,129,15,,0:1:2:11:12:13:14:15:25:26:27:28:38:39:40:41:52:53:64:65:66:77:78:79:89:90:91:102:103:115:116:117:127:128:129:130:140:141:142:143:153:154:155:156:157:166:167:168:169:180:181:182:183:193:194:195:206:207:208:209:219:220:221:222:223:224:226:228:232:233;213,200,201,188,175,162,161,160,173;203,202,189,176,163,150,137,136,135,134,121,108,95,82,81,80,67,54,55,42,29,16,3,4,5;210,211,212,225;18,17,30,43,56,69,68;104,105,118,131,144;149,148,147,146,133,120,107,94,93,92;75,88,87,86,99,98;170,171,184;106,119,132,145,158,159,172,185;174,187,186,199,198,197,196;48,61,74,73,72,85;217,204,191,190,177,164,151,138,125,124,123,122,109,96,83,70,57,44,31,32,19,6,7,8,9,10,23,24,37,50,51;34,47,60,59;227,214,215,216,229,230,231,218,205,192,179,178,165,152,139,126,113,112,111,110,97,84,71,58,45,46,33,20,21,22,35,36,49,62,63,76;100,101,114
13:18+B,0,130,14,,0:1:2:11:12:13:14:15:25:26:27:28:39:40:52:53:65:66:77:78:79:90:91:103:104:115:116:128:129:130:140:141:142:143:144:153:154:155:156:157:167:168:169:170:179:180:181:182:183:192:193:194:195:196:205:206:207:208:209:219:220:221:222:223:226:228:231:232:233;198,185,172,173,174,175,176,163,150,137,138,125,112,113,100,87,74,61,48,35,36;199,186,187,188,189,190,177,164,151,152,139,126,127,114,101,102,89,76,63,64,51,38,37,24,23,10,9,8,7,6,5,4,3,16,29,42,41,54,67,80,81,82,95,96;121,122,123,124,111,98,99,86,73,60,47,34,33,32;55,68,69,70,83;136,149,162;22,21,20,19,18,17,30,43,56,57,58,71,84;166,165,178,191,204,203,202,201,200,213,212;227,214,215,216;50,49,62,75,88;218,217,230,229;105,106,119,120,133,134,135,148,161,160,159,158,171,184,197,210,211,224,225;92,93,94,107,108,109,110,97;147,146,145,132,131,118,117;85,72,59,46,45,44,31
13:18+B,0,131,15,,0:1:2:9:10:11:12:13:14:23:24:25:26:27:38:51:52:77:78:89:90:101:102:103:114:115:116:127:128:129:140:141:142:143:152:153:154:155:165:166:167:168:169:178:179:180:181:182:191:192:193:194:204:205:206:207:217:218:219:220:221:222:223:225:230:231:232:233;130,117,104,91,92,79,80,67,54,55,56,43,44;156,157,158,159,146,133;53,66,65;132,119,120,107,108,95,96,97;195,208,209,210,197,184,185,186,187,174,161,162,149,150,137;224,211,212,213,214,215,202,189,190,177;198,199,200,201,188,175,176,163,164,151,138,139,126,113;17,18,19,20,33,46,59,72,71,84,83,82,81,94,93,106,105,118,131,144,145;28,15,16,3,4,5,6,7,8,21,22,35,48,49;64,63,62,61,74,73,86,85,98,111,110,109,122,121,134;34,47,60;68,69,70,57,58,45,32,31,30,29,42,41,40,39;226,227,228,229,216,203;36,37,50;196,183,170,171,172,173,160,147,148,135,136,123,124,125,112,99,100,87,88,75,76
14:18+B,0,132,15,,0:1:2:3:4:5:6:10:11:12:13:14:15:16:26:27:28:29:30:41:42:43:55:56:70:83:84:85:96:97:98:109:110:111:124:125:138:139:140:151:152:153:154:155:164:165:166:167:168:179:180:181:182:192:193:194:195:196:197:206:207:208:209:210:211:220:221:222:223:224:225:234:235:236:237:238:239:240:241:243:247:248:249:250:251;57,71,72,86,100,99,113;59,73,87,101,102,103,89,75,61,62,63,64,65,66,67,53,54;37,36,35,34,33,32;25,24,23,9,8,7;40,39,38,52,51,50,49,48,47,46,60,74,88;123,122,121,135,149,163,162,161,160,159,173,172,171,170,169,183;69,68,82,81,95,94,108,107,106,120,134,148,147,146,145,144,158,157,156;78,77,76,90,104,118,117,116,115,114,128;112,126,127,141,142,143,129,130,131,132,133,119,105,91,92,93,79,80;178,177,176,175,174,188,187,186,185,184,198,212,226;22,21,20,19,18,17,31,45,44,58;218,204,203;231,217,216,202,201,200,199,213,227,228,242;214,215,229,230,244,245,246,232,233,219,205,191,190,189;137,136,150
14:18+B,0,133,14,,0:1:2:3:5:8:10:11:12:13:14:15:16:24:25:27:28:29:41:42:43:56:69:70:83:84:97:98:109:110:111:123:124:125:126:137:138:139:140:150:151:152:153:154:155:164:165:166:167:168:179:180:181:182:183:192:193:194:195:196:197:206:207:208:209:210:211:220:221:222:223:224:225:234:235:236:237:238:239:243:248:249:250:251;57,71,85,99;232,218,204,203;55,54,40,26;173,159,158,144,143,129,128,114,100,86,72,73,74,75,76,62,63,49,50,51,52;136,122,108,94,95,96;7,6,20,19,33,32,46,45;244,230,229,228,242,241,240,226,212,198,199,200,201,202;68,82,81,80,79,93,92,106,105,104,118,132,133,147,161,175,189,188,187,186,172,171,157,156,142,141,127,113,112;227,213,214,215,216,217,231,245,246,247,233,219,205,191,190,176,162,148,134,120,119;185,184,170,169;178,177,163,149,135,121,107;36,37,38,39,53,67,66,65,64,78,77,91,90,89,88,87,101,115,116,130;9,23,22,21,35,34,48,47,61,60,59,58,44,30,31,17,18,4;102,103,117,131,145,146,160,174
14:18+B,0,134,14,,0:1:2:3:5:10:11:12:13:14:15:16:27:28:29:41:42:43:55:56:70:71:84:85:97:98:110:111:112:123:124:125:137:138:139:140:150:151:152:153:154:155:164:165:166:167:168:169:178:179:180:181:182:183:193:194:195:196:197:206:207:208:209:210:211:220:221:222:223:224:234:235:236:237:238:239:240:241:243:244:249:250:251;121,120,134,148,162,176,190,204,205,219,233;38,24,23,9,8,7,6,20,19,33,32,46,45,59,73,72,86,100,99,113,127,126;40,54,68,67,81,80,94,93,92,91,90,104,118,132,146,160,174,188;26,25,39,53,52,66,65,64,50,49,48,62,76,75,89,103,117,131,145,159,173,187,201,202,203,189,175,161,147,133,119,105,106,107,108,109,95,96,82,83,69;87,101,115,114,128,142,141;47,61,60,74,88,102,116,130,129,143,157,156,170,184,198,212;36,37,51;248,247,246,232,218,217,216,215,214,200,186;63,77,78,79;242,228,229,230,231,245;144,158,172,171,185,199,213,227,226,225;4,18,17,31,30,44,58,57;34,35,21,22;122,136,135,149,163,177,191,192
13:18+B,0,135,15,,0:1:2:3:7:9:10:11:12:13:14:25:26:38:39:51:64:78:90:91:102:103:114:115:116:127:128:129:139:140:141:142:152:153:154:155:156:165:166:167:168:178:179:180:181:182:191:192:193:194:205:206:207:208:217:218:219:220:221:222:226:231:232:233;209,196,195;169,170,183;188,189,176,163,150,137,124,111,112,99,86,87,74,75,76,77;89,88,101,100,113,126,125,138,151,164,177,190,203,204;211,212,199,186,187,174,175,162,149,136,123,110,109,96,83,84,71,58,59,46,47,48,49,50,37,24;198,185,172,173,160,147,134,133,120,119,106,93,80,67,54,53,40,27,28,15,16,17,4,5,6;95,82,69,70,57;161,148,135,122,121,108,107,94,81,68,55,56,43,44,45,32,33,34,35,36;20,19,18,31,30,29,42,41;63,62,61,60,73,72,85,98,97;159,146,145,132,131,118;201,202,215,216,229,230;200,213,214,227,228;52,65,66,79,92,105,104,117,130,143,144,157,158,171,184,197,210,223,224,225;23,22,21,8
14:18+B,0,136,14,,0:1:2:3:4:10:12:13:14:15:16:17:27:28:29:30:42:43:55:56:57:70:71:84:85:97:98:110:111:112:124:125:126:137:138:139:151:152:153:154:164:165:166:167:168:169:179:180:181:182:183:192:193:194:195:196:197:206:207:208:209:210:220:221:222:223:224:225:234:235:236:237:238:239:240:241:244:248:249:250:251;11,25,26;83,69,68,54,40,41;23,24,38,52,66,80,94,108,107,106,120,119,133,147,161,175,174,188,187,201,200,214,228,242,243;171,170,184,198,212,211;136,150,149,163,177,178;230,229,215;96,82,81,67,53,39;35,49,50,64,78,92,91,105,104,118,132,146,160,159,173,172,186,185,199,213,227,226;93,79,65,51,37,36,22,21,20,34,33,47,46,60,59,73,87,101,115,114,128,127;113,99,100,86,72,58,44,45,31,32,18,19,5,6,7,8,9;142,143,129,130,116,102,88,74,75,61,62,48;189,203,204,218,232;63,77,76,90,89,103,117,131,145,144,158,157,156,155,141,140;202,216,217,231,245,246,247,233,219,205,191,190,176,162,148,134,135,121,122,123,109,95
14:18+B,0,137,14,,0:1:2:3:10:12:13:14:15:16:27:28:29:30:41:42:43:56:69:70:71:84:85:97:98:110:111:112:124:125:137:138:139:140:151:152:153:154:155:165:166:167:168:178:179:180:181:182:183:192:193:194:195:196:197:206:207:208:209:210:211:220:221:222:223:224:225:234:235:236:237:238:239:240:241:244:248:249:250:251;89,103,117,131,145,159,173,187,186,200,199,213;11,25,26;86,72,73,59,60,61,47,48,34,35,36,22;126,127,113,99,100,101,115,129,143,157,156,170,169;245,231,232,218,204,190,176,162,148,134,120,106,92,93,79,65,66,52,53;55,54,68,67,81,80,94,108,107,121,135,149;242,243,229,230,216,217,203,189,175,161,147,133,119,105;83,82,96,95,109,123,122,136,150,164,163,177,191,205,219,233,247,246;102,116,130,144,158,172,171,185,184,198,212,226,227;57,58,44,45,31,17,18,4,5,6;24,23,9,8,7,21,20,19,33,32,46;87,88,74,75,76,62,63,49,50,51,37,38,39,40;228,214,215,201,202,188,174,160,146,132,118,104,90,91,77,78,64;114,128,142,141
14:18+B,0,138,15,,0:1:2:3:9:10:12:13:14:15:16:27:28:29:41:42:43:55:56:57:69:70:71:84:85:97:98:111:124:125:126:137:138:139:140:151:152:153:154:155:165:166:167:168:169:178:179:180:181:182:192:193:194:195:196:197:207:208:209:210:211:221:222:223:224:225:226:235:236:237:238:239:240:242:244:248:249:250:251;11,25,26,40,54,68,82,83;241,227,228,214,215,201,187,188,174,160,146,132,133,134,120,106,92,93,79,80,66,52,51,50,49,63,62,76,90,104,103,102,116,130,129,143,142,141,127,113,112;186,172,173,159;213,212,198,184,183;96,110,109,123,122,136,150,164,163,177;156,170,171,185,199,200;206,220,234,233,247,246,245,231,230,229,243;128,114,115,101,87,88;157,158,144,145,131,117,118,119,105,91,77,78,64,65;99,100,86,72,58,44,30,31,17,18,4,5,6,7,8,22,23,24;219,205,191,190,176,162;61,47,48,34;232,218,217,216,202;89,75,74,60;73,59,45,46,32,33,19,20,21,35,36,37,38,39,53,67,81,95,94,108,107,121,135,149,148,147,161,175,189,203,204
14:18+B,0,139,15,,0:1:2:3:4:10:11:12:13:14:15:17:28:29:42:43:55:56:57:70:83:84:85:98:111:124:125:126:137:138:139:140:150:151:152:153:154:155:164:165:166:167:168:169:178:179:180:181:182:193:194:195:196:197:207:208:209:210:211:222:223:224:225:226:235:236:237:238:239:240:241:242:243:244:248:249:250:251;134,135,136,122,123,109,110,96,97;91,77,63,49,35,34,33;172,186,187,188,189,190,191,192,206;20,21,22,36,50;69,68,67,66,80,79,93;129,143,142,156,170;27,41,40,54,53,52,38,24,23,9,8,7,6,5,19,18,32,31,45,59,73,87,101,115,114,128,127,141;234,233,232,218,217,216,215,214;221,220,219,205,204,203,202,201,200,199,185,171,157,158,144,130,116,102,88,74,75,61;82,81,95,94,108,107,121,120,119,133,147,148,149,163,177,176,175,174,173,159,145,131,117,103,89,90,76,62,48,47,46,60;16,30,44,58,72,71;37,51,65,64,78,92,106,105,104,118,132,146,160,161,162;39,25,26;86,100,99,113,112;183,184,198,212,213,227,228,229,230,231,245,246,247
13:18+B,0,140,15,,0:1:2:3:9:10:12:13:14:15:26:52:77:78:90:103:115:116:127:128:129:140:141:142:152:153:154:155:156:166:167:168:169:179:180:181:182:192:193:194:195:205:206:207:208:209:218:219:220:221:222:223:224:225:229:230:231:232:233;102,89,76,63,50,37,36,35,48,61,74,73,86,85,98,111,124,137,150,163;94,93,106,105,118,117,130,143;30,43,56,69,70,83,96,109,122,135,148,147,160,159,172;11,24,23,22,21,20,19,32,45,46,59,72,71,84,97,110,123,136,149,162,161,174,173,186,185,184,171,158,145,146,133,134,121,108,95,82,81,80,79,92,91,104;18,31,44,57,58;8,7,6,5,4,17,16,29,42,55,68,67,66,65;226,227,228,215,216,203;27,28,41,54;53,40,39;64,51,38,25;87,100,99,112,125,138,151,164,165,178,191,204,217;190,189,202,201,214,213,212,211,210;60,47,34,33;49,62,75,88,101,114,113,126,139;177,176,175,188,187,200,199,198,197,196,183,170,157,144,131,132,119,120,107
14:18+B,0,141,15,,0:1:2:3:4:7:10:11:13:14:15:16:17:18:28:29:42:43:56:57:69:70:71:84:85:97:98:110:111:112:124:125:126:138:139:151:152:153:154:165:166:167:168:169:179:180:181:182:183:193:194:195:196:197:208:209:210:211:221:222:223:224:225:226:235:236:237:238:239:240:241:242:248:249:250:251;8,9,23,24,25;48,47,46,45,59,73,87,101,102,116,117,118,119,133,147,161,175,176,177,163,149,135,121,107;92,93,79,65,66,67,68,54,55,41,27,26,12;217,203,202,201,187,186;204,190,189,188,174,160,146,132,131,130,129,115,114;40,39,53,52,51,50,64,78,77,91;96,95,109,123,137;172,173,159;103,104,90,76,75;21,22,36,37,38;83,82,81,80,94,108,122,136,150,164,178,192,191,205,219,218,232,231,230,216,215,214,200,199,185,171,157,143,142,128,127,113,99,100,86,72,58,44,30,31,32,33,19,5,6;207,206,220,234,233,247,246,245,244,243,229,228,227,213,212,198,184,170,156,155,141,140;105,106,120,134,148,162;158,144,145;89,88,74,60,61,62,63,49,35,34,20
14:18+B,0,142,15,,0:1:2:3:4:7:8:10:11:12:13:14:15:16:17:28:29:42:56:57:69:70:71:84:97:98:111:124:125:126:138:139:140:151:152:153:154:165:166:167:168:169:179:180:181:182:183:193:194:195:196:207:208:209:210:211:221:222:223:224:225:226:235:236:237:238:239:240:241:242:243:248:249:250:251;19,18,32;149,148,147,146,145,131,117,116,102,88,74,73,59;119,120,106,107;197,198,212,213,227,228,229,230,231,232,218,204,190,176,175,174,173;234,220,206,192,178,164,150,136,137,123,109,110;85,99,100,114,128,142,143,157,171,172,186,187,188,189,203,217,216,215,214;244,245,246,247,233,219,205,191,177,163,162,161,160,159,158,144,130,129,115,101,87,86,72,58,44,43;78,64,50,36,22,21;35,49,63,77,76,90,104,118,132,133,134,135,121,122,108,94,80,66,52,38,24,25,26,27,41,55,54,68,82,83;40,39,53,67,81,95,96;202,201,200,199,185,184,170,156,155,141,127,113,112;60,61,62,48;103,89,75;105,91,92,93,79,65,51,37,23,9;5,6,20,34,33,47,46,45,31,30
14:18+B,0,143,15,,0:1:2:3:5:7:11:13:14:15:16:17:28:29:42:55:56:57:69:70:71:83:84:85:98:111:124:125:139:140:152:153:154:165:166:167:168:180:181:182:183:193:194:195:196:197:207:208:209:210:211:221:222:223:224:225:226:228:229:235:236:237:238:239:240:241:242:243:244:247:248:249:250:251;217,218,219,205,191,177,163,149,135,136,137,138;156,157,158,144,130,116,115,114,128,127,141;35,34,33,19;12,26,27,41;227,213,214,215,216,230,231,245,246;23,37,36,50,49,63,62,61,60,74,73;4,18,32,31,30,44,43;129,143,142;171,172,173,159,145,131,117,103,102,101,100,99,113,112,126;164,150,151;204,190,176,162,148,134,120,121,122,123,109,110,96,97;48,47,46,45,59,58,72,86,87,88,89,75,76,77,78,64,65,51,52,38;40,54,68,82,81,95,94,108,107,106,105,119,133,147,161,175,189,203,202,201,200,199,198,212;232,233,234,220,206,192,178,179;155,169,170,184,185,186,187,188,174,160,146,132,118,104,90,91,92,93,79,80,66,67,53,39,25,24,10,9,8,22,21,20,6
14:18+B,0,144,14,,0:1:2:3:4:5:7:11:14:15:16:28:29:42:43:55:56:70:71:83:84:85:98:110:111:124:125:138:139:152:153:154:165:166:167:168:180:181:182:183:193:194:195:196:197:207:208:209:210:211:222:223:224:225:226:227:228:229:235:236:237:238:239:240:241:242:243:244:246:248:249:250:251;19,18,17,31,30,44,58,57;10,9,8,22,21,20,6;134,120,121,107,93,79,78,77,91,90,104;114,128,127;97,96,95,109,123,137,151,150,164,163,177,191,205,219,233,247;179,178,192,206;174,160,146,145,131,117,118,119,105,106,92;245,231,230,216,215,214,213,212,198,184,170,169,155,141,142,143,129,115,101,87,88,74,60,61,47,48,49,50,51,52,38,39,40,41,27,13;185,199,200,201,202,203,204,190,176,162,148,149,135,136,122,108,94,80,81,82,68,69;173,159,158,144,130,116,102,103,89,75,76,62,63,64,65,66,67,53,54;221,220,234;217,218,232;140,126,112,113,99,100,86,72,73,59,45,46,32,33,34,35,36,37,23,24,25,26,12;132,133,147,161,175,189,188,187,186,172,171,157,156
15:18+B,0,145,13,,0:1:2:3:4:5:7:15:16:17:18:30:31:32:45:46:59:60:61:62:75:76:77:89:90:91:92:104:105:106:119:120:133:134:148:149:150:151:163:164:165:166:178:179:180:181:192:193:194:195:196:207:208:209:210:211:212:222:223:224:225:226:227:237:238:239:240:241:242:243:244:245:246:252:253:254:255:256:257:258:259:260:261:263:264:265:266:267:268:269;251,236,221,206,191,176,177,162,147,132,117,118,103,88,73,74;172,173,174,175,190,205,220,235;19,34,33,48,47;22,37,36,51,66,65,64,63,78,93,108,107,122,137,152,167,182,197,198,213,228,229,230,231,232,247,262;135,136,121;145,144,143,142,141,126,111,112,113,114,115,100,101,102,87,72,57,58,43,44,29,14,13,12,11,26,25,24,39,54,69,68,83;155,156,157,158,159,160,161,146,131,116;203,202,201,200,185,170,169,154,139,140,125,110,95,96,97,98,99,84,85,86,71,56,41,42,27,28;49,50,35,20,21,6;130,129,128,127;10,9,8,23,38,53,52,67,82,81,80,79,94,109,124,123,138,153,168,183,184,199,214,215,216,217,218,233,248,249,250;171,186,187,188,189,204,219,234;70,55,40
15:18+B,0,146,14,,0:1:2:3:4:5:11:14:15:16:17:18:19:29:30:31:32:45:46:59:60:61:62:74:75:76:77:89:90:91:92:104:105:106:119:134:148:149:150:163:164:165:166:178:179:180:181:192:193:194:195:196:207:208:209:210:211:212:222:223:224:225:226:227:238:239:240:241:242:243:244:245:246:253:254:255:256:257:258:259:260:261:263:264:265:266:267:268:269;13,28,43,44;213,228,229,230,231,232,233,234,235,236,237,252;121,122,107,108,93,78,63,48,47;183,184,169,170,155,156,141,126,111,112,113,98,83,68,69,54,39,24,9,8,7,6,21,20,35,50;72,87,102,117,116,131,146,161,160,175,190,205,204,203,202,201,200,185;33,34,49,64,65,66,51,36,37,22;172,157,142,127,128,129,114,99,84;101,86,71,56;262,247,248,249,250,251;173,158,143;23,38,53,52,67,82,97,96,95,110,125,140,139,154,153,168;81,80,79,94,109,124,123,138,137;12,27,26,25,10;120,135,136,151,152,167,182,197,198,199,214,215,216,217,218,219,220,221,206,191,176,177,162,147,132,133,118,103,88,73,58,57,42,41,40,55,70,85,100,115,130,145,144,159,174,189,188,187,186,171
15:18+B,0,147,15,,0:1:2:3:4:5:13:14:15:16:17:18:19:29:30:31:32:33:44:45:46:47:59:60:61:62:73:74:75:76:77:89:90:91:92:104:105:119:149:151:163:164:165:166:178:179:180:192:193:194:195:196:207:208:209:210:211:212:222:223:224:225:226:227:228:229:238:239:240:241:242:243:244:245:254:255:256:257:258:259:260:261:262:263:264:266:268:269;150,135,120,121,106,107,108,93,78,79,80,81,66,67,52;136,137,152,167,168,183,184,199,200,201,216;63,48,49,34,35,20,21,22,23,24,39,54,69,84,99,98,113,112,111,110,109,124,139,140,141,142,157,158,159,174,189;265,250,235,234,233,232,217,202,187,186,185,170,169;237,236,251;267,252,253;28,43,58,57,72,87,88;148,147,162,177;64,65,50,51,36,37,38,53,68,83,82,97,96,95,94;26,25,40,55,70,85,100,115,116;249,248,247,246,231,230,215,214,213,198,197,182,181;134,133,118,103,102,101,86,71,56,41,42,27,12,11,10,9,8,7,6;218,219,220,221,206,191,176,161,146,131,132,117;122,123,138,153,154,155,156,171,172,173,188,203,204,205,190,175,160,145,130,129,114;144,143,128,127,126,125
14:18+B,0,148,14,,0:1:2:3:4:5:6:11:13:14:15:16:17:18:28:29:30:31:42:43:44:45:56:57:58:59:70:71:72:84:85:86:140:141:154:155:167:168:169:181:182:183:193:194:195:196:197:198:207:208:209:210:211:212:213:224:225:226:227:228:229:238:239:240:241:242:243:244:247;138,137,151,165,164,163,177,191,190,189,188,174,173,172,171,157,143,129,115,114,113;116,102,88,89,90,91,92,93,79,80,81,67;186,187,201,202,203,217,218,219,220,221,235,236;222,223,237,251,250,249,248,234,233,232,246,245;175,176,162,148,149,150;192,206,205,204;7,8,9,10,24,38,37,36,35,34,48,47,61,60,74,73,87,101,100,99,98,112,126,127,128,142,156,170,184,185,199,200,214,215,216,230,231;145,146,132,118,104,105,106,107,108,109,110,111,97,83,69,55,41,27,26,12;77,78,64,65,66;23,22,21,20,19,33,32,46;119,120,121,122,123,124,125,139,153,152,166,180,179,178;94,95,96,82,68,54,40,39,25;103,117,131,130,144,158,159,160,161,147,133,134,135,136;75,76,62,63,49,50,51,52,53
14:18+B,0,149,14,,0:1:2:3:4:5:7:10:11:13:14:15:16:17:18:28:29:30:31:42:43:44:45:56:57:58:59:70:71:72:84:98:140:154:155:167:168:169:181:182:183:193:194:195:196:197:198:207:209:210:211:212:213:214:224:225:226:227:228:229:238:239:240:241:242:243:244:247;129,128,114,113,99,85,86,87,73,74,60,46,47,48,34,35,21,22,8,9;187,186,172,158;246,245,231,230,216,215,201,200,199,185,171,157,143,144,130,116,102,88,89,75,61,62,63,49,50,36,37,23,24,25;32,33,19,20,6;123,109,110,96,82,68,54,40,39,38,52,51,65,64,78,77,76,90,104,103,117,131,145,159,173,174,188,202;100,101,115;120,106,107,108,94,95,81;12,26,27,41,55,69,83,97,111,125,139,153,152,166,180,179,178,192,206,205,204,190,176,162,148,149,150,136,122;219,220,221,222,208;121,135,134,133,147;248,249,250,251;184,170,156,142,141,127,126,112;191,177,163,164,165,151,137,138,124;53,67,66,80,79,93,92,91,105,119,118,132,146,160,161,175,189,203,217,218,232,233,234,235,236,237,223
14:18+B,0,150,14,,0:1:2:3:4:6:8:9:10:12:13:14:15:16:17:27:28:29:30:41:42:43:44:55:56:57:58:69:70:71:72:83:84:97:111:125:139:153:154:166:167:168:180:181:182:194:195:196:197:209:210:211:224:225:226:227:228:237:238:239:240:241:242:243:249:250:251;18,19,5;40,26,25,11;52,66,67,81,95,109,123,137;20,34,35,36,37,51,65,79,80,94,108,122,136;91,77,63,62,61,60,46;169,155,141,140,126,112,98,99,85,86,87,88,74,75,76,90,104,105,106,120,134,148,162,163,177,191,205,219,233,232,231;115,116,117,118,119,133,147,161,175,176,190,204,218,217,216,202,201,187,173,159,145,144;73,59,45,31,32,33,47,48,49,50,64,78,92,93,107,121,135,149,150,164,178,192,206,220,234,248,247,246,245,244,230,229,215,214,200,186,172,158,157,143;7,21,22,23,24,38,39,53,54,68,82,96,110,124,138,152,151,165,179,193,207,208,222,223;221,235,236;183,184,198;127,128,129,130,131,132,146,160,174,188,189,203;113,114,100,101,102,103,89;142,156,170,171,185,199,213,212
