6:7,0,1,4;27,26,25,24,30,36,37,38;5,4,3,2,1,7,13,14,15,16,22,28,34,33,32,31;8,9,10,11,17,23,29,35,41,40,39;21,20,19,18,12,6,0
6:8,0,2,4;40,39,38,37,36,30,24,18,12,6,0,1,2,3,4,5,11;10,9,8,7,13,19,25,31,32,33;42,43,44,45,46,47,41,35,34,28,22,21;29,23,17,16,15,14,20,26,27
6:9,0,3,5;15,14,13,12,6,0,1,2,3,4,5,11,17,23;34,33,27,21,20,19,18;31,37,43,44,45,46,47,53;52,51,50,49,48,42,36,30,24,25,26,32,38,39,40,41,35;29,28,22,16,10,9,8,7
6:10,0,4,4;59,58,57,56,55,54,48,42,36,30,24,18,12,6,7,8,9,10;0,1,2,3,4,5,11,17,23,29,28,27,33,39;16,15,14,13,19,25,31,37,43,49,50,51,52,53,47,41,35;22,21,20,26,32,38,44,45,46,40,34
6:11,0,5,4;40,46,52,58,57,56,55,49,48,42,36,30,24,18,12,6,0;50,44,43,37,31,25,19,13,7,1,2,3,4,5,11,17,23,29;51,45,39,38,32,26,20,14,8,9,10,16,22,28;15,21,27,33,34,35,41,47,53,59,65,64,63,62,61,60,54
7:8,0,6,4;44,43,36,35,28,21,14,7,0,1,2,3,4,5,6,13,20,27,34,41,48;19,12,11,10,9,8,15,22,29,30,37,38,45,52,51,50,49,42;24,31,32,39,46,53;55,54,47,40,33,26,25,18,17,16,23
7:9,0,7,4;56,57,58,59,60,53,46,39,32,31,24;44,43,36,29,28,21,14,7,0,1,2,3,4,5,6,13;55,48,41,34,27,20,19,12,11,10,9,8,15,22,23,30,37,38,45,52,51,50,49,42,35;62,61,54,47,40,33,26,25,18,17,16
7:10,0,8,5;5,6,13,20,27,34,41,48,55,54,53,52,51,44,37,30,31;7,0,1,2,3,4,11,12,19,26,33,40,47,46,45,38;69,68,67,66,65,64,63,56,49,42,35,28,21,14,15,16,23,24;62,61,60,59,58,57,50,43,36,29,22;8,9,10,17,18,25,32,39
7:11,0,9,5;22,15,8,9,10,11,12,19,26,33,40,41,48,55,62,61,68,67;47,54,53,52,51,58,65,72,71;60,59,66,73,74,75,76,69;34,27,20,13,6,5,4,3,2,1,0,7,14,21,28,29,30,23,16,17,18,25,32,39,46,45,44,43,50,57,64,63,70;56,49,42,35,36,37,38,31,24
7:12,0,10,6;52,45,38,37,30,23,16,17;19,12,11,10,9,8,15,22,29;34,27,20,13,6,5,4,3,2,1,0,7,14,21,28,35,36,43,44,51,58,59,60,53;75,74,73,72,71,64,57,50;18,25,26,33,40,41,48,55,62,69,76,83,82,81,80,79,78,77,70,63,56,49,42;24,31,32,39,46,47,54,61,68,67,66,65
8:9,0,11,4;71,63,62,61,60,59,58,57,49,41,33,25,17,9,10,11,12,20,21,29;13,14,22,30,38,37,36;28,27,35,43,44,45,46,47,39,31,23,15,7,6,5,4,3,2,1,0,8,16,24,32,40,48,56,64,65,66,67,68,69,70;55,54,53,52,51,50,42,34,26,18,19
8:10,0,12,5;23,31,39,47,55,63,71,79,78,77,76,75,74,73,72,64,56,48,40,32,24,16,8,0,1,2,3,11,19,18,26,34,42,50,58,59,60,61;53,52,51,43,35,27,28,20,12,4;15,14,22,30,38,46,45,44,36;10,9,17,25,33,41,49,57,65,66,67,68,69,70,62,54;7,6,5,13,21,29,37
8:11,0,13,6;42,41,33,25,17,9,8,0;34,35,43,51,50,58,66;77,78,70,62,54,46,38,30,22,14,13,12;52,44,36,28,27,26,18,10,2,1;56,64,72,80,81,82,83,84,85,86,87,79,71,63,55,47,39,31,23,15,7,6,5,4,3,11,19,20,21,29,37,45,53,61,60,59,67;16,24,32,40,48,49,57,65,73,74,75,76,68,69
8:12,0,14,6;17,25,33,34,35,43,51,59,67,68,69,70;54,46,38,30,22,14,13,12;71,79,78,86,85,84,83,82,81,73,65,57,49;41,42,50,58,66,74,75,76,77;0,1,2,3,11,19,20,21,29,37,45,53;87,95,94,93,92,91,90,89,88,80,72,64,56,48,40,32,24,16,8,9,10,18,26,27,28,36,44,52,60,61,62,63,55,47,39,31,23,15,7,6,5,4
8:13,0,15,5;25,24,32,40,48,56,64,72,80,88,96,97,98,99,100,101,102,103,95,87,79,71,70,69,77,85,84,83,82,74,66,67,59,51,52,53,54,46,38,30,22,14,13,12;9,10,18,26,27,28;49,41,33,34,35,36;78,86,94,93,92,91,90,89,81,73,65,57,58,50,42,43,44,45,37,29,21,20,19,11;17,16,8,0,1,2,3,4,5,6,7,15,23,31,39,47,55,63,62,61,60,68,76,75
9:10,0,16,5;17,8,7,6,5,4,3,2,1,10,19,20,21,22,23,32,41,50,59,58,57;42,51,60,69,68,67,66,65,56,47,48,49,40,31,30,29;0,9,18,27,28,37,38,39;36,45,46,55,64,73,74,75,76,77,78,79,70,61,52,43,34,33,24;54,63,72,81,82,83,84,85,86,87,88,89,80,71,62,53,44,35,26,25,16,15,14,13,12,11
9:11,0,17,5;0,1,2,3,4,5,6,7,8,17,26,35,44,53,62,71,80,79,88,87,86,85,84,83,74,65,56,47;18,9,10,11,12,13,14,15,16,25,34,43,52,61,70,69,68,67,58,49,40,39;59,60,51,42,33,24,23,22,21,20,19,28,27,36,45,54,63,72,81,90,91,92,93,94,95,96,97,98,89;78,77,76,75,66,57,48;50,41,32,31,30,29,38,37,46,55,64,73,82
9:12,0,18,7;34,25,24,23,22,21,20,29,38;58,59,60,69,78,87,96,95,94,93,92,91,82,73,64,55,46,37,28,19,18,9,0,1,2,3,4,5,6,7,8;50,51,52,61,70,79,88,97;35,26,17,16,15,14,13,12,11,10;76,75,66,57,48,39,30,31,32,33;27,36,45,54,63,72,81,90,99,100,101,102,103,104,105,106,107,98,89,80,71,62,53,44,43,42,41,40,49;67,68,77,86,85,84,83,74,65,56,47
9:13,0,19,6;112,111,102,93,84,75,76,67,58,59,50,41,32,31,30,39,38,37,46,45,54,63,72,81,90,99,108;109,100,91,82,73,64,55,56,47;36,27,18,9,0,1,2,3,4,5,6,7,8,17,26,35,44,53,62,71,80,89,88,97,106,105;98,107,116,115,114,113,104,95,96,87,78,79,70,61,52,43,34,25,16,15,14,13,12,11,10,19,28,29;103,94,85,86,77,68,69,60,51,42,33,24,23,22,21,20;110,101,92,83,74,65,66,57,48,49,40
9:14,0,20,8;2,1,0,9,18,27,36,45,54,55,56,65,66,75,76,85,86,95;90,99,108,117,118,119,120,121,122,123,124,125,116,107,98,89,80,71,62,61,52,43,34,25,16,15,14,13;72,81,82,91,92,101,102,111,112,113,114,115,106,97,88,79,70,69,60,59;100,109,110;53,44,35,26,17,8,7,6,5,4,3,12,21,30,31,32,41;51,42,33,24,23,22;19,28,37,46,47,48,57,58,67,68,77,78,87,96,105,104,103,94,93,84,83,74,73,64,63;50,49,40,39,38,29,20,11,10
10:11,0,21,6;22,32,42,52,62,72,82,83,84,85;86,76,75,74,73,63,53,43,33,23,24,25,15,16,17,18;3,2,1,0,10,20,30,40,50,60,70,80,90,100,101,102,103,104,105,106,107,108,109,99,89,79,69,59,49,39,38,37,47,57,56,55;45,46,36,26,27,28,29,19,9;8,7,6,5,4,14,13,12,11,21,31,41,51,61,71,81,91,92,93,94,95,96,97,98,88,78,68,58,48;35,34,44,54,64,65,66,67,77,87
10:12,0,22,5;12,11,21,31,41,51,61,71,81,91,92,93,94,95,96,86,76,66;73,63,53,43,33,34,24,14;74,64,54,44,45,35,25,15,5,6,7,8,9,19,29,39,49,59,69,79,89,99,109,119;2,1,0,10,20,30,40,50,60,70,80,90,100,101,102,103,104,105,106,107,97,87,77,67,57,47,37,27;110,111,112,113,114,115,116,117,118,108,98,88,78,68,58,48,38,28,18,17,16,26,36,46,56,55,65,75,85,84,83,82,72,62,52,42,32,22,23,13,3,4
10:13,0,23,9;27,26,25,35,45,55,54,53,63,73,83,82,81,80,90,100,110,120;37,47,57,67,77,87,86,96,106,116,115,114,113;112,102,103,104,105,95,85,75,76;129,119,109,99,89,79,69,59,49,39,29,19,9,8,7,6,5,4,3,2,12,11,21,31,32,33;128,118,108;36,46,56,66,65,64,74,84,94,93,92,91,101,111,121,122,123,124,125,126,127,117,107,97;1,0,10,20,30,40,50,60,70,71,72,62,52;24,34,44,43,42,41,51,61;98,88,78,68,58,48,38,28,18,17,16,15,14,13,23,22
10:14,0,24,7;22,32,42,43,53,63,73,83,93,103,104,105,106;70,80,90,100,110,120,130,131,132,133,134,135,136,137,138,139,129,119,109,99,89,79,69,68,67,66,56,46,36,26,16;85,86,87,97,107,117,116,115,114,113,112,102,92,82,72,62,52,51,41,31,21,11,10,0;20,30,40,50,60,61,71,81,91,101,111,121,122,123,124,125,126,127,128,118,108,98,88,78,77,76,75,65,55,45,35,25,24,14,4,3;8,9,19,29,39,49,59,58,57,47,37,27;1,2,12,13,23,33,34,44,54,64,74,84,94,95,96;15,5,6,7,17,18,28,38,48
10:15,0,25,7;113,103,93,83,73,63,53,43,33,23,13,14,15,16,17,18;12,22,32,42,52,62,72,82,92,102,112,122,123,124,125,126,127;108,107,106,105,95,85,75,65,55,54,44,34,24;36,37,47;0,10,20,30,40,50,60,70,80,90,100,110,120,130,140,141,142,143,144,145,146,147,148,149,139,129,119,109,99,98,97,96,86,76,66,56,46,45,35,25,26,27,28,38,48,58,68,78;79,69,59,49,39,29,19,9,8,7,6,5,4,3,2,1,11,21,31,41,51,61,71,81,91,101,111,121,131,132,133,134,135,136,137,138,128,118,117,116,115,114,104,94,84,74,64;57,67,77,87,88,89
11:12,0,26,7;119,108,107,106,95,84,73,74,75,86,87;91,80,69,70,59,48,37,38,39,40,51,52,53,54;85,96,97,98,109,120,131,130,129,128,127,126,115,114,113,102,101,90,79,68,57,58,47,36;93,94,83,72,61,62,63,64,65,76;50,49,60,71,82,81,92,103,104,105,116,117,118;46,35,24,25,26,27,28,29,30,41,42,43,32,21,10,9,8,7,6,5,4,3,2,1,0,11,22,33,44,55,66,77,88,99,110,121,122;31,20,19,18,17,16,15,14,13,12,23,34,45,56,67,78,89,100,111,112,123,124,125
11:13,0,27,7;84,95,106,117,128,127,126,125,124,123,112,101;43,32,21,10,9,8,7,6,5,4,3,2,1,0,11,22,33,44,55,56,57,58,59,60,61,72,83,94,105,116,115,114,103,92,81,80,79,78,77,88,99,110,121,132;66,67,68,69,70,71,82,93,104;108,119,130;50,49,48,47,46,45,34,23,12,13,14,15,16,17,18,19,20,31,42,53,54,65,76,87;113,102,91,90,89,100,111,122,133,134,135,136,137,138,139,140,129,118,107,96,85,74,73,62,51,40,39,38,37,36,35;24,25,26,27,28,29,30,41,52,63,64,75,86,97,98,109,120,131,142,141
11:14,0,28,7;69,68,57,56,45,34,23,12;102,113,114,115,116,117,106,95,84,73,74,75,76;58,59,70,81,80,79,90,101,112,123,124,125,126,127,128,129,118,107,96,85,86,87,98,109,120,131,142,153,152,151,150,149,148,147,146,145,144,143,132,121,110,99,88,77,66,55,44,33,22,11,0,1,2,3,4,5,6,7,8;93,82,71,60,49,50,51,52,53;9,20,19,18,17,16,15,14,13,24,35,46,47,48,37,38,39,40,41,42,43,54,65,64,63,62,61,72,83,94,105,104,103,92,91;67,78,89,100,111,122,133,134,135,136,137,138,139,140,141,130,119,108,97;10,21,32,31,30,29,28,27,26,25,36
11:15,0,29,6;56,45,46,35,24,25,26,27,28,29,30,41,52,63,74,85,96,107,118,129,140,139,138,137,136,135;124,113,114,115,116,105,94,83,72,61,50,49,48,59,70,69,80,79,78,77,88;154,143,132,133,134,145,146,147,148,149,150,151,152,141,130,119,108,97,86,75,64,53,42,31,20,19,18,17,16,15,14,13,12,23,34;111,112,101,102,103,104,93;144,155,156,157,158,159,160,161,162,163,164,153,142,131,120,109,98,87,76,65,54,43,32,21,10,9,8,7,6,5,4,3,2,1,0,11,22,33,44,55,66,67,68,57,58,47,36,37,38,39,40,51,62,73,84,95,106,117,128,127,126,125;123,122,121,110,99,100,89,90,91,92,81,82,71,60
11:16,0,30,7;42,31,20,19,18,17,16,27,26,25,24,35,46,57,68,79,90,91,92,93,104;135,134,133,144,155,156,157,158,159,160,161,162,163,152,141;108,97,86,75,64,53,52,41,30,29,28,39,38,37,36,47,58,69,80,81,82,83,94,105,116,127,138,139;123,122,121,132,143,154,165,166,167,168,169,170,171,172,173,174,175,164,153,142,131,130,129,128,117,106,95,84,73,72,71,70,59,48,49,50,51,40;60,61,62,63,74,85,96,107,118,119,120;15,14,13,12,23,34,45,56,67,78,89,100,101,102,103,114,115,126,137,148,149,150,151,140;109,98,87,76,65,54,43,32,21,10,9,8,7,6,5,4,3,2,1,0,11,22,33,44,55,66,77,88,99,110,111,112,113,124,125,136,147,146,145
