10,0,1,9,,,7|17:13|14:14|15:14|24:16|17:17|18:22|32:32|33:32|42:38|48:43|44:44|45:44|54:46|56:47|48:48|49:53|63:55|56:56|66:61|71:62|63:63|73:71|72:71|81;0,10,20,30,40,50,60,61,62,72,73,74,75,76,77,78,79,69,59,49,39,29,19,9;56,57,47,46,45,55,54,53,52,51;14,4,5,15,16,26,27,17;6,7,8,18,28,38,37,36,35,25,24,23,22,12;71,70,80,81,82,83,84,85,86,87,88;13,3,2,1,11,21,31,32;44,34,33,43,42,41;48,58,68,67,66,65,64,63;90,91,92,93,94,95,96,97,98,99,89
10,0,2,8,,,3|13:8|18:13|14:13|23:18|19:18|28:36|46:41|42:42|43:42|52:46|47:46|56:57|58:58|59:58|68:60|61:61|62:61|71:87|88:88|89:88|98;0,1,2,3,4,14,24,34,44,54,55,56,57,47,48,58;76,66,65,64,63,53,43,33,23,22,21;13,12,11,10,20,30;46,45,35,25,15,5,6,7,8,9,19,29,28,27;18,17,16,26,36;88,78,79,89,99,98,97,96,95,94,84,83,82,81,71;93,92,91,90,80,70,60,50,40,41,31,32,42;37,38,39,49,59,69,68,67,77,87,86,85,75,74,73,72,62,52,51,61
10,0,3,8,,,14|15:15|16:15|25:20|21:21|22:21|31:26|36:35|36:36|46:44|54:54|55:54|64:66|76:71|81:72|73:73|74:73|83:76|77:76|86:80|81:81|82;73,63,53,54;90,80,70,60,50,40,30,20,10,0,1,2,3,13,23,33,34,35,25,26,16,6,7,8,9;76,75,85,86,87;24,14,4,5,15;28,38,48,47,46,45,44,43,42,52,62;81,91,92,93,94,95,96,97,98,99,89,79,69,59,49,39,29,19,18,17,27,37,36;21,11,12,22,32,31,41,51,61,71,72,82,83,84,74,64,65,55,56,57,58,68,78,88;77,67,66
10,0,4,7,,,17|27:26|27:27|28:31|32:32|33:32|42:38|48:47|48:48|58:52|62:61|62:62|72:64|65:65|66:65|75:68|78:71|81:78|79:78|88:80|81:81|91;48,49,59,58,57,47,46,36,26,25,24,34,33,43;81,82,83,84,85,86,87,88,89,79,69,68,67,66,56,55,65;32,22,23,13,14,15,16,17,18,28;78,77,76,75,74,64;27,37,38,39,29,19,9,8,7,6,5,4,3,2,12,11,21,31,41,51,61,71,72,73,63,62;1,0,10,20,30,40,50,60,70,80,90,91,92,93,94,95,96,97,98,99;35,45,44,54,53,52,42
10,0,5,8,,,14|15:15|16:15|25:18|28:23|33:27|28:28|38:33|34:33|43:35|45:44|45:45|55:51|61:54|64:60|61:61|71:64|65:64|74:67|77:76|77:77|87;64,63,53,43,42,32,33;18,17,27,37,47,57,56,55,65;77,78,88,87,86,85,84,83,82,81,80,70,60,50,40,30,20,10,11,12,13,14,24,25,26,16,6,7,8,9,19;15,5,4,3,2,1,0;28,29,39,38,48,58,68,67,66,76,75,74,73,72,71;90,91,92,93,94,95,96,97,98,99,89,79,69,59,49;23,22,21,31,41,51,52,62,61;45,46,36,35,34,44,54
10,0,6,9,,,8|18:15|25:18|19:18|28:23|33:24|25:25|26:32|33:33|34:45|46:46|47:46|56:50|51:51|52:51|61:58|68:68|69:68|78:73|74:74|75:74|84:77|87:87|88:87|97;72,82,83,84,85,75,65,66,67,68;45,55,56,57,47,37;46,36,35,25;87,86,76,77,78,88,89,99;58,48,38,28,27,26;18,17,16,15,14,13,12,11,21,31,41,51;98,97,96,95,94,93,92,91,81,71,61,62,52,42,32,22,23,24,34,44,54,64,74;33,43,53,63,73;79,69,59,49,39,29,19,9,8,7,6,5,4,3,2,1,0,10,20,30,40,50,60,70,80,90
10,0,7,9,,,1|11:4|14:11|12:11|21:13|14:14|24:18|28:25|35:28|29:28|38:32|42:34|35:35|36:41|42:42|43:54|64:57|67:64|65:64|74:67|68:67|77:71|81:78|88:80|81:81|91:87|88:88|89;20,30,40,50,60,70,71,72,73,74,75,65,66,67;11,10,0,1,2,12,22,21;88,98,99,89,79,69,59,49,48,38,37,36,46,45,35;81,82,83,84,85,86,76;47,57,58,68,78,77,87,97,96,95,94,93,92,91,90,80;14,15,5,4,3,13,23,33,43,53,52,42;39,29,19,18,17,27,28;56,55,54,44,34,24,25,26,16,6,7,8,9;32,31,41,51,61,62,63,64
10,0,8,7,,,3|13:12|13:13|23:17|27:27|28:27|37:48|58:57|58:58|59:61|62:62|63:62|72:75|85:76|77:77|78:77|87:84|85:85|95;28,18,17,16,26,27;13,14,4,3,2,12,11,21,31,41,51,52,62;85,86,87,88,78,68,58;76,66,56,46,36,37,38,39,29,19,9,8,7,6,5,15,25,24,23,22,32,42,43,53;61,71,81,82,83,84,74,75,65,55,45,35;77,67,57,47,48,49,59,69,79,89,99,98,97,96,95,94,93,92,91,90,80,70,60,50,40,30,20,10,0,1;72,73,63,64,54,44,34,33
10,0,9,9,,,5|15:11|21:14|15:15|16:20|21:21|22:27|28:28|29:28|38:41|51:51|52:51|61:55|65:63|73:65|66:65|75:71|81:73|74:73|83:77|78:78|79:78|88:80|81:81|82;81,91,90,80,70,71;12,11,10,20,30,40,41,42,52,53,54,55,56,66;99,98,97,96,95,94,93,92;21,31,32,33,43,44,45,35,25,15;22,23,13,3,2,1,0;73,72,82,83,84,85,86,87,88,89,79,69,59,49,39,29,19,18,28;51,50,60,61,62,63;78,68,58,48,38,37,27,17,7,8,9;65,64,74,75,76,77,67,57,47,46,36,26,16,6,5,4,14,24,34
10,0,10,9,,,8|18:12|22:15|25:17|18:18|19:21|22:22|32:24|25:25|26:34|44:38|48:44|45:44|54:48|49:48|58:55|56:56|57:56|66:72|82:82|83:82|92:85|86:86|87:86|96;72,73,83,93,92,91,90,80,70,60,50,40,30,20,10,0,1,2,3,4,5,6,7,8,9,19,29,39,49,59,69,79,89,99,98,97,87,77,67;57,58,68,78,88;22,23,13,12,11,21,31,41,51,61,71,81,82;27,17,16,15,14,24,34,33,32,42,52,62,63;48,47,46,56;44,43,53,54,64,74,84,94;86,76,75,85,95,96;25,35,45,55,65,66;18,28,38,37,36,26
11,0,11,9,,,1|12:11|12:12|13:14|25:25|26:25|36:30|41:40|41:41|52:47|58:48|49:49|50:49|60:57|58:58|59:61|72:71|72:72|73:80|91:91|92:91|102:93|104:103|104:104|115:106|107:107|108:107|118;25,24,23,12;68,57,46,47,48,59;58,69,70,71,60;92,103,102,101,100,89,78,67,56,45,34,35,36,37,26,15,14,13;120,109,98,87,76,65,54,43,32,21,20,19,18,17,16,27,38,49;41,42,31,30,29,28,39,50,61,62,73,84,83,72;107,96,85,74,63;104,105,116,115,114,113,112,111,110,99,88,77,66,55,44,33,22,11,0,1,2,3,4,5,6,7,8,9,10;40,51,52,53,64,75,86,97,108,119,118,117,106,95,94,93,82,81,80,79,90,91
11,0,12,9,,,6|17:15|26:16|17:17|18:24|35:26|27:26|37:34|35:35|36:40|41:41|42:41|52:47|58:57|58:58|69:66|67:67|68:67|78:71|82:80|91:81|82:82|83:85|96:90|91:91|102:95|96:96|107;35,46,57,68,69,70,71,60,49,50,51,52,63,74,73,84,95,106,107,108,97,96;91,92,81,80,79,78,77,66,55,44,33,22,11,0;12,1,2,3,4,5,6,7,18,29,40,39,38,37;20,31,42,53,64,75,86,85;100,111,112,113,114,115,116,117,118,119,120,109,98,87,76,65,54,43,32,21,10,9,8,19,30,41;26,25,36,47,48,59,58;67,56,45,34,23,24,13,14,15,16,27,28,17;110,99,88,89,90,101,102,103,104,93,82;62,61,72,83,94,105
11,0,13,7,,,15|26:25|26:26|37:42|53:49|60:52|53:53|54:59|60:60|61:62|73:72|73:73|74:78|89:89|90:89|100:102|103:103|104:103|114;60,71,72,61,62,51,40,29,30;1,0,11,22,33,44,55,66,77,88,89;73,84,85,86,97,108,107,106,105,104,93,92,103;110,99,100,101,90,79,68,57,46,35,24,25,14,15,16,17,18,19,20,31,42,41,52,63,74,75,76,87,98,109,120,119,118,117,116,115,114;26,27,28,39,50,49,48,59,70,81,82,83,94,95,96;111,112,113,102,91,80,69,58,47,36,37,38;53,64,65,54,43,32,21,10,9,8,7,6,5,4,3,2,13,12,23,34,45,56,67,78
11,0,14,9,,,2|13:12|13:13|24:16|27:17|18:18|19:18|29:26|27:27|28:37|48:40|51:41|42:42|43:42|53:47|48:48|59:50|51:51|62:64|75:69|80:75|76:75|86:80|81:80|91:93|94:94|95:94|105;13,14,25,24,35,46,57,68,69,70,81,82,83,94;27,38,39,40,41,52,51;20,19,8,7,18;42,31,30,29,28,17,16,15,26,37,36,47,58,59,60,71,72;80,79,90,91,92,93,104,105,106,107,108;75,74,85,86,87,76,65,54,43,32,21,10,9;53,64,63;12,23,34,45,56,67,78,89,100,101,102,103;6,5,4,3,2,1,0,11,22,33,44,55,66,77,88,99,110,111,112,113,114,115,116,117,118,119,120,109,98,97,96,95,84,73,62,61,50,49,48
11,0,15,9,,,7|18:15|26:17|18:18|19:20|31:23|34:25|26:26|37:31|32:31|42:33|34:34|45:38|49:48|49:49|60:52|63:59|70:62|63:63|74:69|70:70|71:80|91:90|91:91|102:94|95:95|96:95|106;106,107,108,97,98;11,0,1,2,3,4,5,6,7,8,9,10,21,32,43,42,41,40,29,18;70,81,80,69,58,47,36,25,24,23,22,33,44,55,66,77,88,99,110;95,84,83,94,105,116,117,118,119,120,109;45,56,67,78,89,100,111,112,113,114,115,104,93,82,71,72,73,74,75,64,63;26,27,38,37,48,59,60,61,62,51,52,53,54,65,76,87,86,85,96;20,19,30,31;12,13,14,15,16,17,28,39,50,49;34,35,46,57,68,79,90,101,102,103,92,91
11,0,16,8,,,13|24:23|24:24|25:46|47:47|48:47|58:49|50:50|51:50|61:53|64:60|71:64|65:64|75:71|72:71|82:74|85:84|85:85|86:92|103:102|103:103|114;64,63,74,75,86,97,108,107,106,105,94,93,92,91,102,101,100;24,35,46,57,68,69,70,71;58,59,48,37,26,15,16,5,6,7,8,9,10,21,32,43,54,65,76,87,98,109,120,119,118,117,116,115,104,103;85,96,95,84,73,62,51,40,39,50;42,31,20,19,18,17,28,27,38,49,60,61,72,83,82,81,80,79,90;53,52,41,30,29;114,113,112,111,110,99,88,77,66,55,44,33,22,11,0,1,2,3,4;89,78,67,56,45,34,23,12,13,14,25,36,47
11,0,17,8,,,11|12:12|13:12|23:15|26:26|27:26|37:28|39:38|39:39|50:41|52:51|52:52|63:71|82:82|83:82|93:84|95:92|103:95|96:95|106:103|104:103|114;95,94,83,84,85,96;35,24,13,14,15,16,17,18,19,20;39,40,51,50,61,72,73,74,75,86,97,108,107,106,105,104,93,92,91,80,69,58,59,48,37;52,53,64,63,62;12,1,0,11,22,33,44,55,66,77,88,99,110,111,112,113,114,115,116,117,118,119,120,109,98,87,76,65,54,43,42,41;103,102,101,100,89,78,67,56,45,34,23;26,25,36,47,46,57,68,79,90;2,3,4,5,6,7,8,9,10,21,32,31,30,29,28,27,38,49,60,71,70,81,82
11,0,18,9,,,13|14:14|15:14|25:16|17:17|18:17|28:29|40:35|46:39|40:40|41:45|46:46|57:52|63:59|60:60|61:60|71:63|64:63|74:68|79:78|79:79|80:91|92:92|93:92|103:96|107:106|107:107|108;40,51,52,41,30,19;63,62,73,74,75,64,53,42,31,20;12,23,22,33,44,55,66,77,88,99,110,111,112,113,114,115,116,105,94,83,84,85,86,87,76,65,54,43,32,21,10,9,8,7,18,29,28,39,50,49,60;117,106,95,96,97,108;14,3,4,15,26,25,36,47,46;11,0,1,2,13,24,35,34,45,56,67,78,89,100,101,102,103,104,93,82,81,92;17,6,5,16,27,38,37,48,59,58,57,68;107,118,119,120,109,98;79,90,91,80,69,70,71,72,61
11,0,19,8,,,1|12:11|12:12|23:19|20:20|21:20|31:24|35:35|36:35|46:40|51:51|52:51|62:57|68:61|72:67|68:68|79:71|72:72|83:93|104:104|105:104|115;35,34,33,44,55,66,77,88,89,90,91,92,81,70,71,60,49,38,39,40,41,52,53,64,75,86,97,108,107,106,105,94;104,103,102,101,100,99;19,18,17,16,15,14,13,12;110,111,112,113,114,115,116,117,118,119,120,109,98,87,76,65,54,43,42,31,30,29,28,27,26,37,48,59,58,57;32,21,10,9,20;51,50,61,62,63,74,85,96,95;72,73,84,83,82,93;68,69,80,79,78,67,56,45,46,47,36,25,24,23,22,11,0,1,2,3,4,5,6,7,8
11,0,20,9,,,7|18:12|23:14|15:15|16:15|26:18|19:18|29:23|24:23|34:35|46:45|46:46|47:69|70:70|71:70|81:91|102:93|94:94|95:94|105:101|102:102|113:107|108:108|109:108|119;70,59,58,69,80,81,82,93,104,105,106,107,96,97,108;11,0,1,2,3,14,25,26,37,38;101,100,89,78,67,56,45,34;15,4,5,16,27,28,29,30,41,52,51,62,73,84,95;94,83,72,71,60,49,48,47,36,35,24,13,12;9,10,21,32,43,54,65,76,75;40,39,50,61;23,22,33,44,55,66,77,88,99,110,111,112,113,114,115,116,117,118,119,120,109,98,87,86,85,74,63,64,53,42,31,20,19,8,7,6,17,18;46,57,68,79,90,91,92,103,102
12,0,21,10,,,10|22:17|18:18|19:18|30:22|23:22|34:38|50:45|57:49|50:50|51:57|58:57|69:61|73:68|80:73|74:73|85:79|80:80|92:86|98:89|101:97|98:98|99:100|101:101|113:103|115:114|115:115|116;80,81,69,68,67,55,43,42,41,40,28,27,26,25;20,32,33,34,46,58,70,82,94,106,118,130;57,56,44,45;61,49,37,38,39,51,52,53,54,66,78,79,91,92,93,105,117,129,141,142,143,131,119,107,95,83,71,59,47,35,23,11,10;22,21,9,8,7,19,31,30,29,17,16,15,14,13;50,62,74,86,85,84,96,108,120,132,133,134,135,136,137,138,139,140,128,116,104,103,102,101;18,6,5,4,3,2,1,0,12,24,36,48,60,72,73;90,89,77,65,64,63,75,87,99,111,110,98;97,109,121,122,123,124,125;76,88,100,112,113,114,126,127,115
12,0,22,10,,,3|15:8|20:13|25:14|15:15|16:17|29:20|21:20|32:24|25:25|26:29|30:29|41:51|63:63|64:63|75:76|88:77|78:78|79:78|90:87|88:88|89:93|105:105|106:105|117:110|122:121|122:122|123;90,91,79,80,68,56;124,125,126,127,128,129,130,118,106,94,82,70,58,46,34,22,21;63,62,74,86,98,110,111,112,113,114,115,116,117;54,53,65,77,89,101,102,103;123,135,136,137,138,139,140,141,142,143,131,119,107,95,83,71,59,47,35,23,11,10,9,8,7,6,5,4,3,2,1,0,12,24,36,48,60,72,84,96,108,120,132;25,37,38,26,14,13;29,28,16,17,18,19,20;122,134,133,121,109,97,85,73,61,49,50,51,39,27,15;44,43,55,67,66,78;105,104,92,93,81,69,57,45,33,32,31,30,42,41,40,52,64,76,75,87,99,100,88
12,0,23,10,,,2|14:13|14:14|15:20|32:27|28:28|29:28|40:32|33:32|44:37|49:49|50:49|61:76|88:82|94:88|89:88|100:90|102:93|94:94|95:102|103:102|114:105|117:111|123:116|117:117|129:122|123:123|124;113,114,115,116;123,135,136,137,138,139,140,141,142,143,131,119,107,95,83,71,59,47,35,23,11,10,9,8,7,6,5,4,3,2,1,13,25,26,14;0,12,24,36,37,38,50,51,52,53,54,55,67,68,69,57,45,33;49,48,60,72,84,96,108,120,132,133,134,122,110,111,112,124,125,126,127,128,129,130;102,101,100,99,98,86,74;18,19,20,21,22,34,46,58,70,82,81,93,105,104,103,91,90,89,77,76,75,87,88;117,118,106,94;56,44,43,42,41,40,39,27,15,16,28;121,109,97,85,73,61,62,63,64,65,66,78,79,80,92;17,29,30,31,32
12,0,24,9,,,26|38:33|45:37|38:38|50:44|45:45|57:49|61:55|67:61|62:61|73:67|68:67|79:81|82:82|83:82|94:85|86:86|87:86|98:102|114:114|115:114|126:118|130:120|121:121|122:121|133:130|131:130|142;45,46,34,33,32,31,30,29,28,27,26;72,73,85,97,109,121;82,70,71,83,95,107,119,131,143,142,141,140,139,138,137,136,135,123,111,112;130,129,128,127,126,125,124;44,43,42,41,40,39,38;22,21,20,19,18,17,16,15,14,13,25,37,49,50,51,52,53,54,55,56,68,80,79,78,77,76,75,87,99,98,110,122,134,133,132,120,108,96,84;86,74,62,63,64,65,66,67;61,60,48,36,24,12,0,1,2,3,4,5,6,7,8,9,10,11,23,35,47,59,58,57,69,81,93,94,106,118,117,116,115,103,102,101,113,114;100,88,89,90,91,92,104,105
12,0,25,10,,,13|25:21|22:22|23:22|34:24|25:25|26:28|40:39|40:40|52:43|55:50|62:54|55:55|56:61|62:62|74:76|77:77|78:77|89:81|93:90|102:92|93:93|94:101|102:102|103:109|121:112|124:120|121:121|133:123|124:124|125;121,122,110,98,99,100,101,89,90;40,41,42,54,66,78,79,91,103,115,116,117;93,105,104,92,80,81,69,57,45,46,47,59,71,83,95,107,119,131,143,142,141,140,139,138,137,136,124;25,37,36,24,12,0,1,2,3,4,5,6,7,8,9,21;55,67,68,56,44,43,31,30,29,28;102,114,113,112,111,123,135,134,133,132,120,108,109,97,85,86,87,88,76,64,65,77;58,70,82,94,106,118,130,129,128,127,126,125;96,84,72,60,48;13,14,26,38,50,49,61,73,74,75,63,62;22,10,11,23,35,34,33,32,20,19,18,17,16,15,27,39,51,52,53
12,0,26,8,,,4|16:15|16:16|28:24|25:25|26:25|37:45|57:56|57:57|69:61|62:62|63:62|74:67|79:70|82:73|85:78|79:79|80:81|82:82|94:84|85:85|86;25,13,14,26,38,50,62;45,33,32,31,43,55,54,53,52,64,76,88,100,112,111,110,98,86,74,73,61,49,37,36,24,12,0,1,2,3,4,5,6,7,8,9,10,11,23,35,47,59,71,70,69,81,80;85,97,109,121,122,123,124,125,126,127,128,129,130,118,106,105,104,103,102,90,78,66,67,68,56,44;79,91,92,93,94;82,83,95,107,119,131,143,142,141,140,139,138,137,136,135,134,133,132,120,108,96,84,72,60,48;15,27,28,29,17,16;57,58,46,34,22,21,20,19,18,30,42,41,40,39,51,63,75,87,99;117,116,115,114,113,101,89,77,65
12,0,27,10,,,4|16:14|26:15|16:16|28:21|33:25|26:26|27:32|33:33|45:37|49:48|49:49|50:65|66:66|67:66|78:69|81:80|81:81|82:85|97:94|106:96|97:97|109:101|113:105|106:106|107:113|114:113|125;37,25,13,14,15;106,118,117,116,115,114;49,61,60,48,36,24,12,0,1,2,3,4,5,6,7,8,9,10,11,23,35,47,46,45,44,32,31,30,29,28,27,39;90,91,92,80,68,69,70,82,94;81,93,105,104,103,102,101,89,77,78,79,67,55,43,42,41,40,52,51,63,75,87,86,85;113,112,111,110,109;26,38,50,62,74,73,72,84,96,108,120,132,133,134,135,136,137,138,139,140,141,142,143;16,17,18,19,20,21,22,34,33;56,57,58,59,71,83,95,107,119,131,130,129,128,127,126,125,124,123,122,121;97,98,99,100,88,76,64,65,53,54,66
12,0,28,10,,,8|20:19|20:20|32:26|38:29|41:37|38:38|39:40|41:41|42:49|61:61|62:61|73:63|75:67|68:68|69:68|80:74|75:75|87:91|103:102|103:103|115:105|117:110|111:111|112:111|123:116|117:117|129;61,60,48,36,24,12,0,1,2,3,4,5,6,7,8,9,10,11,23,35,47,59,71,83,95,107,119,131,130,129,128,127,126,125,113;103,104,116,115,114,102,101,100,112,124,123,135;111,99,98,110,122,134,133,132,120,108,96,84,72,73,74,62,63,64,65,66;26,27,39,51,52,53,41;67,55,54,42,30,29,28,40;121,109,97,85,86,87,88,89,90,91,92,93,105,106,118,117;20,21,22,34,46,58,70,82,94;68,56,44,43,31,19,18,17,16,15,14,13,25,37,49,50,38;143,142,141,140,139,138,137,136;32,33,45,57,69,81,80,79,78,77,76,75
12,0,29,10,,,2|14:13|14:14|26:20|32:31|32:32|44:41|53:52|53:53|54:66|78:78|79:78|90:82|94:84|85:85|86:85|97:89|101:93|94:94|95:100|101:101|102:103|104:104|105:104|116:109|121:112|124:120|121:121|122:123|124:124|136;101,113,112,100,88,76,64,52,51,50,49,48,60,72,84,96,97;10,22,21,20,19,18,17,16,15,14;104,92,93,105,117,116,128,140,141,142,143,131,119,107,95,83,71,59,47,46,45,44,43,31,30,29,28,27,26,25,13;53,65,66,67,68,69;94,106,118,130,129;124,125,126,114,102,90,89,77,78;61,62,63,75,87,99,111,123,122;121,133,134,135,136,137,138,139,127,115,103,91,79,80,81,82,70,58,57,56,55,54,42,41,40,39,38,37,36,24,12,0,1,2,3,4,5,6,7,8,9;85,73,74,86,98,110,109,108,120,132;11,23,35,34,33,32
12,0,30,10,,,17|29:21|33:29|30:29|41:33|34:33|45:36|37:37|38:37|49:54|55:55|56:55|67:57|58:58|59:58|70:65|77:74|86:76|77:77|78:85|86:86|87:94|106:106|107:106|118:112|124:117|129:124|125:124|136:129|130:129|141;124,123,122,121,120,108,96,84,72,60,61,62,63,51,39,40,41,53,65;29,28,16,17,18,19,20,21,22,34,46,58;55,43,44,45,57,69,70;37,25,13,14,2;86,98,99,87,75,74,73;132,133,134,135,136,137,125,113,112,111,110,109,97,85;129,128,127,115,103,91,79,67,68,56;77,89,90,78,66,54,42,30,31,32,33;130,118,117,116,104,92,80,81,82,83,71,59,47,35,23,11,10,9,8,7,6,5,4,3,15,27,26,38,50,49,48,36,24,12,0,1;52,64,76,88,100,101,102,114,126,138,139,140,141,142,143,131,119,107,95,94,93,105,106
