10:12,0,1,5,,,56|57:57|58:63|64:64|65:66|67:67|68:73|74:74|75:76|77:77|78:78|88:83|84:84|85:85|95:86|87:86|96:87|97:88|89:93|94:94|104:95|105:96|106:97|98:98|99;102,92,82,72,62,52,42,32,33,34,35,36,46,56,66,76,86;119,118,108,98,88,87,77,67,57,47,37,27,26,25,24,23,22;85,75,65,55,45,44,43,53,63,73,83,93,103,104,105,106;54,64,74,84,94,95,96,97,107,117,116,115,114,113,112,111,110,100,90,80,70,60,50,40,30,20,10,0,1,2,3,4,5,6,7,8,9,19,29,39,49,59,69;101,91,81,71,61,51,41,31,21,11,12,13,14,15,16,17,18,28,38,48,58,68,78,79,89,99,109
10:12,0,2,6,,,25|35:26|36:33|43:34|35:34|44:36|37:42|43:44|54:45|46:45|55:46|47:52|53:53|54;99,98,108,107,106,105,104,103,102,101,91,81,71,61,51,41,31,21,11;55,54,64,74,75,76,77,78,79,69,59,49,39,29,19,9,8,7,6,5,4,3;23,13,12,2,1,0,10,20,30,40,50,60,70,80,90,100,110,111,112,113,114,115,116,117,118,119,109;14,15,16,17,18,28,38,48,58,68,67,66,65;22,32,33,34,24,25,26,27,37,47,57,56,46,36,35,45,44,43,53,63,73,83,84,85,86,87,88,89;97,96,95,94,93,92,82,72,62,52,42
10:12,0,3,7,,,26|36:27|37:36|46:37|38:45|46:47|48:47|57:53|54:53|63:54|55:55|56:56|57:62|63:64|65:64|74:72|73:73|74:82|83:83|84;45,55,65,75,74,84,94,104,114;79,89,99,109,119,118,117,116,106,96,97,87,77,67,57,58,48,38,28,27,26,25,15,14,13,12,11,21,31;33,43,53,52,62,72,82,92,102,112,113;115,105,95,85,86,76,66,56,46,47,37,36,35,34,44,54,64,63,73,83,93,103;24,23,22,32,42,41,51,61,71,81,91,101;9,8,7;111,110,100,90,80,70,60,50,40,30,20,10,0,1,2,3,4,5,6,16,17,18,19,29,39,49,59,69,68,78,88,98,108,107
10:12,0,4,5,,,32|33:33|34:34|44:35|45:42|43:43|53:44|54:45|46:54|55:55|56:64|65:64|74:65|66:73|74:73|83:75|76:75|85:83|93:84|85:84|94;73,72,71,70,60,50,40,30,20,10,0,1,2,3,4,5,6,7,8,9,19,29,39,49,59,69,79,89,99,109,119,118,117,116,115,114,113,112,111;110,100,101,102,103,104,105,106,107,108,98,88,78,68,58,48,38,28,18,17,16;54,64,63,62,61,51,41,31,21,11;85,86,76,66,56,46,36,35,34,24,23,33,43,44,45,55,65,75,74,84,83,82,81,80,90;91,92,93,94,95,96,97,87,77,67,57,47,37,27,26,25,15,14,13,12,22,32,42,52,53
10:12,0,5,7,,,5|15:6|16:7|17:14|15:16|26:17|27:24|25:25|35:26|27:35|36:36|37:37|47:38|48:45|46:46|56:47|57:48|49:57|58:58|59;37,27,28,18,17,16,15,25,26,36,46,47,48,58,68,78,88,98,108;71,81,91,101,102,103,104,105,106,107,97,87,77,67,57,56;92,93,94,95,96,86,76,66,65,55,45,35,34,24,14,4,5,6,7,8,9,19,29;50,40,30,20,10,0,1,2,3,13,23,22,32,42,52,53;73,74,64,54,44,43,33;38,39,49,59,69,79,89,99,109,119,118,117,116,115,114,113,112,111,110,100,90,80,70,60,61,51,41,31,21,11,12;63,62,72,82,83,84,85,75
10:12,0,6,6,,,42|52:43|53:52|62:53|54:62|63:63|64:71|81:72|73:72|82:73|74:80|81:82|92:83|84:83|93:90|91:91|92:100|101:101|102;10,0,1,2,3,4,5,6,7,8,9,19,29,39,49,59,58,68,78,88,98,97,96,95,105,104,103;69,79,89,99,109,108,107,106,116,115,114,113,112,102,92,93,94,84,74,64,54,44,45;71,70,80,90,100,110,111,101,91,81,82,83,73,63,53,52,51,41,31,32,22,23,24,25,26,27,37,47,57,67,66,76;119,118,117;72,62,61,60,50,40,30,20,21,11,12,13,14,15,16,17,18,28,38,48;42,43,33,34,35,36,46,56,55,65,75,85,86,87,77
10:12,0,7,9,,,42|52:43|53:44|54:45|55:46|56:47|57:48|58:52|62:53|63:54|55:56|66:57|67:58|59:63|64:64|74:65|66:65|75:67|68:68|69;85,95,96,97,98,99,109,119;34,33,43,42,41,40,50,60,70,80,90,100,110;118,117,116,115,114,113,112,102,92,82,72;108,107,106,105,104,94,84,74,75,76,86,87,88,89,79,69,59,49,48,47,46,45,44;9,19,29,28,27,26,16,15,14,13,12,11,21;66,67,77,78,68,58,57,56,55,65,64,54,53,52,51;17,18,8;111,101,91,81,71,61,62,63,73,83,93,103;7,6,5,4,3,2,1,0,10,20,30,31,32,22,23,24,25,35,36,37,38,39
10:12,0,8,5,,,10|11:11|12:20|21:21|22:25|35:26|36:30|31:31|32:35|45:36|37:40|41:41|42:45|46:46|47:55|56:56|57;92,93,94,95,96,97,87,77,67,57,47,37,27,26,25,24,23,22,12,2,3,4,5,6,7,8,9,19,29,39,49,59,69,79,89,99,109,119,118,117,116,115,114,113,112,111,110,100,90,80;83,84,85,86,76,66,56,46,36,35,34,33,32,42,52;10,20,30,40,50,60,70,71,72,73,74,75,65,55,45,44,43,53;54,64,63,62,61,51,41,31,21,11,1,0;82,81,91,101,102,103,104,105,106,107,108,98,88,78,68,58,48,38,28,18,17,16,15,14,13
10:12,0,9,6,,,40|41:41|42:50|51:51|52:60|61:61|62:62|72:70|71:71|81:72|73:81|91:82|83:82|92;70,60,50,40,30,20,10,0,1,2,3,4,5,6,7,8,9,19,29,39,49,48,47,37,27,26,25,24,23,22,32,42,52,62,63,73,83,93,92;36,35,34,33,43,53,54,64,74,75,85,86;91,101,102,103,104,105,115,116,117,118,119,109,99,89,79,69,59,58,57,56,46;38,28,18,17,16,15,14,13,12,11,21,31,41,51,61,71,72,82,81,80,90,100,110,111,112,113,114;44,45,55,65,66,76,77,87,97;67,68,78,88,98,108,107,106,96,95,94,84
10:12,0,10,6,,,5|15:6|16:7|17:14|15:16|26:17|27:24|25:25|26:75|76:76|77:77|87:85|86:86|96:87|88:96|106:97|98:97|107;37,47,48,49,59,69,79,89,99,109,119,118,117,116,115,114,113,112,111,110,100,90,80;53,52,42,32,22,12,13,14,24,34,35,25,15,16,17,18;68,58,57,56,66,76,86,87,97,96,95,85,84,83,73,63,64,54,44,43,33,23;39,29,19,9,8,7,6,5,4,3,2,1,11,21,31,41,51,61,62,72,82,92,93,94;74,75,65,55,45,46,36,26,27,28,38;67,77,78,88,98,108,107,106,105,104,103,102,101,91,81,71,70,60,50,40,30,20,10,0
11:13,0,11,5,,,78|89:79|90:88|89:90|91:99|100:100|101:101|102:102|103:110|111:111|112:112|113:112|123:113|114:121|122:122|133:123|134:124|125:124|135;55,66,67,68,69,70,81,92,103,114,125;23,12,13,14,15,16,17,18,19,20,31,42,53,64,75,86,97,108,119,130,129,128,127,126,115,104,93,82,71,60,59,58,57,56;112,101,90,89,100,111,122,123,124,113,102,91,80,79,78,77,88,99,110,121,132,133,134,135,136,137,138,139,140,141,142,131,120,109,98,87,76,65,54,43,32,21,10,9,8,7,6,5,4,3,2,1,0,11,22;44,33,34,35,36,37,38,39,40,51,62,73,84,95,106;24,25,26,27,28,29,30,41,52,63,74,85,96,107,118,117,116,105,94,83,72,61,50,49,48,47,46,45
11:13,0,12,5,,,24|35:25|36:26|37:27|38:28|39:35|46:36|47:37|48:38|49:39|40:49|50:50|51:60|61:61|62:84|95:85|96:95|106:96|97:106|107:107|108:108|119:117|118:118|129:119|120:129|130:130|131;59,70,81,92,93,94,95,96,107,118,119,130,141,142,131,120,109,98,87,76,65,54,43,32,21,10,9,8,7,6,5,4,3,2,1,0,11;108,97,86,75,64,53,42,31,20,19,18,17,16,15,14,13,12,23,22,33,44,55,66,77,88,99,110,121,132,133,134,135,136,137,126;125,124,123,122,111,100,89,78,67,56;24,25,26,27,28,29,30,41,52,63,74,85,84,83,82,71,60,49,48,47,58,69,80,91,102,103,104,105,106,117,128;129,140,139,138,127,116,115,114,113,112,101,90,79,68,57,46,45,34,35,36,37,38,39,50,61,72,73,62,51,40
11:13,0,13,8,,,16|27:17|28:18|29:19|30:26|27:28|39:29|40:30|31:31|42:37|38:38|39:40|41:41|52:42|53:92|93:92|103:93|94:102|103:104|105:104|115:113|114:114|115;36,47,58,57,56,67,78,89,100,111,122;80,91,102,113,124,135,136,137,138,139,140,141,142;126,125,114,103,104,93,82,83,94,105,106,107,96,85,74,63,62,61,50,49,38,27,28,29,30,41,42,43,32,31,20,19,18,17,16,15,14,13,12,23,34,45;64,75,86,97,108,119,118,117,116,115;95,84,73,72,71,60,59,48,37,26,25,24,35,46;127,128,129,130,131,120,109,98,87,76,65,54,53,52,51,40,39;21,10,9,8,7,6,5,4,3,2,1,0,11,22,33,44,55,66,77,88,99,110,121,132,133,134,123,112,101,90,79,68,69;70,81,92
11:13,0,14,7,,,2|13:3|14:13|24:14|15:15|16:24|25:25|36:26|27:26|37:82|93:83|94:84|95:85|96:93|104:94|105:95|106:96|107;142,141,130,119,108,107,106,105,104,103,102,91,80,69,70,71,60;64,53,42,31,20,19,18,17,16,27;74,75,76,65,54,43,32,21,10,9,8,7,6,5,4,15,26,25,14,13,12,23,34,45,56,67,78,89,100,111,122,123,124,125,126,127,128;97,96,95,94,93,92,81,82,83,72,61,50,49,48,59,58,57,68,79,90,101,112,113,114,115,116,117,118,129,140,139,138,137,136,135,134,133,132,121,110,99,88,77,66,55,44,33,22,11,0,1,2,3;47,36,37,38,39,40,51,62,73,84,85,86,87,98,109,120,131;63,52,41,30,29,28;24,35,46
11:13,0,15,7,,,26|37:27|38:28|39:36|37:38|49:39|40:40|41:47|48:48|49:49|50:50|61:51|52:51|62:58|59:59|60;52,41,30,29,40,51,50,39,38,37,48,59,70,69,68,67,78,89,100,111,122,123,124,125,126,127,128,129,130,119,108,97,98,87;61,72,83,94,93,92,91,102,113,114,115,116,117,118,107,96,85,86,75,76,65,54,43,32,21,10,9,8,7,6,5,4,3,2,1,12,23,34,33;112,101,90,79,80,81,82,71,60,49;74,73,84,95,106,105,104,103;109,120,131,142,141,140,139,138,137,136,135,134,133,132,121,110,99,88,77,66,55,44,45,46,35,24,13,14,15,16;56,57,58,47,36,25,26,27,28,17,18,19,20,31,42,53,64,63,62;0,11,22
11:13,0,16,9,,,5|16:6|17:7|18:8|19:15|16:17|28:18|29:19|30:26|27:27|38:28|39:29|40;117,106,105,104,93,92,81,70;64,53,52,41,30,29,28,27,16,17,18,19,20;82,83,94,95,96,107,118;31,42,43,54,65,76,75,74,63,62,61,50,49,48;12,13,24,35,46,57,68,79,90,101,112,113,114,115,116;23,34,45,56,67,78,89,100,111,122,123,124,125,126,127,128;47,36,25,14,3,2,1,0,11,22,33,44,55,66,77,88,99,110,121,132,133,134,135,136,137,138,139,140,141,142,131,120,109,98,87;51,40,39,38,37,26,15,4,5,6,7,8,9,10,21,32;129,130,119,108,97,86,85,84,73,72,71,60,59,58,69,80,91,102,103
11:13,0,17,7,,,60|61:61|62:62|73:63|74:71|72:72|73:74|85:82|83:83|94:84|85:84|95:93|104:94|105:104|115:105|106:106|117:115|116:116|127:117|118:118|119:127|128:128|139:129|130:129|140;12,23,34,45,56,67,78,89,100,111,122,123,124,125,136,137,138,139,140,141,130,119,108;75,74,73,84,83,72,61,50,39,28,29,30,41,52,53,54,43,32,21,10,9,8,7,6,5,4,15,26,37;58,69,80,91,102,103,104,105,116,117,128,129,118,107,96,97,98,109,120,131,142;92,81,70,59,48,47,36,25,14,3;85,86,87,76,65,64,63,62,51,40;135,134,133,132,121,110,99,88,77,66,55,44,33,22,11,0,1,2,13,24,35,46,57,68,79,90,101,112,113,114,115,126,127;42,31,20,19,18,17,16,27,38,49,60,71,82,93,94,95,106
11:13,0,18,7,,,56|67:57|68:58|69:59|70:66|67:68|79:69|80:70|81:77|78:78|79:79|90:88|89:89|100:90|101:111|122:112|113:112|123:113|114:122|133:123|134:124|125:124|135;57,58,59,60,71,70,69,68,67,78,89,90,91,92;111,110,121,122,123,124,113,102,103,114,125,126,127,128,129,130;79,80,81,82,83,72,61,50,49,48,47,46,45,56;86,75,64,53,42,31,20,19,18,17,16,15,14,13,12,11;132,133,134,135,136,137,138,139,140,141,142,131,120,109,108,107,106,105;112,101,100,99,88,77,66,55,44,33,34,35,36,37,38,39,40,51,62,73,84,95,94,93,104,115,116,117,118,119;22,23,24,25,26,27,28,29,30,41,52,63,74,85,96,97,98,87,76,65,54,43,32,21,10,9,8,7,6,5,4,3,2,1,0
11:13,0,19,6,,,5|16:6|17:15|16:15|26:17|28:26|37:27|28:27|38:74|75:75|76:84|85:85|86:86|87:95|96:96|97:97|98:106|107:107|118:108|109:108|119;82,71,72,73,74,85,96,107,108,97,86,75,64,65,76,87,98,109,120,131,142,141,140,139,138,137,136,135,134,133,132,121,110,99,88,77,66,55,44,33,22,11,0,1,2,3;23,24,25,26,27,16,17,18,19,20,31,42,41,52,63,62,61,60,59,70,81,92,93,94;83,84,95,106,105,104,103,102,91,80,69,58,47,48,49,50,51,40;30,29,28,39,38,37,36,35,34,45,56,67,78,89,100,111,122,123,124,125,126,127,128,129;12,13,14,15,4,5,6,7,8,9,10,21,32,43,54,53;46,57,68,79,90,101,112,113,114,115,116,117,118,119,130
11:13,0,20,7,,,80|91:81|92:82|93:83|94:84|95:90|91:92|103:93|104:94|105:95|96:101|102:102|113:103|104:105|106:106|107:113|114:114|115;23,24,35,46,45,44,55,66,77,88,99,110,121,132,133,134,135,136,125,114,103,102,91,92,93,94,95,106,117,118,107,96,85,84,83;50,49,38,27,28,29,30,41,52,53,54,43,32,21,10,9,8,7,6,5,4,3,2,1,0,11,22,33,34;124,123,122,111,100,89,78,67,56,57,58,47,36,25,14,13,12;61,60,71,82,81,80,79,90,101,112,113;39,40,51,62,63,64,65,76,87,98,109,120,131,142,141,140,139,138,137,126,115,104;68,69,70,59,48,37,26,15,16,17,18,19,20,31,42;72,73,74,75,86,97,108,119,130,129,128,127,116,105
12:14,0,21,8,,,78|90:79|91:89|90:89|101:91|103:101|113:102|103:102|114:117|118:118|119:129|130:130|131:141|142:141|153:142|143:153|165:154|155:154|166;76,64,52,40,39,38,50,62,74,86,98,99,100,101,102,90,91,92,93,105,106,118,130,142,154,153,152,151,150,149,148,147,146,145,157;83,71,59,47,35,23,11,10,9,8,7,6,5,4,3,2,1,0,12,24,36,48,60,72,84,96,108,120,121,122,123,124,125,126,127,128;33,45,57,69,81,80,79,78,77,89,88,87,75,63,51;55,54,42,30,29,28,27,26;41,53,65,66,67,68,56;44,43,31,19,18,17,16,15,14,13,25,37,49,61,73,85,97,109,110,111,112,113,114,115,103;156,144,132,133,134,135,136,137,138,139,140,141,129,117,116,104;32,20,21,22,34,46,58,70,82,94,95,107,119,131,143,155,167,166,165,164,163,162,161,160,159,158
12:14,0,22,8,,,92|104:93|105:94|106:103|115:104|116:105|117:106|107:114|115:116|117:118|119:118|130:126|127:127|128:128|140:129|130:129|141;51,39,38,37,49,61,73,85,97,109,121,133,145,146,147,148,149,150,151,152,153,154,142,130,131,119,107,95,83,71,59,47,35,23,11,10,9,8,7,6,5,4,3,2,1,0,12;80,81,69,57,45,33,32,31,30,29,17,16,15,14,13;18,19,20,21,22,34,46,58,70,82,94,93,92,91,103,104,105,106,118,117,129,128,116,115,127,139,140,141;50,62,74,86,98,110,122,134,135,136,137,138,126,114,102;65,77,76,88,100,112;123,124,125,113,101,89,90,78,79,67,55;68,56,44,43,42,41,40,28,27,26,25,24,36,48,60,72,84,96,108,120,132,144,156,157,158,159,160,161,162,163,164,165,166,167,155,143;66,54,53,52,64,63,75,87,99,111
12:14,0,23,7,,,7|19:8|20:9|21:19|31:20|32:21|22:31|32:33|34:33|45:43|44:44|56:45|46:56|57:57|58;67,79,91,103,115,127,139,140,141;118,106,94,82,70,58,46,34,22,10,9,8,7,6,5,4,3,2,1,0,12,24,36,48,60,72,84,96,108,120,132,144,145,146,147;117,105,93,81,69,57,45,44,32,33,21,20,19,18,17,16,15,14,13,25,37,49,61,73,85,97,109,121,133,134,135,123,111;142,154,153,152,151,150,138,126,114,102,90,78,66,54,42;156,157,158,159,160,148,136,124,112,100,88,76,64,52;122,110,98,86,74,62,50,38,26,27,28,29,30,31,43,55,56,68,80,92,104,116,128,129,130,131,119,107,95,83,71,59,47,35,23,11;143,155,167,166,165,164,163,162,161,149,137,125,113,101,89,77,65,53,41,40,39,51,63,75,87,99
12:14,0,24,8,,,18|30:19|31:29|30:31|32:41|42:42|43:43|44:54|55:54|66:55|56:65|66:67|68:67|79:77|78:78|90:79|91;39,51,63,75,87,99,111,123,124,125,137,138,139,151,152;166,167,155,143,131,119,107,95,94,82,70,58,46,34,33,32;57,69,81,93;11,10,9,8,7,6,5,4,3,2,1,0,12,24,36,48,60,72,84,96,108,120,132,144,156,157,158,159,160,161,162,163,164,165,153,141,140,128,127,126,114,113,112;45,44,56,68,80,79,78,66,67,55,43,31,30,42,54,53,41,29,28,27,26,38,50,62,74,86,98,110,122,134,135,136,148,149,150;129,117,116,115,103,102,101,100,88,76;83,71,59,47,35,23,22,21,20,19,18,17,16,15,14,13,25,37,49,61,73,85,97,109,121,133,145,146,147;154,142,130,118,106,105,104,92,91,90,89,77,65,64,52,40
12:14,0,25,9,,,114|115:115|116:116|128:125|137:126|127:126|138:127|139:128|129:137|149:138|150:139|151:140|141:140|152;114,126,125,124,123,111,99,87,75,63,51,39,27,15,3,2,1,0,12;43,44,45,46,47,59,71,83,95,107,119,131,143,155,167;113,112,100,88;65,53,41,29,17,18,19,20;13,14,26,38,50,62,74,86,98,110,122,134,135,136,137,138,139,140,128,127,115,103,102,101,89,77,76,64,52,40,28,16,4,5,6,7,8,9,21,22;105,93,81,80,79,91;58,57,56,55,54,42,30,31,32,33,34,35,23,11,10;24,36,48,60,72,84,96,108,120,132,144,156,157,158,159,160,161,162,163,164,165,166,154,142,130,118,106,94,82,70,69,68,67,66,78,90;92,104,116,117,129,141,153,152,151,150,149,148,147,146,145,133,121,109,97,85,73,61,49,37,25
12:14,0,26,8,,,80|92:81|93:91|92:91|103:93|94:103|115:104|105:104|116:105|106:116|117:117|118:128|129:129|130;12,0,1,2,3,4,5,6,7,19,20,32,33,45;52,53,65,77,89,101,102,103,104,92,93,105,117,129,141,140,139;55,67,68,69,70,71,59,47,35,23,11,10;115,114,113,125,137,149,161,162,163,164,165,166,167,155,143,131,119,107,95,83;8,9,21,22,34,46,58,57,56,44,43,31,30,18,17,16,15,14,13,25,24,36,48,60,72,84,96,108,120,132,144,156,157,158,159,160,148,136,124,112,100,88,76,64;29,28,27,26,38,50,62,74,86,98,110,122,134;116,128,127,126,138,150,151,152,153,154,142,130,118,106,94,82,81,80,79,91;37,49,61,73,85,97,109,121,133,145,146,147,135,123,111,99,87,75,63,51,39,40,41,42,54,66,78,90
12:14,0,27,9,,,44|45:44|56:45|46:55|56:57|58:57|69:67|68:68|80:69|70:80|81:81|82:82|94:92|93:93|105:94|106;117,118,130,142,154,153,152;146,147,148,149,150,151,139,140;75,63,64,52,53,54,42,30,31,32,33,45,57,56,68,69,81,93,94,95,83,71,59,47,35,23,11,10,9,8,7,6,5,4,3,2,1,0,12;91,103,102,101,100,112,111,110,98,86,74,62,50,51,39,40,41;145,133,134,135,136,137,138,126,127,128,129,141;76,77,65,66,67,55,43,44;99,87,88,89,90,78,79;80,92,104,105,106,107,119,131,143,155,167,166,165,164,163,162,161,160,159,158,157,156,144,132,120,108,96,84,72,60,48,36,24,25,13,14,15,16;116,115,114,113,125,124,123,122,121,109,97,85,73,61,49,37,38,26,27,28,29,17,18,19,20,21,22,34,46,58,70,82
12:14,0,28,8,,,29|41:30|42:31|43:41|53:42|54:43|44:54|55:55|56:56|68:64|76:65|77:66|67:66|78:67|79:68|80:75|76:77|89:78|90:87|88:88|100:89|101;104,105,117,129,141,153,152,151,150,149,148,147,146,145,133,121,109,97,85,73,72,60,48,36,24,12,0;34,22,10,9,8,7,6,5,4,3,2,1,13,25,37,49,61,62,74,86,98,110,122,134,135,136,124,125,126,127,128,116;59,71,70,69,68,67,55,43,42,41,40;140,139,138,137;123,111,112,113,114,115,103,91,92,93,94,106,118,130,142,154;54,66,65,64,63,75,87,99,100,101,102,90,89,88,76,77,78,79,80,81,82,83,95,107,119,131,143,155,167,166,165,164,163,162,161,160,159,158,157,156,144,132,120,108,96,84;50,38,26,14,15,16,17,18,19,20,21,33,45,46,47,35,23,11;58,57,56,44,32,31,30,29,28,27,39,51,52,53
12:14,0,29,7,,,1|13:2|14:3|15:4|16:13|25:14|26:15|27:16|17:27|28:28|29:77|89:78|90:79|91:89|101:90|102:91|92:92|93:102|103:103|115:104|105:104|116;49,37,38,39,40,28,16,15,14,13,12,0,1,2,3,4,5,6,18,30,42,54,66,65,64,63;17,29,41,53,52,51,50,62,74,86,98,110,122,123,124,136,137,138,139,140,128;21,22,34,46,58,70,82,94,106,118,130,142,154,166,165,164,163,162,161,160,159,158,157,156;167,155,143,131,119,107,95,83,71,59,47,35,23,11,10,9,8,7,19,31,43,55,67,79,78,77,76,75,87,99,111,112,113,125,126,127,115,116,117,129,141,153,152,151,150,149,148,147,146,145,144,132,120,108,96,84,72;135,134,133,121,109,97,85,73,61,60,48,36,24,25,26,27;44,56,68,80,92,104,103,91,90,89,88,100,101,102,114;105,93,81,69,57,45,33,32,20
12:14,0,30,9,,,65|66:66|67:77|78:78|79:89|90:90|91:101|102:102|103:111|112:112|113:113|114:113|125:114|115:123|124:124|136:125|137:126|127:126|138;52,64,76,88,100,112,124,125,126,114,102,90,78,66,54,55,67,79,91,103,115,127,128,140,152;71,59,47,35,23,11,10,9,8,7,19,31,43,42;17,5,4,3,2,1,0,12,24,36,48,60,72,84,96,108,120,132,144,156,157,158,159,160,161,162,163,164,165,166,154,142,130,118,106,105;33,45,57,69,81,93,94,95,107,119,131,143,155,167;83,82,70,58,46,34,22,21,20,32,44,56,68,80,92,104,116,117,129,141,153;145,133,121,109,97,85,73,61,49,37,25,13,14,15,16;151,150,149,148,147,146,134,122,110,98,86,74,62,50,38,26,27,28;113,101,89,77,65,53,41,29,30,18,6;139,138,137,136,135,123,111,99,87,75,63,51,39,40
