10,0,1,6,,,1|11:2|12:3|13:4|14:6|16:7|17:8|18:10|11:18|19:20|21:28|29:30|31:38|39:48|49:50|51:60|61:68|69:70|71:78|79:80|81:81|91:82|92:83|93:85|95:86|96:87|97:88|89:88|98;22,23,33,34,35,36,37,38;95,96,97,98,99,89,79,69,59,58,48,47,46,45,44,43,42,32,31,21,11,12,13,14,24,25,26,27,28,18;4,3,2,1,0,10,20,30,40,41,51,52,53,54,55,56,57,67,68,78,88,87,86,85,75,74,73,72,71;77,76,66,65,64,63,62,61;81,82,83,84,94,93,92,91,90,80,70,60,50;17,16,15,5,6,7,8,9,19,29,39,49
10,0,2,7,,,1|11:2|12:3|13:4|14:5|15:7|17:8|18:10|11:18|19:20|21:28|29:38|39:40|41:48|49:50|51:58|59:60|61:70|71:78|79:80|81:81|91:82|92:84|94:85|95:86|96:87|97:88|89:88|98;54,53,52,62,72,73,74,84,85,86,87;40,50,60,70,80,90,91,92,93,83,82,81,71,61,51,41,42;14,15,25,26,27,37,38,48,58,68,69,79,89,99,98,97,96,95,94;59,49,39,29,19,9,8,7,6,16,17,18,28;22,32,33,43,44,45,55,56,66,67;5,4,3,2,1,0,10,20,30,31,21,11,12,13,23,24,34,35,36,46,47,57;88,78,77,76,75,65,64,63
10,0,3,6,,,1|11:2|12:3|13:4|14:5|15:6|16:8|18:10|11:18|19:28|29:30|31:38|39:40|41:48|49:50|51:58|59:60|61:68|69:70|71:80|81:81|91:83|93:84|94:85|95:86|96:87|97:88|89:88|98;8,9,19,29,39,49,59,69,79,78,77,76,75,74,64,63,53,43,42;36,26,16,15,14,13,12,11,21,20,30,40,50,60,70,80,90,91;89,99,98,97,96,95,94,93,92,82,81,71,61,51,41,31,32,33,34,44,54,55,56,57,47,37,27;22,23,24,25,35,45,46;10,0,1,2,3,4,5,6,7,17,18,28,38,48,58,68,67,66,65;88,87,86,85,84,83,73,72,62,52
10,0,4,5,,,1|11:2|12:3|13:4|14:5|15:6|16:7|17:18|19:20|21:28|29:30|31:38|39:40|41:48|49:50|51:58|59:60|61:68|69:70|71:78|79:80|81:82|92:83|93:84|94:85|95:86|96:87|97:88|98;21,31,41,51,61,71,72,73,74,64,54,44,45,35,36,37,47,57,67,66,76,86,87,88,89,79,69,59,49,39,29,19,9;77,78,68,58,48,38,28,27,26,25,24,34;0,1,2,3,4,5,6,7,8,18,17,16,15,14,13,23,33,43,53;63,62,52,42,32,22,12,11,10,20,30,40,50,60,70,80,90;46,56,55,65,75,85,84,83,82,81,91,92,93,94,95,96,97,98,99
10,0,5,6,,,2|12:3|13:4|14:5|15:6|16:7|17:8|18:10|11:20|21:28|29:30|31:38|39:40|41:48|49:50|51:58|59:60|61:68|69:70|71:78|79:81|91:82|92:83|93:84|94:85|95:86|96:87|97:88|89;2,3,4,5,6,7,8,9,19,18,28,38,48,47,46,45,44;76,75,74,73,72,71,61,51,41,31;12,13,23,24,25,26;29,39,49,59,69,79,89,99,98,88,78,68,58,57,56,55,54,53,43,33,32,22,21,11,1,0,10,20,30,40,50,60,70;97,96,95,94,93,92,91,90,80,81,82,83,84,85,86,87,77,67,66,65,64,63,62,52,42;14,15,16,17,27,37,36,35,34
10,0,6,6,,,1|11:3|13:4|14:5|15:6|16:7|17:8|18:10|11:18|19:20|21:30|31:38|39:40|41:48|49:50|51:58|59:60|61:68|69:78|79:80|81:81|91:82|92:83|93:84|94:85|95:86|96:88|89:88|98;11,21,31,41,51,61,62,72,73,74,75,76,77,67,57,47,46,45;65,64,63,53,52,42,32,22,23,24,25,26,27,28,29,39,49,59,69,79,89,99,98;66,56,55,54,44,43,33;18,17,16,15,14,13,12,2,3,4,5,6,7,8,9,19;86,85,84,83,82,81,71,70,60,50,40,30,20,10,0,1;80,90,91,92,93,94,95,96,97,87,88,78,68,58,48,38,37,36,35,34
10,0,7,5,,,1|11:2|12:4|14:5|15:6|16:7|17:8|18:10|11:18|19:20|21:28|29:30|31:40|41:48|49:50|51:58|59:68|69:70|71:78|79:80|81:81|91:82|92:83|93:84|94:85|95:87|97:88|89:88|98;70,80,90,91,92,93,94,95,96,86,87,88,78,68,58,48,47,37,36;73,72,62,52,51,41,31,21,11,12,13,3,4,5,6,7,8,9,19,29;74,64,63,53,43,42,32,22,23,24,14,15,16,17,18;33,34,44,54,55,65,66;97,98,99,89,79,69,59,49,39,38,28,27,26,25,35,45,46,56,57,67,77,76,75,85,84,83,82,81,71,61,60,50,40,30,20,10,0,1,2
10,0,8,7,,,1|11:2|12:3|13:5|15:6|16:7|17:8|18:10|11:18|19:20|21:28|29:30|31:38|39:40|41:58|59:60|61:68|69:70|71:78|79:80|81:81|91:82|92:83|93:84|94:86|96:87|97:88|89:88|98;39,29,19,9,8,7,6,5,4,14,15,16,17,18,28,38;86,87,88,78,68,58,48,49,59,69,79,89,99,98,97,96;3,2,1,0,10,20,30,40,50,51,61,62,63,64,65,66,56,46,36,35,34,24,23,13;45,55,54,53,52,42,41,31,21,11;25,26,27,37,47,57,67,77,76,75,74,73,72,71,81;60,70,80,90,91,92,93,94,95,85,84,83,82;12,22,32,33,43,44
10,0,9,7,,,1|11:2|12:3|13:4|14:6|16:7|17:8|18:10|11:18|19:20|21:28|29:30|31:38|39:48|49:50|51:60|61:68|69:70|71:78|79:80|81:81|91:82|92:83|93:85|95:86|96:87|97:88|89:88|98;44,34,33,23,22,21,31,41,40,50,60,70,80,90,91,92,93;32,42,52,62,63,64,65,66,56,46,36;6,7,8,9,19,29,39,49,59,58,68,78,88,87,86,85;11,12,13,14,24,25,26,27,37,47,57,67,77,76,75,74,73,72,71,61,51;48,38,28,18,17,16,15,5,4,3,2,1,0,10,20,30;81,82,83,84,94,95,96,97,98,99,89,79,69;43,53,54,55,45,35
10,0,10,7,,,1|11:2|12:3|13:4|14:5|15:7|17:8|18:10|11:18|19:20|21:28|29:38|39:40|41:48|49:50|51:58|59:60|61:70|71:78|79:80|81:81|91:82|92:84|94:85|95:86|96:87|97:88|89:88|98;45,44,43,42,41,51,61,71,81,82;53,63,64,74,84,85,86,87,88,78,68,69,59,49,39,29,19,9,8,7;11,12,13,14,15,16,6,5,4,3,2,1,0,10,20;36,35,34,33,32,31,30,40,50,60,70,80,90,91,92;66,56,46,47,37,27,26,25,24,23,22,21;17,18,28,38,48,58,57,67,77,76,75,65,55,54;52,62,72,73,83,93,94,95,96,97,98,99,89,79
11,0,11,9,,,1|12:2|13:3|14:4|15:5|16:6|17:8|19:9|20:11|12:20|21:22|23:31|32:42|43:44|45:53|54:55|56:64|65:66|67:75|76:77|78:88|89:97|98:99|100:100|111:101|112:103|114:104|115:105|116:106|117:107|118:108|109:108|119;61,60,59,58,47,46,35,24,25,26,27,38;36,37,48,49,50,39,40,41,42,31,20;114,115,116,117,118,119,120,109,98,87,86,97,108,107,106,105,104,103,92,91,90,79;30,19,18,7,8,9,10,21,32,43,54,65,76;45,56,67,78,89,100,101,102,113,112,111,110,99,88,77,66,55,44;57,68,69,80,81,82,93,94,95,96;70,71,72,83,84,85,74,63;75,64,53,52,51,62,73;6,5,4,3,2,1,0,11,22,33,34,23,12,13,14,15,16,17,28,29
11,0,12,7,,,1|12:2|13:3|14:4|15:5|16:6|17:7|18:9|20:11|12:20|21:31|32:33|34:42|43:44|45:53|54:55|56:64|65:66|67:75|76:77|78:86|87:88|89:99|100:100|111:102|113:103|114:104|115:105|116:106|117:107|118:108|109:108|119;80,69,58;9,10,21,32,43,54,65,76,87,98,97,108,107,106,105,104,103,102,91,90,79,68,57,46,47,36;62,51,40,29,18,19,8,7,6,5,4,3,2,1,0,11;84,73,74,63,52,41,30,31,20;42,53,64,75,86,85,96,95,94,93,92,81,70,59,48,37;82,83,72,61,50,39,28,17,16,15,14,13,12,23,22,33,44,55,66,77,88,99,110,111;71,60,49,38,27,26,25,24,35,34,45,56,67,78,89,100,101,112,113,114,115,116,117,118,119,120,109
11,0,13,5,,,1|12:2|13:3|14:4|15:5|16:6|17:7|18:8|19:20|21:22|23:31|32:33|34:42|43:44|45:53|54:55|56:64|65:66|67:75|76:77|78:86|87:88|89:97|98:99|100:101|112:102|113:103|114:104|115:105|116:106|117:107|118:108|119;110,99,88,77,66,55,44,33,22,11,12,13,14,15,16,17,28,39,50,61,60,59,70,81,92;37,36,35,46,57,68,79,90,101,100,111,112,113,114,115,116,117,118,119,120;83,84,85,74,63,52,41,30,19;89,78,67,56,45,34,23,24,25,26,27,38,49,48,47,58,69,80,91,102,103,104,105,106,107,108,109,98,87,76,65,54,43,32,21,10;18,29,40,51,62,73,72,71,82,93,94,95,96,97,86,75,64,53,42,31,20,9,8,7,6,5,4,3,2,1,0
11,0,14,5,,,2|13:3|14:4|15:5|16:6|17:7|18:8|19:9|20:11|12:22|23:31|32:33|34:42|43:44|45:53|54:55|56:64|65:66|67:75|76:77|78:86|87:88|89:97|98:100|111:101|112:102|113:103|114:104|115:105|116:106|117:107|118:108|109;13,14,15,16,17,18,29,40,51,62,73,72,71,70,69,80,91,92,93,94,95,96,97,86,75,64,53,42,31;38,37,36,35,34,45,56,67,78,89,100,99,110,111,112,113,114,115,116,117,118;88,77,66,55,44,33,22,11,0,1,12,23,24,25,26,27,28,39,50,61,60,59,58;49,48,47,46,57,68,79,90,101,102,103,104,105,106,107,108,119,120,109,98,87,76,65,54,43,32;2,3,4,5,6,7,8,9,10,21,20,19,30,41,52,63,74,85,84,83,82,81
11,0,15,7,,,1|12:3|14:4|15:5|16:6|17:7|18:8|19:9|20:11|12:20|21:22|23:33|34:42|43:44|45:53|54:55|56:64|65:66|67:75|76:77|78:86|87:97|98:99|100:100|111:101|112:102|113:103|114:104|115:105|116:106|117:108|109:108|119;12,23,34,45,56,67,78,79,90,91,92,93,82,71,60,61,50,51,52,63,74,85,96,97,108;3,4,5,6,7,8,9,10,21,32,31,30,29,28,27,26,37,48,49;86,75,64,53,42,41,40,39,38;69,68,57,46,35,24,13,2,1,0,11,22,33,44,55,66,77;117,116,115,114,113,112,111,110,99,88,89,100,101,102,103,104,105,94,83,72,73,62;80,81,70,59,58,47,36,25,14,15,16,17,18,19,20;43,54,65,76,87,98,109,120,119,118,107,106,95,84
11,0,16,8,,,1|12:2|13:4|15:5|16:6|17:7|18:8|19:9|20:11|12:20|21:22|23:31|32:33|34:44|45:53|54:55|56:64|65:66|67:75|76:86|87:88|89:97|98:99|100:100|111:101|112:102|113:103|114:104|115:105|116:107|118:108|109:108|119;118,119,120,109,98,87,76,65,54,43,42,31,20,19,18,17,16,15,26,25,24,35,46,57;88,99,110,111,112,113,114,115,116,117,106,107,108,97,86,75,64,53;103,102,101,100,89,78,77,66,55,44,33,22,11,0,1,2;91,90,79,68,67,56,45,34,23,12,13,14,3,4,5,6,7,8,9,10,21,32;40,39,50,49,48,59,70;96,85,84;95,94,83,82,71,60,61,62,51;72,73,74,63,52,41,30,29,28,27,38,37,36,47,58,69,80,81,92,93,104,105
11,0,17,8,,,1|12:2|13:3|14:5|16:6|17:7|18:8|19:9|20:11|12:20|21:22|23:31|32:33|34:42|43:44|45:55|56:64|65:75|76:77|78:86|87:88|89:97|98:99|100:100|111:101|112:102|113:103|114:104|115:106|117:107|118:108|109:108|119;84,83,82,71,70,59,58;115,114,113,112,111,110,99,88,77,66,67,78,79,90,91;19,18,17,16,15,4,3,2,1,0,11,22,33,44,55;92,81,80,69,68,57,56,45,34,23,12,13,14;60,61,72,73,74,85,96,95,94,93,104,103,102,101,100,89;62,51,50,49,48,47,46,35,24,25,26,27,28,29,30;36,37,38,39,40,41,52,63,64,75,86,97,108,107,106,105,116,117,118,119,120,109,98,87,76,65;20,31,42,53,54,43,32,21,10,9,8,7,6,5
11,0,18,7,,,1|12:2|13:3|14:4|15:6|17:7|18:8|19:9|20:11|12:20|21:22|23:31|32:33|34:42|43:44|45:53|54:66|67:75|76:77|78:86|87:88|89:97|98:99|100:100|111:101|112:102|113:103|114:105|116:106|117:107|118:108|109:108|119;83,84,73,62,51,40,39,38,37,36,25;95,96,85,74,63,52,41,30,29,28,27,26,15,14,13,12,23,34,45;4,3,2,1,0,11,22,33,44,55,56,57,68,79,90,91,92,81,70,59,48,49,50,61,72;54,43,32,21,10,9,8,7,6,5,16,17,18,19,20,31,42,53;60,71,82,93,94,105,106,107,108,97,86,75,64,65,76,87,98,109,120,119,118,117,116;24,35,46,47,58,69,80;67,78,89,100,101,102,103,104,115,114,113,112,111,110,99,88,77,66
11,0,19,8,,,1|12:2|13:3|14:4|15:5|16:7|18:8|19:9|20:11|12:20|21:22|23:31|32:33|34:42|43:53|54:55|56:64|65:66|67:77|78:86|87:88|89:97|98:99|100:100|111:101|112:102|113:104|115:105|116:106|117:107|118:108|109:108|119;31,30,41,52,51,62,61,60,59,58,69,68;42,53,64,63,74,73,84,83,82,93,92,91,102,101,100,89,78,67,56,57;90,79,80,81,70,71,72;87,98,109,120,119,118,117,116,115,114,103,104,105,94,95,96,85;7,8,9,10,21,32,43,54,65,76,75,86,97,108,107,106;33,22,11,0,1,2,3,4,5,6,17,16,15,26,25,24,35,46,47,48,49,50,39,40;14,13,12,23,34,45,44,55,66,77,88,99,110,111,112,113;20,19,18,29,28,27,38,37,36
11,0,20,7,,,1|12:2|13:3|14:4|15:5|16:6|17:8|19:9|20:11|12:20|21:22|23:31|32:42|43:44|45:53|54:55|56:64|65:66|67:75|76:77|78:88|89:97|98:99|100:100|111:101|112:103|114:104|115:105|116:106|117:107|118:108|109:108|119;47,48,49;24,25,26,27,38,39,50,61,60,59,58,57,68,79,90;37,36,35,46,45,56,67,78,89,100,101,102,113,114,115,116,117,118,119,120,109,98;112,111,110,99,88,77,66,55,44,33,34,23,12,13,14,15,16,17,28,29,30,41,52,63;8,9,10,21,32,43,54,65,76,87,86,85,84,83,72,71,70,69,80,91,92,103,104,105,106,107;81,82,93,94,95,96,97,108;40,51,62,73,74,75,64,53,42,31,20,19,18,7,6,5,4,3,2,1,0,11,22
12,0,21,7,,,1|13:2|14:3|15:4|16:5|17:6|18:7|19:9|21:10|22:12|13:22|23:24|25:34|35:46|47:48|49:58|59:60|61:70|71:72|73:82|83:84|85:94|95:96|97:108|109:118|119:120|121:121|133:122|134:124|136:125|137:126|138:127|139:128|140:129|141:130|131:130|142;70,69,57,45,33,32,31,30,29,28,27,39,51,63,62,74,86,98,110,111,112,124,125,126,127;9,10,11,23,35,47,59,71,83,95,107,106,94,82,81,80,68,56,44,43,42,41,40,52,64,76,75,87,99,100,101,113,114,115,116,128,129,130;93,92,91,79,67,55,54,53,65,77,89,88;119,131,143,142,141,140,139,138,137,136,135,123,122,121,109,97,85,73,61,49,50,38,26;24,12,0,1,2,3,4,5,6,7,8,20,21,22,34,46,58;118,117,105,104,103,102,90,78,66;134,133,132,120,108,96,84,72,60,48,36,37,25,13,14,15,16,17,18,19
12,0,22,7,,,1|13:2|14:3|15:4|16:5|17:6|18:7|19:8|20:10|22:12|13:22|23:34|35:36|37:46|47:48|49:58|59:60|61:70|71:72|73:82|83:84|85:94|95:96|97:106|107:108|109:120|121:121|133:123|135:124|136:125|137:126|138:127|139:128|140:129|141:130|131:130|142;46,58,70,82,94,106,118,119,107,95,83,71,59,47,35,23,11,10;22,34,33,45,57,69,81,80,79,67,55,43,31,19,18,17,16,15,14,13;131,143,142,141,140,139,138,137,136,135,134,122,110,98,86,74,62;50,51,63,75,87,99,111,123,124,125,126,127,128,129,130;30,42,54,66,78,90,91,92,93,105,117,116,115,114,113,112,100,88,76,64,52,40,39,38,37,49,61,73,85,97,109,121;104,103,102,101,89,77,65,53,41,29,28,27,26,25,24,36,48,60,72,84,96,108,120,132,133;68,56,44,32,20,21,9,8,7,6,5,4,3,2,1,0,12
12,0,23,5,,,1|13:2|14:3|15:4|16:5|17:6|18:7|19:8|20:9|21:22|23:24|25:34|35:36|37:46|47:48|49:58|59:60|61:70|71:72|73:82|83:84|85:94|95:96|97:106|107:108|109:118|119:120|121:122|134:123|135:124|136:125|137:126|138:127|139:128|140:129|141:130|142;52,51,63,75,87,99,111,112,113,114,115,116,117,118,106,94,82,70,58,46,34,22,10,11,23,35,47,59,71,83,95,107,119;134,135,136,137,138,139,140,141,142,143,131,130,129,128,127,126,125,124,123,122,110,98,86,74,62,50,38,39,40,41,53;9,8,7,6,5,4,3,2,1,0,12,13,14,15,16,17,18,19,20,32,44,56,68,80,92,91,90,89,77,65,66,54,42;21,33,45,57,69,81,93,105,104,103,102,101,100,88,76,64;24,36,48,60,72,84,96,108,120,132,133,121,109,97,85,73,61,49,37,25,26,27,28,29,30,31,43,55,67,79,78
12,0,24,5,,,2|14:3|15:4|16:5|17:6|18:7|19:8|20:9|21:10|22:12|13:24|25:34|35:36|37:46|47:48|49:58|59:60|61:70|71:72|73:82|83:84|85:94|95:96|97:106|107:108|109:118|119:121|133:122|134:123|135:124|136:125|137:126|138:127|139:128|140:129|141:130|131;32,31,30,29,28,27,26,25,37,49,61,73,85,97,109,121,120,132,133,134,135,136,137,138,139,140,141;67,55,54,53,52,51,63,75,87,99,111,112,113,114,115,116,117,118;2,3,4,5,6,7,8,9,10,11,23,22,34,46,58,70,69,81,93,92,91,90,89,77;57,45,33,21,20,19,18,17,16,15,14,13,1,0,12,24,36,48,60,72,84,96,108;35,47,59,71,83,95,107,119,131,143,142,130,129,128,127,126,125,124,123,122,110,98,86,74,62,50,38,39,40,41,42,43,44,56,68,80,79,78,66,65,64,76,88,100,101,102,103,104,105,106,94,82
12,0,25,7,,,1|13:3|15:4|16:5|17:6|18:7|19:8|20:9|21:10|22:12|13:22|23:24|25:36|37:46|47:48|49:58|59:60|61:70|71:72|73:82|83:84|85:94|95:96|97:106|107:118|119:120|121:121|133:122|134:123|135:124|136:125|137:126|138:127|139:128|140:130|131:130|142;63,51,52,53,41,42,43,44,45,57,69,81,93,105,117,116,128,127,126,125,124,123;140,139,138,137,136,135,134,133,132,120,108,109,97,98,99,100,101,102,90,91,79,67,55,56;39,40,28,29,30,31,32,33;121,122,110,111,112,113,114,115,103,104,92,80,68;78,77,89,88,87,86,85,73,61,49,37,25,13,14,2,1,0,12,24,36,48,60,72,84,96;46,58,70,82,94,106,118,130,129,141,142,143,131,119,107,95,83,71,59,47;54,66,65,64,76,75,74,62,50,38,26,27,15,16,17,18,19,20,21,22,34,35,23,11,10,9,8,7,6,5,4,3
12,0,26,6,,,1|13:2|14:4|16:5|17:6|18:7|19:8|20:9|21:10|22:12|13:22|23:24|25:34|35:36|37:48|49:58|59:60|61:70|71:72|73:82|83:84|85:94|95:106|107:108|109:118|119:120|121:121|133:122|134:123|135:124|136:125|137:126|138:127|139:129|141:130|131:130|142;52,53,65,77,78,79,67,55,56,57,58,70,82,94,106,118,130,129,128,140,141,142,143,131,119,107,95,83,71,59;88,76,64,63,51,39,40,41,29,30,31,32,33;81,93,105,117,116,115,127,126,125,124,123,122,121,109,97,96,108,120,132,133,134,135,136,137,138,139;91,90,89,101,100,99,87,75,74,62,50,38,26,27,28,16,17,18,19,20,21,22,34;69,68,80,92,104,103,102,114,113,112,111,110,98,86,85,73,61,49,37,25,13,14,15,3,2,1,0,12,24,36,48,60,72,84;66,54,42,43,44,45,46,47,35,23,11,10,9,8,7,6,5,4
12,0,27,9,,,1|13:2|14:3|15:5|17:6|18:7|19:8|20:9|21:10|22:12|13:22|23:24|25:34|35:36|37:46|47:48|49:60|61:70|71:72|73:82|83:94|95:96|97:106|107:108|109:118|119:120|121:121|133:122|134:123|135:124|136:125|137:126|138:128|140:129|141:130|131:130|142;43,44,45,46,58,59,71,83,95,107,119,131,143,142,141,140;26,38,50,62,74,86,98,110,111,112,113,114;47,35,23,11,10,9,8,7,6,5,4,16,28,40,52,64;118,117,105,104,92,91,90,89,88,76;21,20,19,18,17,29,41,53,65,77,78,79;96,108,120,132,133,134,135,136,137,138,139,127,126,125,124,123,122,121,109,97;55,56,57,69,70,82;22,34,33,32,31,30,42,54,66,67,68,80,81,93,94,106;130,129,128,116,115,103,102,101,100,99,87,75,63,51,39,27,15,14,13,25,37,49,61,73,85,84,72,60,48,36,24,12,0,1,2,3
12,0,28,9,,,1|13:2|14:3|15:4|16:6|18:7|19:8|20:9|21:10|22:12|13:22|23:24|25:34|35:36|37:46|47:48|49:58|59:60|61:82|83:84|85:94|95:96|97:106|107:108|109:118|119:120|121:121|133:122|134:123|135:124|136:125|137:127|139:128|140:129|141:130|131:130|142;124,125,113,114,102,90,78;99,87,88,76,64,52,53,54;84,96,108,120,132,133,134,135,136,137,138,126,127,115,103,91,79,67,55,56,44;61,62,50,38,26,27,28,29,30,18,19,20,21,22,34,46,58,57,69,68,80,92,104,116,128,129,130,118,106,94;59,47,35,23,11,10,9,8,7,6,5,17,16,15,14,13,25,37,49;139,140,141,142,143,131,119,107,95,83,71,70,82,81,93,105,117;45,33,32,31,43,42,41,40,39,51,63,75,74,86,98;4,3,2,1,0,12,24,36,48,60,72,73,85,97,109,110;121,122,123,111,112,100,101,89,77,65,66
12,0,29,8,,,1|13:2|14:3|15:4|16:5|17:7|19:8|20:9|21:10|22:12|13:22|23:24|25:34|35:36|37:46|47:48|49:58|59:70|71:72|73:84|85:94|95:96|97:106|107:108|109:118|119:120|121:121|133:122|134:123|135:124|136:126|138:127|139:128|140:129|141:130|131:130|142;22,21,20;71,59,47,35,23,11,10,9,8,7,6,18,30,42,43,44,45,57,69,81,93,105,117,116,115,103,91,79,67,66,65;26,38,39,51,63,75,87,99,111;88,89,101,113,125,137,136,135,134,133,132,120,108,96,84,72;100,112,124,123,122,121,109,97,85,73,61,60,48,36,24,12,0,1,2,3,4,5;19,31,32,33,34,46,58,70,82,83,95,107,119,131,143,142,141,140,139,138;94,106,118,130,129,128,127,126,114,102,90,78,77,76,64,52,40,28,27,15,14,13,25,37,49,50,62,74,86,98,110;16,17,29,41,53,54,55,56,68,80,92,104
12,0,30,9,,,1|13:2|14:3|15:4|16:5|17:6|18:8|20:9|21:10|22:12|13:22|23:24|25:34|35:36|37:46|47:58|59:60|61:70|71:72|73:82|83:84|85:96|97:106|107:108|109:118|119:120|121:121|133:122|134:123|135:125|137:126|138:127|139:128|140:129|141:130|131:130|142;70,82,81,93,105,117;34,33,45,44,56,55,67,79,91,103,115,114,113,112,111,123;73,61,49,48,60,72,84,96,108,120,132,133,134,135;52,53,54,66,78,90,102,101,100,99,98,110;122,121,109,97,85,86,87,88,89,77,65,64,63,51,39,40,41,42,43,31,32,20,21,22;129,130,118,106,94,95,83,71,59,47,35,23,11,10,9,8;107,119,131,143,142,141,140,139,138,137,136,124,125,126,127,128,116,104,92,80,68,69,57,58,46;36,24,12,0,1,2,3,4,5,6,7,19,18,17,16,15,14,13,25,37;30,29,28,27,26,38,50,62,74,75,76
