10:12,0,1,7,,,21|31:22|32:31|41:32|33:41|42:42|43:46|56:47|57:48|58:51|52:52|53:55|56:57|67:58|68:65|66:66|76:67|77;69,79,89,99,109,119,118,117,116,115,114,113,112,111,110,100,90,80,70,60,50,40,30,31,32,42,52,62,63,73,83;27,26,25,24,23,22,21,20,10,0;77,87,86,85,84,74,64,54,44;48,47,46,45,55,65,75,76;2,3,4,5,6,7,8,9,19,29,39,49,59,58,57,56,66,67,68,78,88,98,97,96,95,94,93,92,82,72;53,43,33,34,35,36,37,38,28,18,17,16,15,14,13,12,11,1;108,107,106,105,104,103,102,101,91,81,71,61,51,41
10:12,0,2,5,,,15|25:16|26:25|35:26|27:34|35:36|37:36|46:44|45:45|46:65|66:66|67:75|76:76|77:84|94:85|86:85|95:86|87:94|104:95|105:96|97:96|106;62,63,53,43,42,41,40,50,60,70,80,90,100,110,111,112,113,114,115,116,117,118,119,109,99,89,79,69,59,49,39,29,19,9,8,7,6,5,4,3;52,51,61,71,81,91,101,102,103,104,105,106,107,97,87,77,67,57,47,37,27;1,11,21,22,23,24,25,26,36,35,45,55,65,75,85,84,83;46,56,66,76,86,96,95,94,93,92,82,72,73,74,64,54,44,34,33,32,31,30,20,10,0;2,12,13,14,15,16,17,18,28,38,48,58,68,78,88,98,108
10:12,0,3,7,,,27|37:28|38:37|47:38|39:47|48:48|49:57|58:58|59:75|76:76|77:85|86:86|87:87|97:95|96:96|106:97|98:106|116:107|108:107|117;108,98,88,87,77,67,68,58,48,38,37,36;62,61,51,41,31,21,11,12,13,14,15,25,26,27,28,29,39,49,59,69,79,78;89,99,109,119,118,117,116,115,114,113,112,111,110,100,90,80,81,82,92,93,94,95,85,75,74,64,63,53,52,42,32,22,23,24,34,35,45,46;33,43,44,54,55,65;47,57,56,66,76,86,96,97,107,106,105,104,103,102,101,91;84,83,73,72,71,70,60,50,40,30,20,10,0,1,2,3,4,5,6,16,17,18,19;9,8,7
10:12,0,4,5,,,5|15:6|16:14|15:16|26:24|25:25|35:26|27:34|35:36|37:36|46:44|45:45|46:54|55:55|56:64|65:65|66;79,89,99,109,119,118,117,116,115,114,113,112,111,110,100,90,80,70,60,61,51,41,31,21,11,12,13;49,59,69,68,78,88,98,108,107,106,105,104,103,102,101,91,81,71,72,62,52,42,32,22,23;44,54,64,74,75,65,55,45,35,36,26,25,15,16,17,7,6,5;50,40,30,20,10,0,1,2,3,4,14,24,34,33,43,53,63,73,83,84,85,86,76,66,56,46,47,37,27,28,18;82,92,93,94,95,96,97,87,77,67,57,58,48,38,39,29,19,9,8
10:12,0,5,7,,,1|11:2|12:3|13:11|21:12|22:13|14:14|24:22|23:23|33:24|34:72|82:73|83:82|92:83|84:84|85:92|93:93|103:94|95:94|104;14,15,16,17,18,19,29,39,49,59,69,79,89,99,109,119,118,117;110,100,90,91,92,102,103,104,105,95,85,75,76;66,65,64,74,84,94,93,83,82,81,80,70,60,50,40,30,20,21,22;101,111,112,113,114,115,116,106,107,108,98,88,78,68,58,48,38,28,27,26,25,24,23,13,12,11,10,0,1,2,3,4,5,6,7,8,9;97,96,86;55,54,53,63,73,72,71,61,51,41,31,32,33,34,35,36,37,47,57,67,77,87;56,46,45,44,43,42,52,62
10:12,0,6,7,,,33|34:33|43:34|35:42|43:44|45:44|54:52|53:53|54:54|64:55|65:63|64:65|75:73|74:74|84:75|76:84|85:85|86:94|95:95|96;2,3,4,5,6,7,17,27,26,25,35,45,55,54;16,15,14,13,12,11,1,0;83,73,63,53,43,44,34,24,23,22,21,31,41,51,61,71,81,91,101,102,103,104,105,95,85,75,74,64,65,66,56,46,36;84,94,93,92,82,72,62,52,42,32,33;19,29,39,49,48,58,68,78,88,98,108;9,8,18,28,38,37,47,57,67,77,87,97,107,117,118,119,109,99,89,79,69,59;10,20,30,40,50,60,70,80,90,100,110,111,112,113,114,115,116,106,96,86,76
10:12,0,7,5,,,23|24:24|25:25|35:26|36:33|34:34|44:35|45:36|37:42|43:43|44:45|55:46|47:46|56:52|53:53|63:54|55:54|64;56,66,76,75,74,73,72;25,26,27,37,47,57,67,77,87,86,85,84,83,82,81,71,61,51,41,31,21,11,12;55,65,64,63,62,52,42,32,22,23,13,3,2,1,0,10,20,30,40,50,60,70,80;15,16,17,18,28,38,48,58,68,78,88,98,108,107,106,105,104,103,102,101;97,96,95,94,93,92,91,90,100,110,111,112,113,114,115,116,117,118,119,109,99,89,79,69,59,49,39,29,19,9,8,7,6,5,4,14,24,34,35,36,46,45,44,54,53,43,33
10:12,0,8,7,,,14|15:15|16:24|25:25|26:26|36:34|35:35|45:36|37:45|46:46|47:66|67:67|68:76|77:77|78:78|88:86|87:87|97:88|89:97|98:98|99:107|108:108|109;106,116,115,114,113,103,93,83,73,63,62,52,42,32,22,23;105,104,94,84,74,64,54,53,43,33;69,59,49,39,29,19,9,8,7,6,16,26,27,37,47,57,67,77,87,88,98,108,118,117,107,97;119,109,99,89,79,78,68,58,48,38,28,18,17;45,44,34,24,14,13,12,11,21,31,41,51,61,71,81,91,101;72,82,92,102,112,111,110,100,90,80,70,60,50,40,30,20,10,0,1,2,3,4,5,15,25,35,36,46,56,55,65,75,85,95,96;86,76,66
10:12,0,9,5,,,3|13:4|14:10|11:11|12:12|22:13|23:14|15:20|21:21|31:22|23:23|24:24|25:30|31:32|33:32|42:33|34:34|35:40|41:41|42;83,73,63,53,54,44,34,24,14,13,12;18,17,27,37,47,57,67,77,87,97,96,95,85,75;2,3,4,5,15,25,35,45,55,65,64,74,84,94,93,92,82,72,62,52,42,43,33,23;0,1,11,21,22,32,31,41,51,61,71,81,91,101,102,103,104,105,106,107,108,98,88,78,68,58,48,38,28;86,76,66,56,46,36,26,16,6,7,8,9,19,29,39,49,59,69,79,89,99,109,119,118,117,116,115,114,113,112,111,110,100,90,80,70,60,50,40,30,20,10
10:12,0,10,6,,,51|52:52|53:61|62:62|63:70|71:71|72:72|73:80|81:81|82:82|83:90|91:91|101:92|93:92|102;83,73,63,53,43,42,52,62,72,82,92,91,81,71,61,60,70,80,90,100,110,111,112,113,114,115,116,106,96,86,76,66,56,46,47;79,89,99,109,119,118,117,107,97,87,77,67,57,58,48,49,39,29,19,9,8,7,6,5,4,3,2,1,0,10,20,30,40;93,94,84,74,64,54,44,34,33,32,22;59,69,68,78,88,98,108;27,26,25,24,23,13,12,11,21,31,41,51,50;14,15,16,17,18,28,38,37,36,35,45,55,65,75,85,95,105,104,103,102,101
11:13,0,11,7,,,56|67:57|68:67|78:68|69:77|78:79|80:79|90:88|89:89|90:99|100:100|101:110|111:111|112:112|113:121|122:122|133:123|124:123|134;36,37,38,39,50,61,72,83,84;77,88,99,110,121,132,133,134,135,124,113,102,91,80,69,58,59;95,94,93,82,71,60,49,48,47;90,101,112,123,122,111,100,89,78,79,68,67,66,55,44,33,22,11,0,1,2,3,4,5,6,7,8,9,10,21,32,43,54,65,76,87,98,109,120,131,142,141,140,139,138,137,136,125,114,103,92,81,70;116,117,118,107,96,85,74,63,52,41,30;73,62,51,40,29,28,27,26,25,24,35,46,57;106,105,104,115,126,127,128,129,130,119,108,97,86,75,64,53,42,31,20,19,18,17,16,15,14,13,12,23,34,45,56
11:13,0,12,7,,,36|47:37|48:45|56:46|47:46|57:48|59:55|56:57|68:58|59:58|69:66|67:67|78:68|69:78|79:79|80;132,133,134,135,136,137,138,139,140,141,142,131,120,109,98,87,76,65,64,63,52,51,40,39,38,37,36,35,46;105,104,103,92,91,80,69,70,59,60;12,13,14,15,16,17,18,19,20,31,42,53,54;71,72,83,84,85,96,107,118,129,128,127,126,125,124,123,122,121,110,99,88;43,32,21,10,9,8,7,6,5,4,3,2,1,0,11,22,33,44,55,66,77,78,89,100,111,112,113,114,115,116,117,106,95,94,93,82,81;130,119,108,97,86,75,74,73,62,61,50,49,48,47,58,57,56,67,68,79,90,101,102;41,30,29,28,27,26,25,24,23,34,45
11:13,0,13,8,,,37|48:38|49:47|58:48|59:49|50:57|58:59|70:60|61:60|71:68|69:69|70:79|90:80|91:89|90:91|102:99|100:100|101:101|102:110|111:111|122:112|113:112|123;20,19,18,17,16,15,14,13,12,23,34,45;30,31,42,53,52,51,50,39,38,37,36,47,48,49,60,59,58,69,80,79,68,57;138,139,140,141,142,131,120,109,98,87,76,75,74,73,84,83,82,93,104,103,102,113,124,123,122;106,117,116,115,114,125,136,135,134,133,132,121,110,99,88,77,66,55,44,33,22,11,0,1,2,3,4,5,6,7,8,9;105,94,95,96,107,118;41,40,29,28,27,26,25,24,35,46;85,86,97,108,119,130,129,128,127,126,137;56,67,78,89,100,111,112,101,90,91,92,81,70,71,72,61,62,63,64,65,54,43,32,21,10
11:13,0,14,7,,,4|15:5|16:14|15:16|27:25|26:26|27:36|37:37|38:92|103:93|104:94|105:102|103:104|115:105|116:113|114:114|125:115|126;92,93,94,95,106,105,104,103,114,115,116,127,126,125,124,113,112,101,90,79;48,37,26,15,16,17,18,19,20,21,32,43,54,65,76,87,98,109,120,131,142,141,140;50,39,40,41,52,63,74,73,84,83,82,81;51,62,61,72,71,70,59,58,47,36,25,14,3,4,5,6,7,8,9,10;60,49,38,27,28,29,30,31,42,53,64,75,86,85,96,107,118,117;102,91,80,69,68,57,46,35,24,13,2,1,0,11,22,33,44,55,66,77,88,99,110,121,132,133;97,108,119,130,129,128,139,138,137,136,135,134,123,122,111,100,89,78,67,56,45,34,23,12
11:13,0,15,8,,,78|89:79|90:80|91:88|89:90|101:91|92:99|100:100|111:101|102:102|103:103|114:104|115:111|112:112|113:113|114:113|124:115|116:116|127:124|135:125|126:125|136:126|137:127|138;47,58,59,70,71,82,93,92;113,102,91,90,89,100,101,112,123,124,125,114,115,126,127,128,129,130,119,108,97,96,85,84;122,111,110,99,88,77,66,55,44,33,22,11,12,13,14,15,16,17,18,19,20,31,42,41,40,39,38,37,36,35,46,57,68,69,80,81;106,95,94,83,72,73,74,75,86;121,132,133,134,135,136,137,138,139,140,141,142,131,120,109,98,87,76,65,64,63,62,61,60;79,78,67,56,45,34,23,24,25,26,27,28,29,30;0,1,2,3,4,5,6,7,8,9,10,21,32,43,54,53,52,51,50,49,48;103,104,105,116,117,118,107
11:13,0,16,8,,,16|17:17|18:18|29:19|20:19|30:20|21:27|28:28|39:29|40:30|41:31|32:31|42:80|91:81|82:81|92:82|83:90|91:92|103:93|94:93|104:101|102:102|113:103|114:104|115;19,18,7;66,77,88,99,100,111,122,123,124,125,126,127,128,129,130,119;74,85,96,95,94,83,72,61,60,59,58,69;10,21,32,43,42,41,40,39,50,49,48,47;36,37,38,27,16,15,14,13,12,23,34,45;26,25,24,35,46,57,68,79,80,81,70,71,82,93,92,91,102,103,104,105,106;8,9,20,31,30,29,28,17,6,5,4,3,2,1,0,11,22,33,44,55,56,67,78,89,90,101,112,113,114,115,116,117,118,107,108,97,86,75,64,63;84,73,62,51,52,53,54,65,76,87,98,109,120,131,142,141,140,139,138,137,136,135,134,133,132,121,110
11:13,0,17,5,,,85|96:86|97:95|96:95|106:97|98:106|117:107|108:107|118:108|109:116|117:118|129:119|120:119|130:127|128:128|139:129|140;141,140,139,138,137,136,135,134,133,132,121,110,99,88,77,66,55,44,33,22,11,0,1,2,3,4,5,6,7,8,9,10,21,32,43,54,65,76,75,74,73,72,83;103,102,91,80,69,58,47,36,37,38,39;120,109,98,87,86,85,84,95,94,93,92,81,70,59,48,49,50,51,52,41,30;116,127,126,125,124,123,122,111,100,89,78,67,56,45,34,23,12,13,14,15,16,17,18,19,20,31,42,53,64,63,62,61,60,71,82;142,131,130,129,128,117,118,119,108,97,96,107,106,105,104,115,114,113,112,101,90,79,68,57,46,35,24,25,26,27,28,29,40
11:13,0,18,7,,,45|56:46|57:56|67:57|58:67|68:68|69:78|79:79|80:80|91:89|90:90|101:91|92:100|101:100|111:102|103:102|113:111|122:112|113:112|123;100,89,78,67,66,55,56,57,68,79,90,91,102,101,112,111,110,121,132,133,134,135,136,125,126,115,116,117,118,107,96,85,74,63,52,41,40,29,18,19,20,21,32,43,54,65,76,87,98,109,120,131,142,141,140,139;0,11,22,33,44,45,46,47,58,69,80,81,92,103,114,113,124,123,122;99,88,77;30,31,42,53,64,75,86,97,108,119,130,129,128,127,138,137;24,25,26,27,38,49,60,61,72,83,94;13,14,15,16,17,28,39,50,51,62,73,84,95,106;105,104,93,82,71,70,59,48,37,36,35,34,23,12,1,2,3,4,5,6,7,8,9,10
11:13,0,19,8,,,45|56:46|57:55|56:57|68:66|67:67|78:68|69:77|78:79|80:79|90:88|89:89|90:100|111:101|112:102|113:103|114:104|115:111|122:112|113:114|125:115|126:122|123:123|134:124|125:124|135;132,121,122;125,126,127,128,129,118,107,96,85,84,73,62,51,50,49,60,71,82,81,92,103,102,101,100,89,78,79,68,67,56,57,58,47,46,45,34,23,12;18,7,6,5,4,3,2,1,0,11,22,33,44,55,66,77,88,99,110,111,112,123,124,113,114,115,116,105,104,93;54,43,32,21,10,9,8,19,30,29,28,17,16,15,14,13,24,35;61,72,83,94,95,106,117;20,31,42,53,64,65,76,87,98,109,120,131,142;133,134,135,136,137,138,139,140,141,130,119,108,97,86,75,74,63,52,41,40,39,38,27,26,25,36;37,48,59,70,69,80,91,90
11:13,0,20,8,,,11|12:12|13:13|24:22|23:23|34:24|25:33|34:35|36:35|46:44|45:45|56:46|57:47|58:48|59:57|58:57|68:59|70:68|79:69|70:69|80;25,26,37,48,49,50,61,72,73,74,75,86,87,98,109,120,131,142,141,140,139,138,137,136,135,134,133,132,121,110;70,81,92,93,94,95,106;76,65,64,63,62,51,40,39,38,27,16,15,14,13;2,3,4,5,6,7,8,9,10,21,32,43,54,53,52,41,30,29;28,17,18,19,20,31,42;57,56,67,68,69,58,59,60,71,82,83,84,85,96,97,108,119,130,129,128,127,126,125,124,123,122,111,100,99;36,47,46,45,34,35,24,23,12,1,0,11,22,33,44,55,66,77,78,79,80,91,102,103,104,105,116,117,118,107;88,89,90,101,112,113,114,115
12:14,0,21,8,,,3|15:4|16:5|17:6|18:14|15:16|28:17|29:18|19:26|27:27|28:29|30:30|31:41|53:42|54:43|55:52|53:54|66:55|67:64|65:65|66:76|77:77|78;13,14,26,38,50,62,74,86,98,110,111,123;8,20,21,22,34,46,58,70,82,81,80,79,78,90,102,101,100,99,87,75,63,51,39,27,15,16,17,18,30,42,41,29,28;124,136,135,134,122,121,109,97,85,73,61,49,37,25,24,12,0,1,2,3,4,5,6,7,19,31,43,44,56,55,54,53,65,77,89,88,76,64,52,40;66,67,68,69,57,45,33,32;36,48,60,72,84,96,108,120,132,133,145,146,147,148,149,137,138,139,140,141,129,117,118,119,131,143,155,167,166,165,164,163;114,115,103,91,92,93,94,95,83,71,59,47,35,23,11,10,9;112,113,125,126,127,128,116,104,105,106,107;130,142,154,153,152,151,150,162,161,160,159,158,157,156,144
12:14,0,22,6,,,39|51:40|52:41|53:42|54:43|55:50|51:52|64:53|65:54|66:55|67:62|63:63|75:64|76;130,142,154,153,152,151,150,149,148,147,146,145,133,121,109,97,85,73,61,62,50,38,37,25,13;36,24,12,0,1,2,3,4,5,6,7,8,9,10,11,23,35,47,59,71,83,95,107,106,105,104,116,115,114,113;14,26,27,39,40,41,42,43,44,56,55,54,53,52,51,63,64,65,77,76,75,74,86,98,110,122,134,135,136,137,138,139,140,141;28,29,30,31,32,33,45,57,69,68,67,66,78,90,89,88,87,99,111,123;81,80,79,91,103,102,101,100,112,124,125,126,127,128,129,117,118,119,131,143,155,167,166,165,164,163,162,161,160,159,158,157,156,144,132,120,108,96,84,72,60,48,49;15,16,17,18,19,20,21,22,34,46,58,70,82,94,93,92
12:14,0,23,7,,,102|114:103|115:104|116:113|114:115|127:116|117:125|126:126|127:127|128:128|129:137|138:138|139:139|140:140|141:141|153:149|150:150|151:151|152:152|164:153|165;6,5,4,3,2,1,0,12,24,36,48,60,72,84,96,108,120,132,144,156,157,158,159,160,161,162,150,138,126,114,115,116,128,140,152,153,154,142,141,129,117,105,104,103,102,101,89,77,65;33,45,57,56,55,54,53,52,64,76,88,100,112,113,125;79,80,81,82,83,95,107,119;135,134,122,110,98,86,74,62,50,38,26,27,28,29,30,31,43,44;137,136,124,123,111,99,87,75,63,51,39,40,41,42;32,20,21,22,34,46,58,70,69,68,67,66,78,90,91,92,93,94,106,118,130,131,143,155,167,166,165,164,163,151,139,127;149,148,147,146,145,133,121,109,97,85,73,61,49,37,25,13,14,15,16,17,18,19,7,8,9,10,11,23,35,47,59,71
12:14,0,24,10,,,2|14:3|15:4|16:14|26:15|27:16|17:25|26:27|39:28|29:28|40:37|38:38|39:49|50:50|51:51|63:61|62:62|74:63|75;167,166,165,164,163,162,161,160,159,158,157,156,144,132,120,108,96,84,72,60,48,36,24,12,0,1,2,3,4,5,17,29,41,40,39,51;45,33,21,20,19,31,43,55,67,68,80,92,93,105,117,129,141,140,139,138,137,136,135,123,122,110,109;98,99,111,112,124,125;74,86,87,88,100,101,113,114,115;142,130,118,106,94,82,81,69,57,56,44,32;145,146,147,148,149,150,151,152,153,154,155,143,131,119,107,95,83,71,70,58,46,34,22;65,66,78,79,91,103,104,116,128,127,126;102,90,89,77,76,75;59,47,35,23,11,10,9,8,7,6,18,30,42,54,53,52,64,63,62,50,38,26,27,28,16,15,14,13,25,37,49,61,73,85,97;121,133,134
12:14,0,25,7,,,44|56:45|57:55|56:57|58:58|70:67|68:68|69:69|81:70|71:79|80:80|81:81|82:82|83:93|94:94|95:105|106:106|107;113,112,100,88,76,64,52,51,50,49,37,25,13,1,2,3,4,5,6,7,8;44,45,46,47,35,23,11,10,9,21,20,19,18,17,16,15,14,26,38,39,40,41,53,65,77,89,101;27,28,29,30,42,54,66,78,90,102,114,115,116;58,59,71,83,95,107,119,131,130,142,154,153,152,151,150,149,148,147,146,145,133,121,109,97,85;0,12,24,36,48,60,61,62,63,75,87,99,111,123,124,125,126,127,128,129,117,118,106,94,82,70,69,57,56,68,80,92;141,140,139,138,137,136,135,134,122,110,98,86,74,73,72,84,96,108,120,132,144,156,157,158,159,160,161,162,163,164,165,166,167,155,143;22,34,33,32,31,43,55,67,79,91,103,104,105,93,81
12:14,0,26,9,,,56|68:57|69:65|77:66|78:67|68:67|79:69|70:77|89:78|90:79|91:80|81:80|92:81|82:92|93:93|94:104|105:105|106;13,25,37,49,50,62,74,75,87,88,89,101,102,103,104,116;148,147,146,145,133,132,120,108;90,91,92;72,84,96,97,109,121,122,134,135,136,137,149,150,151,152,153,141,129,117,105,93,81,69,68,80,79,78,77,76,64,52,40,28,16,17,18,19,20,21,9,10,11,23,35;54,42,43,44,45,46,47,59,71,83,95,107,119,131,143,155,167;63,51,39,27,15,3,4,5,6,7,8;22,34,33,32,31,30,29,41,53,65,66,67,55,56,57,58,70,82,94,106,118,130,142,154,166,165,164,163,162,161,160,159,158,157,156,144;139,138,126,125,124,123,111,110;140,128,127,115,114,113,112,100,99,98,86,85,73,61,60,48,36,24,12,0,1,2,14,26,38
12:14,0,27,8,,,37|49:38|50:42|43:43|44:44|56:48|49:50|51:54|55:55|67:56|57:60|61:61|62:62|63:63|75:64|76:67|68:68|69:73|74:74|86:75|87:76|88;154,166,165,164,163,162,161,160,159,158,157,156,144,132,120,108,96,84,85,86,87,88,89,90,91,92,80,68,56,55,43,31,30,42,54,66,65;32,44,45,57,69,81,93,105,104,103,102,101,100,99,98,97,109,121,133,145,146,147,148,149,150,151,152,153,141,142,143,155,167;67,79,78,77,76,75,74,62,50,49,61,73,72,60,48,36,37,38,39,51;140,139,138,137,136,135,134,122,110,111,112,113,114,115,116,117,118,106,94,82,70,58,46,34,33;40,28,27,26,25,13,1,2,3;0,12,24;14,15,16,4,5,6,7,8,9,10,11;63,64,52,53,41,29,17,18,19,20,21,22,23,35,47,59,71,83,95,107,119,131,130,129,128,127,126,125,124,123
12:14,0,28,8,,,13|14:13|25:14|15:24|25:26|27:26|38:36|37:37|49:38|39:49|50:50|51:52|64:53|65:54|66:55|67:61|62:62|63:63|64:63|75:65|77:66|78:67|79:74|75:76|77:76|88:86|87:87|88;0,1,13;22,34,33,32,31,30,29,28,40,52,53,54,55,56,57,69,81,93,105,117,129,141,140,139,151,150,149,148,147,146,145;12,24,36,48,49,61,73,85,97,109,121,133,134,135,136,137,125,113,101,102,90;63,51,39,27,15,16,17,18,19,20,21,9,10,11,23,35,47,59,71,83,95,107,119,131,143,155,167,166,165,164,163,162,161,160,159,158,157,156,144,132,120,108,96,84,72,60;8,7,6,5,4,3,2,14,26,25,37,38,50,62,74,86,98,110,122,123,124,112,100,88,89,77,78,79;152,153,154,142,130,118,106,94,82,70,58,46,45,44,43,42,41;104,116,128,127,126,138;111,99,87,75,76,64,65,66,67,68,80,92,91,103,115,114
12:14,0,29,9,,,1|13:2|14:3|15:12|13:14|26:15|16:24|25:25|26:26|27:27|28:36|37:37|38:38|39:39|40:66|78:67|79:77|78:79|91:80|92:89|90:90|102:91|103:92|104;3,2,1,0,12,24,36,48,60,72,84,96,108,120,132,144,156,157,158,159,160,161,149,137,125,113,112,100;129,117,118,119,131,143,155,167,166,165,164,163,162,150,138,126,114;70,58,46,45,44,43,42;107,95,83,71,59,47,35,34,33,32,31,30;63,64,52,40,28,16,4,5,6,7,8,9,10,11,23;62,50,38,26;93,92,91,90,78,79,80,68,67,66,65,77,76,75,74,86,98,110,122,134,135;51,39,27,15,14,13,25,37,49,61,73,85,97,109,121,133,145,146,147,148,136,124,123,111,99,87,88,89,101,102,103,115,127,139,151,152,153,154,142,130;22,21,20,19,18,17,29,41,53,54,55,56,57,69,81,82,94,106,105,104,116,128,140,141
12:14,0,30,9,,,54|55:55|56:66|67:67|68:68|80:78|79:79|91:80|92:115|116:115|127:116|117:125|137:126|127:126|138:128|129:128|140:137|149:138|150:139|140:139|151;145,146,134,122,110,98,86,87,88,89,77,65,64,63,51,39,40,41,42,43,55,67,79,80,81;35,34,22,21,20,19,18,17,16,15,14,13,25,37,49,61,73,85,97,109,121,133;95,83,71,59,58,57,56,44,32,31,30,29,28,27,26,38,50,62,74,75,76;125,126,114,115,103,91,92,93,105,117,129,141,140;33,45,46,47;100,99,111,123,135,136,137,138,139,127,128,116,104;52,53,54,66,78,90,102,101,113,112,124;68,69,70,82,94,106,107,119,131,143,155,167,166,165,164,163,162,161,160;23,11,10,9,8,7,6,5,4,3,2,1,0,12,24,36,48,60,72,84,96,108,120,132,144,156,157,158,159,147,148,149,150,151,152,153,154,142,130,118
