7,0,1,8,,,29|30:29|36:30|37:36|37;32,25,18,19,12,5,6;47,48,41,34,27,20,13;24,31,38,37,44,43,36;45,46,39,40,33,26;1,0,7;4,11,10,17,16,23,30;22,29,28,35,42;3,2,9,8,15,14,21
7+B,0,2,7,,0:6:42:48,1|8:5|12:7|8:12|13:35|36:36|43:40|41:40|47;16,23,22,21,28,35;27,34,41;47,46,45;36,29,30,31,24,17,10,3,4,5;40,33,26,19,20,13;1,2,9,8,15,14,7;43,44,37,38,39,32,25,18,11,12
7,0,3,5,,8_0B:9_0B:15_0B:16_0B:32_0B:33_0B:39_0B:40_0B;36,37,38,31,24,23,22,21,14,7,0,1,2,3,4;25,26,27,34,41,48,47,46,45,44,43;11,12,5,6;10,17,18,19,20,13;42,35,28,29,30
7+B,0,4,3,,0:6:17_0B:23_0B:24_0B:25_0B:31_0B:42:48;11,10,9,16,15,22,29,30,37,38,39,32,33,34,27,20;26,19,18;13,12,5,4,3,2,1,8,7,14,21,28,35,36,43,44,45,46,47,40,41
7,0,5,5,,,1|8:2|9:7|8:9|16:14|15:15|16:32|33:32|39:33|34:39|46:40|41:40|47;6,13,20,19,26,33,40,39,38,31,24;32,25,18,11,12;17,16,23,30,37,36;2,1,0,7,14,21,28,35,42,43,44,45,46,47,48,41,34,27;5,4,3,10,9,8,15,22,29
7,0,6,7,,,1|8:2|9:4|11:5|12:7|8:12|13:14|15:19|20:28|29:33|34:35|36:36|43:37|44:39|46:40|41:40|47;24,17,16,15,22,29,36;39,32,31,30,23;44,43,42,35,28,21,14,7,0,1,2;41,48,47,46,45,38,37;40,33,26,19;34,27,20,13,6,5,4,3,10,9,8;25,18,11,12
7,0,7,5,,,23|30:24|25:24|31:25|32:26|33:31|32;48,41,34,27,20,19,12,11,10,9,8,7,0;30,31,38,39,32,33;40,47,46,45,44,37,36,29,22,23,24;43,42,35,28,21,14,15,16,17,18,25,26;1,2,3,4,5,6,13
7+B,0,8,7,,3:10:21:22:26:27:38:45;13,6,5,4,11,18,25,24,23;12,19,20;14,15,8;7,0,1,2,9,16,17;36,29,28;35,42,43,44,37,30,31,32,33,40;39,46,47,48,41,34
7+B,0,9,5,,,0|7:1|8:2|9:3|10:4|11:5|12:12|13:14|15:19|20:21|22:26|27:28|29:33|34:35|36:36|43:37|44:38|45:39|46:40|41:40|47;31,30,23,16,9,10,11,18;22,29,36,37,38;39,32,25,24,17;15,8,7,14,21,28,35,42,43,44,45,46,47,48,41,34,27,20,13,6,5,4,3,2,1,0;12,19,26,33,40
7+B,0,10,6,,,0|7:1|8:2|9:3|10:4|11:5|12:36|43:37|44:38|45:39|46:40|47:41|48;36,37,38,31,32,33,34;48,47,46,45,44,43,42,35,28,29;41,40,39;0,1,2,3,4,5,6,13,12,11,10,9,8,7,14,21;27,26,25,24,23,30;22,15,16,17,18,19,20
7,0,11,6,,,16|17:17|18:17|24:24|31:30|31:31|32;17,10,9,8,7,14,21,28,35,42,43,44,37,38,31;19,26,33;22,15,16;32,39,40,41,34,27,20,13,6,5,4,3,2,1,0;12,11,18,25,24,23,30,29,36;48,47,46,45
7+B,0,12,5,,0:1:5:6:7:13:38:44:45:46;12,11,4,3,2,9,8,15,14,21,28,35,42,43;27,20,19,18,25,24,23,22,29,36;48,47,40,39,32,31,30,37;16,17,10;41,34,33,26
7+B,0,13,5,,,0|1:1|2:2|3:3|4:4|5:5|6;3,10,17;4,11,18,25,24,23,16,9,2;6,13,20,27,34,41,48,47,46,45,44,43,42,35,28,21,14,7,0;1,8,15,22,29,30,31,32;36,37,38,39,40,33,26,19,12,5
7+B,0,14,6,,3:9:10:11:37:38:39:45;40,47,46;8,15,16,17,18,19,12;36,43,44;48,41,34,33,32,31,30,29,28,35,42;2,1,0,7,14,21,22,23,24,25,26,27,20,13;6,5,4
7,0,15,5,,8_0B:9_0B:10_0B:11_0B:12_0B:36_0B:37_0B:38_0B:39_0B:40_0B;27,26,25,24,23;33,32,31,30;17,18,19,20,13,6,5,4,3,2,1,0,7,14,21;34,41,48,47,46,45,44,43,42,35,28,29;22,15,16
7+B,0,16,6,,0:1:6:7:8:40:41:42:47:48;10,17,16,23,30,37;9,2,3,4,5,12,13;29,36,43,44,45,46,39,32,33,34,27,20,19,18,11;14,15,22;26,25,24,31,38;35,28,21
7+B,0,17,7,,2:4:23_0B:24_0B:25_0B:44:46;42,35,28,21;39,40,33,26,19,12,11,10,3;7,14,15,22,29;30,37,36,43;45,38,31,32;0,1,8,9,16,17,18;5,6,13,20,27,34,41,48,47
7+B,0,18,5,,7:8:26:27:35:36;17,18,19,20,13,6,5,4,3,2,1,0;22,23,24,31,38,45,46;39,40,47,48;12,11,10,9,16,15,14,21,28,29,30,37,44,43,42;41,34,33,32,25
7,0,19,5,,,21|22:22|23:28|29:29|30:30|37:31|32:31|38:32|33:35|36:36|43:37|44:38|45:39|40:39|46;25,32,39,38,37,36,29,22,15,16,23;5,6,13,20,27,34,41,48;4,3,10,9,8,7,14,21,28,35,42,43,44,45,46,47,40,33,26,19,12;11,18,17,24,31,30;0,1,2
7+B:I,0,20,4,,18_0B:19_0B:20_0B:23_0B:24_0B:25_0B:27_0B:34_0B:41_0B:43_0B:44_0B:45_0B:46_0B:47_0B:48_0B;5,4,3,2,1,0,7,14,21,28,29,30,31,32;6,13,12,11,10,9,8;22,15,16,17;26,33,40,39,38,37,36,35,42
7+B,0,21,7,,21:27,15|22:19|26:22|29:26|33;12,5,4,3,2;0,1,8,9,10,11,18,19,20,13,6;37,36,35,28;26,25,32,33,34,41;29,30,23,22;7,14,15,16,17,24,31,38,39,40,47,48;46,45,44,43,42
7+B,0,22,6,,32_0B:33_0B:39_0B:40_0B:48_0B;12,11,10,9,8;29,30,37,44,43,42;47,46,45,38,31,24,25,26,27,34,41;15,14,21,28,35,36;22,23,16,17;18,19,20,13,6,5,4,3,2,1,0,7
7,0,23,7,,8_0B:9_0B:15_0B,3|10:4|11:5|12:21|22:28|29:35|36;6,5,4,3,2,1,0,7,14,21,28;31,32,33,34,41,48,47,46,45,44;10,17,16,23,30,37,38,39,40;35,42,43;19,26,27;24,25,18,11,12,13,20;36,29,22
7+B,0,24,6,,6:7:20:21:34:35:48;28,29,22,23,16,9,2,3,4,5,12,13;0,1,8,15,14;19,18,25;38,39,32,33,26,27;11,10,17,24,31,30,37,36,43,42;41,40,47,46,45,44
7:8,0,25,8,,,11|12:11|18:12|19:18|19:24|25:30|37:31|32:31|38:32|39:33|40:38|39:45|46;12,5,6;19,26,25,18,17,24,31;30,23,16;55,54,47;3,2,1,0,7,14,21,28,35,42,43,44,45,52,53,46,39,40,41,48;51,50,49;38,37,36,29,22,15,8,9,10,11,4;13,20,27,34,33,32
7:8,0,26,5,,23_0B:24_0B:25_0B:30_0B:31_0B:32_0B,7|8:12|13:14|15:19|20:21|22:26|27:28|29:33|34:35|36:40|41:42|43:47|48;39,38,37;43,36,29,22;2,9,10,11,12,19,26,33,40,47,46,45,44,51,50,49,42,35,28,21,14,7,0;18,17,16,15,8,1;3,4,5,6,13,20,27,34,41,48,55,54,53,52
7:8+B,0,27,7,,3:10:45:52;7,8,15,22,23;26,19,12,5;42,43,36,29,30,31,32,33,40,47;24,17,16,9,2,1,0;14,21,28,35;4,11,18,25;49,50,51,44,37,38,39,46,53,54,55,48,41,34,27,20,13,6
7:8+B,0,28,7,,23_0B:25_0B:30_0B:32_0B,21|28:22|29:26|33:27|34;12,11,10,9,16;22,15,8;19,18,17,24,31,38,37,36,43;39,40,33,34;21,14,7,0,1,2,3,4,5,6,13,20,27,26;44,45,46,47,48,41;55,54,53,52,51,50,49,42,35,28,29
7:8+B,0,29,8,,0:6:49:55,1|8:5|12:7|8:12|13:42|43:43|50:47|48:47|54;13,20,19,12,11;45,52,53,54;7,14,21,28;8,15,22,29;47,46,39,38,37,30,23,16,9,2,1;48,41,34,27,26,25,18;40,33,32,31,24,17,10,3,4,5;42,35,36,43,44,51,50
7:8+B,0,30,6,,0:7:14:21:34:41:48:55,22|29:26|33;43,36,37,38,31,24,25,26;44,45,46,39;32,33,40,47,54,53,52,51,50,49,42;27,20,13,12,11,10,9;35,28,29,30,23,22;19,18,17,16,15,8,1,2,3,4,5,6
7:8+B,0,31,6,,21:27:28:34,7|8:8|15:12|13:12|19:15|16:18|19:36|37:36|43:39|40:40|47:42|43:47|48;18,11,12,5,6,13,20,19,26,33,40,41,48,55,54,47,46,45,44;39,38,37;53,52,51;25,32,31,30,23,16,9,2,3,4;10,17,24;43,50,49,42,35,36,29,22,15,14,7,0,1,8
7:8,0,32,7,,,31|38:32|33:32|39:33|34:37|38:39|46:40|41:40|47:44|45:45|52:46|53:47|54;19,20,27,34,41;42,49,50;43,36,35;26,33,40,39,38,45,46,47,48,55,54,53,52,51,44,37,30,29,28,21,14,7,0,1;12,11,10,17,16;18,25,32,31;24,23,22,15,8,9,2,3,4,5,6,13
7:8,0,33,8,,,8|9:11|12:15|16:18|19:36|37:39|40:43|44:46|47;6,13,20,27,34,41,48,55;42,35,28,21,22,15,8,1,2,3;26,19,12,5,4,11;17,18,25;51,50,49;10,9,16,23,24,31,38,39,46;32,33,40,47,54,53,52,45,44,37,30,29,36,43;14,7,0
7:8,0,34,8,,8_0B:9_0B:15_0B:16_0B:39_0B:40_0B:46_0B:47_0B;49,50,43,36,37;12,19,26,33,34,41,48,55,54,53,52;51,44,45,38;4,5,6,13,20,27;31,30,29,28,35,42;7,14,21,22,23,24,17;0,1,2,3;32,25,18,11,10
7:8,0,35,7,,,1|8:2|9:7|8:9|16:14|15:15|16:39|40:39|46:40|41:46|53:47|48:47|54;18,17,24,31;21,14,7,0,1,2,3,4;28,29,30,37,38,39,32,25;27,34,41,48,55,54,53,52,51,50,49,42,35;13,6,5;36,43,44,45,46,47,40,33,26;20,19,12,11,10,9,8,15,22,23,16
7:8,0,36,6,,,1|8:2|9:4|11:5|12:7|8:12|13:14|15:19|20:26|27:28|29:35|36:40|41:42|43:43|50:44|51:46|53:47|48:47|54;19,26,25;32,31,24,23,22,15,8,9,10,3;12,11,18,17,16;41,48,55,54,53,52,51,50,49,42,35,28,21,14,7,0,1,2;4,5,6,13,20,27,34,33,40,47,46,45,44,43,36,29;39,38,37,30
7:8,0,37,8,,,8|15:9|10:9|16:10|17:11|18:16|17:24|25:24|31:25|32:31|32;9,8,1,0;7,14,15,16;32,33,40,47,46,45,52,51,50;53,54,55,48,41,34;25,26,27,20,13,6,5,4;37,44,43;28,21,22,23,24,17,18,19,12,11,10,3,2;49,42,35,36,29,30,31,38,39
7:8+B,0,38,7,,3:10:21:27:28:34:45:52;0,1,8;22,15,14,7;35,42,49,50,51,44;2,9,16,17,18,11,12;43,36,29,30,23,24,25,26,19,20,13,6,5,4;31,32,33,40,41,48,55,54,53;37,38,39,46,47
7:8+B,0,39,6,,,0|7:1|8:2|9:3|10:4|11:5|12:12|13:14|15:19|20:21|22:26|27:28|29:33|34:35|36:40|41:42|43:43|50:44|51:45|52:46|53:47|48:47|54;12,11,18;30,37,38,39;22,29,36,43,44,45,46,47,40,33,32,31;24,17,10,9,8,7,14,21,28,35,42,49,50,51,52,53,54,55,48,41,34,27,20,13,6,5,4,3,2,1,0;19,26,25;23,16,15
7:8+B,0,40,5,,,0|7:1|8:2|9:3|10:4|11:5|12:43|50:44|51:45|52:46|53:47|54:48|55;20,19,26,25,32,31;27,34,41,48,47,46,45,44,43,36,29,22,15,16;18,11,12,13,6,5,4,3,2,1,0;55,54,53,52,51,50,49,42,35,28,21,14,7,8;33,40,39,38,37,30,23,24,17,10,9
7:8,0,41,7,,,16|17:17|18:17|24:31|38:37|38:38|39;12,11,18,25,24,31,30,37;3,10,17;9,8,15;48,55,54,53,52,51,50,49,42,35,28,21,14,7,0,1,2;4,5,6,13,20,27,34,41,40,47,46,45,38;19,26,33,32,39;16,23,22,29,36,43,44
7:8+B,0,42,6,,0:1:5:6:7:13:45:51:52:53;10,17,18,25,26,33,40,39,38,37,44;30,29,36,43,50,49;55,48,41,34,27,20,19,12,11,4,3,2,9,8,15,14;46,47,54;32,31,24,23,16;22,21,28,35,42
7:8+B,0,43,7,,,0|1:1|2:2|3:3|4:4|5:5|6;55,54,53,52,45,44,43,36,29,22,15,8,1;30,37,38,39,46,47,48,41,34,27,26,25,18,11,4;5,12,19;6,13,20;3,10,17;2,9,16,23,24,31,32,33,40;0,7,14,21,28,35,42,49,50,51
7:8+B,0,44,6,,3:9:10:11:44:45:46:52;4,5,12,19,18,17,16,15,8,1,2;43,36,37,38,39,40,47,54,53;6,13,20,27,26,25,24,23,22,21,14,7,0;51,50,49,42;30,31,32,33,34,41,48,55;35,28,29
7:8,0,45,6,,8_0B:9_0B:10_0B:11_0B:12_0B:43_0B:44_0B:45_0B:46_0B:47_0B;31,30,29;22,15,16,17,18,19,26,27,34;36,37,38,39,32;33,40,41,48,55,54,53,52,51,50,49,42,35,28;23,24,25;21,14,7,0,1,2,3,4,5,6,13,20
7:8+B,0,46,7,,0:1:6:7:8:47:48:49:54:55;26,33,32,31,38,45,44,43,42;13,12,5,4,3,2,9;30,37,36,35;28,29,22,23;39,46,53,52,51,50;24,25,18,19,20,27,34,41,40;21,14,15,16,17,10,11
7:8+B,0,47,7,,14:17:20:24:31:35:38:41;0,1,2,3,4,5,6,13;42,43,36,29,28,21;34,33,40,47,48,55;37,30,23,22,15,8,7;27,26,19,12,11,10,9,16;54,53,52;18,25,32,39,46,45,44,51,50,49
7:8+B,0,48,7,,1:5:8:12:45:52;30,31,32,25;34,41,48,55,54,53,46,39,38;23,24,17,18,19,20,13,6;27,26,33,40,47;2,3,4;43,42,35,28,21,14,7,0;11,10,9,16,15,22,29,36,37,44,51,50,49
8,0,49,8,,,18|19:26|27:26|34:27|35:28|29:28|36:29|37:34|35:36|37:42|43;34,42,50,49;19,11,10,9,17;57,56,48,40,32,24,16,8,0,1,2,3,4,12,13,14,22,30,38,37,45,44,36;29,21,20,28,27;5,6,7,15,23,31,39,47,46,54,53,52,60,59,58;55,63,62,61;35,43,51;41,33,25,26,18
8+B,0,50,9,,0:7:56:63,1|9:6|14:8|9:14|15:48|49:49|57:54|55:54|62;62,61,60,59;21,20,19,11,3,4,5,6;57,58,50,51,52,53,54,46,47,55;48,40,32,33,34,35,36,37,38,39,31,23,15;12,13,14;49,41,42,43,44,45;8,16,17,9;1,2,10,18,26,25,24;22,30,29,28,27
8,0,51,6,,9_0B:10_0B:17_0B:18_0B:45_0B:46_0B:53_0B:54_0B;49,41,33,25,26,27,19,20,21,22,30,31,39;11,12,13,14;29,37,38;23,15,7,6,5,4,3,2,1,0,8,16,24,32,40,48,56,57,58,50,42;28,36,44,52;47,55,63,62,61,60,59,51,43,35,34
8,0,52,6,,,1|9:2|10:8|9:10|18:16|17:17|18:45|46:45|53:46|47:53|61:54|55:54|62;27,35,36;13,12,20,19,18,26;3,11,10,9,17,25,33,41,49,50,51,52,53,54,46,38,30,22,14;21,29,28;4,5,6,7,15,23,31,39,47,55,63,62,61,60,59,58,57,56,48,40,32,24,16,8,0,1,2;34,42,43,44,45,37
8,0,53,7,,,1|9:2|10:3|11:5|13:6|14:8|9:14|15:16|17:22|23:30|31:32|33:40|41:46|47:48|49:49|57:50|58:52|60:53|61:54|55:54|62;27,35,43,42;14,13,12;22,21,29,37;46,45,44,36,28,20,19,18,26,34,33;31,23,15,7,6,5,4,3,2,1,0,8,16;30,38,39,47,55,63,62,61,60,59,58,57,56,48,40,32,24,25,17,9,10,11;41,49,50,51,52,53,54
8,0,54,7,,,12|13:19|27:20|21:20|28:21|29:22|30:25|26:25|33:26|34:28|29:33|34:36|37;21,13,14;28,36,35,34;56,57,58,59,60,61,62,63,55,47,39,31,30,29;38,46,54,53,52,51,50,49,48,40;27,26,18,19,20,12;25,17,9,10,11,3,4,5,6,7,15,23,22;37,45,44,43,42,41,33,32,24,16,8,0,1,2
8+B,0,55,6,,,0|8:1|9:2|10:3|11:4|12:5|13:6|14:14|15:16|17:22|23:24|25:30|31:32|33:38|39:40|41:46|47:48|49:49|57:50|58:51|59:52|60:53|61:54|55:54|62;44,43,42,41;0,1,2,3,4,5,6,7,15,23,31,39,47,55,63,62,61,60,59,58,57,56,48,40,32,24,16,8,9,17,25,26;13,12,11;10,18,19,20,21,22,14;33,34,35,27,28,29,30,38,46,54,53,52,51,50,49;36,37,45
8+B,0,56,7,,,0|8:1|9:2|10:3|11:4|12:5|13:6|14:49|57:50|58:51|59:52|60:53|61:54|62:55|63;50,49,41,33,25;0,1,2,3,4,5,6,7,15,23,31,30,38,46,45,44,43;42,34,26;28,20,21;63,62,61,60,59,58,57,56,48,40,32,24,16,8,9,10,11,12,13,14,22;39,47,55,54,53,52,51;29,37,36,35,27,19,18,17
8,0,57,7,,,10|18:18|19:18|26:37|45:44|45:45|53;21,20,28;18,17,25,33,41,49,50,51,43,35,36,37,29,30,22,14,13,12,11;45,46,38;44,52,53,54;42,34,26,27,19;63,55,47,39,31,23,15,7,6,5,4,3,2,1,0;10,9,8,16,24,32,40,48,56,57,58,59,60,61,62
8+B,0,58,7,,0:1:6:7:8:15:51:52:58:59:60:61;46,38,30,29,28,36;11,12,13,14;48,40,41,33,25;32,24,16,17,9,10,2,3,4,5;63,62,54,53,45,37;56,57,49,50,42,34,26,18;55,47,39,31,23,22,21,20,19,27,35,43,44
8+B,0,59,8,,,0|1:1|2:2|3:3|4:4|5:5|6:6|7;4,12,20,28,36,37;3,11,19,27;6,14,22,30,38,46,54,53,52,51,50,49,41,33,34,35;7,15,23,31,39,47,55,63,62,61,60,59,58,57,56,48,40,32;5,13,21,29;2,10,18,26,25,24,16,8,0;17,9,1;45,44,43,42
8+B,0,60,4,,3:4:10:11:12:13:50:51:52:53:59:60;2,1,9,17,18,19,20,21,22,14;61,62,54,46,45,44,43,42,41,49;5,6,7,15,23,31,30,29,28,27,26,25,24,16,8,0;63,55,47,39,38,37,36,35,34,33,32,40,48,56,57,58
8,0,61,5,,9_0B:10_0B:11_0B:12_0B:13_0B:14_0B:49_0B:50_0B:51_0B:52_0B:53_0B:54_0B;22,30,38;42,41,40,48,56,57,58,59,60,61,62,63,55,47,39,31,23,15,7,6,5,4,3,2,1,0,8,16,17,18,19,20,21,29,37;46,45,44;43,35,34,33;36,28,27,26,25,24,32
8+B,0,62,5,,0:1:7:8:9:54:55:56:62:63;43,35,27,26,18,10,2,3,4,5,6,14,15,23,31,39;17,16,24,32,40,48,49,57,58,59,60,61,53,45,37,29;25,33,41;34,42,50,51,52,44,36,28,20;19,11,12,13,21,22,30,38,46,47
8+B,0,63,7,,2:5:24:31:32:39:58:61;7,6,14,13,21,29,37,45,46,47,55,63,62;12,20,28,36;1,9,10,18,26,34,42,50,49;15,23,22,30,38;4,3,11,19,27,35,43,44,52,53,54;0,8,16,17,25,33,41,40,48,56,57;60,59,51
8+B,0,64,6,,8:9:30:31:38:39:48:49;3,4,5,6,7,15,23;27,26,25;33,34,35,43,51,59,60,61,62,63,55,47,46,45,37,29,21,22;54,53,52,44,36,28,20,19,18,17,16,24,32;14,13,12,11,10,2,1,0;40,41,42,50,58,57,56
8,0,65,8,,,17|25:18|26:19|27:20|28:24|25:26|34:27|35:28|36:32|33:33|34:36|44:37|45:43|51:44|52:45|46:51|59:52|60:53|54:53|61;63,62,61,60,59,58,50,51,52,53,45,44,43;1,9,10;46,38,37,36,35,34,42;54,55,47,39,31,30,22,14,13,5,4;23,15,7,6;56,48,40,32,24,16,8,0;57,49,41,33,25,26,27,28,29,21,20,12,11,3,2;17,18,19
8+B:I,0,66,7,,32_0B:33_0B:34_0B:35_0B:40_0B:43_0B:48_0B:51_0B:52_0B;56,57,49,41;17,18,19;23,15,7,6;42,50,58,59,60,61,53,54,46,38,37;62,63,55,47,39,31,30,29,21,20,12,11,10,9,1;22,14,13,5,4,3,2;0,8,16,24,25,26,27,28,36,44,45
8,0,67,6,,9_0B:10_0B:17_0B,3|11:4|12:5|13:6|14:24|25:32|33:40|41:48|49;62,63,55,47,39,31,23,22,21;51,50,42,34,35,27,19;18,26,25,33,41,49;36,37,45,53,61,60,59,58,57,56,48,40,32,24,16,8,0,1,2,3,4,5,6,7,15,14,13;11,12,20,28,29,30,38,46,54;52,44,43
8+B,0,68,8,,7:8:23:24:39:40:55:56;29,37,45,53,54,62,63;9,10,11,12,13;25,26,27,28,36,44,52,60,61;31,30,38,46,47;15,14,6,5,4,3,2,1,0;16,17,18,19,20,21,22;41,42,50;48,49,57,58,59,51,43,35,34,33,32
8+B,0,69,7,,26_0B:29_0B:34_0B:37_0B,24|32:25|33:30|38:31|39;9,10,11,12,13,14,22;39,47,55,63,62,61,60,59;33,32,40,48,56,57;58,50,51,52,53,54,46,38;30,31,23,15,7,6,5,4,3,2,1,0,8,16,24;21,20,28,36,44,45;49,41,42,43,35,27,19,18,17,25
8+B,0,70,7,,0:8:16:24:39:47:55:63,25|33:30|38;45,44,43,42,41;26,18,10,11,12,13,14;31,30,22,21,20,19,27,35,34,33;53,52,51,50,49,48,40,32;36,28,29;23,15,7,6,5,4,3,2,1,9,17,25;56,57,58,59,60,61,62,54,46,38,37
8+B,0,71,8,,24:31:32:39,8|9:9|17:14|15:14|22:17|18:21|22:41|42:41|49:45|46:46|54:48|49:54|55;20,12,11,3;34,33,41,40,48,56,57,58,59,60,61,62,63,55,47,46,38;37,45,53,54;4,5,6,7,15,23,22,30,29,28,36,35,43,42,50,49;44,52,51;14,13,21;2,10,18;19,27,26,25,17,16,8,0,1,9
8+B,0,72,6,,,0|8:1|9:2|10:3|11:4|12:5|13:6|14:14|15:16|17:22|23:24|25:30|31:32|33:38|39:40|41:46|47:48|49:49|57:50|58:51|59:52|60:53|61:54|62:55|63;45,37,36;44,43,42;10,11,12,13,14,22,30,38,46;63,62,61,60,59,58,57,56,48,40,32,24,16,8,9,17,25,33,41,49,50,51,52,53,54,55,47,39,31,23,15,7,6,5,4,3,2,1,0;34,35,27,28,29,21;26,18,19,20
8:9,0,73,9,,,19|20:26|34:27|28:27|35:28|36:29|37:35|36:43|44:51|59:52|53:52|60:53|61:54|62:60|61;7,6,5,4,3,2,10,9;71,70,69,68,60,59,58,57;27,26,25,24,32,40,41,42,50,51,52,44,36,37,38,30,29;67,66,65,64,56,48,49;45,53,54;33,34,35,43;28,20,21,22,23,31,39;1,0,8,16,17,18,19,11,12,13,14,15;46,47,55,63,62,61
8:9+B,0,74,8,,0:7:64:71,1|9:6|14:8|9:14|15:56|57:57|65:62|63:62|70;8,16,24,32,40;65,66,67,68,60,52,53,45,37,29,30,22,14,13,12,11,19,27,35,34,42,50,49,48,56;3,4,5,6;1,2,10,18,26;70,69,61,62,54,46,38,39,31,23,15;21,20,28,36,44,43,51,59,58,57;63,55,47;41,33,25,17,9
8:9,0,75,7,,9_0B:10_0B:17_0B:18_0B:53_0B:54_0B:61_0B:62_0B;49,50,51,52,60;41,42,43,44,45,46,38,30;19,11,12,13,14,15,7;31,39,47,55,63,71,70,69,68,67,59,58,57,56;20,28,27,26,25,24,16,8,0,1,2,3,4,5,6;23,22,21,29,37,36,35,34,33,32,40,48;64,65,66
8:9,0,76,6,,,1|9:2|10:8|9:10|18:16|17:17|18:53|54:53|61:54|55:61|69:62|63:62|70;22,14,13,12,20,19,18,26,34,35,36,37,45,53,52,51;11,10,9,17,25,33,41,49,57,65;27,28,29,21;64,56,48,40,32,24,16,8,0,1,2,3,4,5,6,7,15,23,31,30,38;55,63,71,70,69,68,67,66,58,50,42,43,44;39,47,46,54,62,61,60,59
8:9+B,0,77,9,,,0|8:1|9:2|10:3|11:4|12:5|13:6|14:14|15:16|17:22|23:24|25:30|31:32|33:38|39:40|41:46|47:48|49:54|55:56|57:57|65:58|66:59|67:60|68:61|69:62|63:62|70;42,43,44,45,46,38,30,29,28;14,13,12;27,26,34;58,59,60,61,62;37,36,35;54,53,52,51,50,49,57;11,19,18,17,25,33,41;20,21,22;10,9,8,16,24,32,40,48,56,64,65,66,67,68,69,70,71,63,55,47,39,31,23,15,7,6,5,4,3,2,1,0
8:9+B,0,78,9,,,0|8:1|9:2|10:3|11:4|12:5|13:6|14:57|65:58|66:59|67:60|68:61|69:62|70:63|71;30,38,46,54,62,61;50,51,43,44,36,37,29,21,13,14,15,7,6,5,4,3,2,1,0;35,27,19;28,20,12,11,10,9,8,16,24,25,33,34,42;26,18,17;49,48,56,64,65,66,67,68,69,70,71;32,40,41;63,55,47,39,31,23,22;57,58,59,60,52,53,45
8:9,0,79,7,,,26|27:27|28:27|35:36|44:43|44:44|45;44,52,51,50,42,34,26,18,10,11;28,36,35,43;41,49,57,58,59,60,68,69,70,71,63,55,47,39;27,19,20,12,13,5,6,7,15,23,31,30,38,46,54,62,61;4,3,2,1,0,8,16,24;53,45,37,29,21,22,14;9,17,25,33,32,40,48,56,64,65,66,67
8:9+B,0,80,7,,0:1:6:7:8:15:59:60:66:67:68:69;58,50,42,43,44,36,37;14,13,5,4,3,2;70,71,63,55,54;57,49,41,33,34,35,27,28,29,30,38,46,45;25,26,18,19;47,39,31,23,22,21,20,12,11,10,9,17,16,24,32,40,48,56,64,65;62,61,53,52,51
8:9+B,0,81,7,,,0|1:1|2:2|3:3|4:4|5:5|6:6|7;7,15,23;6,14,22,30,31,39,47,55,63,71,70,69,68,60,52,51,50,42,34,26,18,10,2;5,13,21,29,37,38,46,54,62;3,11,19,27,35,43;4,12,20,28,36,44,45,53,61;0,8,16,24,32,40,48,56,64,65,66;67,59,58,57,49,41,33,25,17,9,1
8:9+B,0,82,9,,25:30:32:33:38:39:41:46;14,15,7;24,16,8,0,1,2,3,4,12,20,28,36,37,45,53,54,55,47;31,23,22;71,70,69,68,67,66,65,64,56;29,21,13,5,6;17,9,10,11,19;40,48,49,50,42,34,26,18;27,35,43,51,59,58,57;44,52,60,61,62,63
8:9,0,83,8,,9_0B:10_0B:11_0B:12_0B:13_0B:14_0B:57_0B:58_0B:59_0B:60_0B:61_0B:62_0B;24,25,26,34,42,41,49;52,51,50;54,53,45,44,43,35;17,18,19,20,21;29,37,38,46,47,55,63,71,70,69,68,67,66,65,64,56,48,40,32,33;22,23,15,7,6,5,4,3,2,1,0,8,16;27,28,36;30,31,39
8:9+B,0,84,9,,0:1:7:8:9:62:63:64:70:71;43,51,50,49;41,42,34,35,36,44,52,60,59,58;11,19,20,28;12,13,21;46,38,39,31,23,15;29,37,45;56,48,40,32,24,16,17,18,10,2,3,4,5,6,14,22,30;47,55,54,53,61,69,68,67,66,65,57;33,25,26,27
8:9+B,0,85,8,,2:5:34:35:36:37:66:69;14,13,12;6,7,15,23,22,21,20,19,18;31,39,47;65,64,56;1,0,8,16,24,32,40,48,49,50,51,52,60,68,67;59,58,57;70,62,61,53,45,44,43,42,41,33;71,63,55,54,46,38,30,29,28,27,26,25,17,9,10,11,3,4
8:9+B,0,86,7,,8:9:16:17:38:39:48:49:56:57;64,65,66,58,50,42,43,35,27,19,11,3,4;7,15,23,31,30,29,37,45,53,54;34,33,41,40;46,47,55,63,62,61,60;14,22,21,20,28,36,44,52,51,59,67,68,69,70,71;12,13,5,6;32,24,25,26,18,10,2,1,0
8:9,0,87,8,,,33|34:34|35:41|42:41|49:42|43:43|51:44|52:48|49:50|51:50|58:52|60:56|57:57|65:58|66:59|60:59|67;36,37,29,21;20,28,27,35,43,44,45;33,41,40,48,56,64,65,66,67,68,69,70,62,54,46,38,30,22;60,61,53,52,51,59,58,57,49,50,42,34,26,18,17,9,1,2,3,4,5,6,7,15,23,31,39,47,55,63,71;0,8,16;25,24,32;12,13,14;19,11,10
8:9+I:B,0,88,6,,21_0B:29_0B:37_0B:45_0B:50_0B:51_0B:52_0B:53_0B:57_0B:58_0B:65_0B;9,8,16;66,67,59,60,61,62,54,46,38,30,22,14,13,12,20,28,36,35;44,43,42;64,56,48,40,32,24,25,17,18,10,2,1,0;11,19,27,26,34,33,41,49;68,69,70,71,63,55,47,39,31,23,15,7,6,5,4,3
8:9+B,0,89,8,,32:39,25|33:30|38:33|41:38|46;13,12,11,10,18,26,34,33;24,16,8,0;14,22,21,20,19,27,35,43,51,50,49,57;66,67,68,69,61,53,45,37,38;71,63,55;25,17,9,1,2,3,4,5,6,7,15,23,31,30,29,28,36,44,52,60,59,58;42,41,40,48,56,64,65;70,62,54,46,47
8:9,0,90,9,,9_0B:10_0B:11_0B:17_0B:25_0B,4|12:5|13:6|14:32|33:40|41:48|49:56|57;60,59,58,57,49;29,28,27;13,14,22,30,38,46,54;69,70,71;12,20,21;36,35,43,42,50;44,52,51;37,45,53,61,62,63,55,47,39,31,23,15,7,6,5,4,3,2,1,0,8,16,24,32,40,48,56,64,65,66,67,68;41,33,34,26,18,19
8:9+B,0,91,9,,7:8:23:24:39:40:55:56:71;47,46,54;48,49,41,42,34,35,27;66,67,59,60,61,62,63;43,44,36,28,29;38,37,45,53,52,51,50,58,57,65,64;31,30,22,21,20,19,18,26,25,33,32;6,5,4,3,2,1,0;68,69,70;16,17,9,10,11,12,13,14,15
8:9,0,92,7,,34_0B:35_0B:36_0B:37_0B,8|9:14|15:16|17:22|23:24|25:30|31:32|33:38|39:40|41:46|47:48|49:54|55:56|57:62|63;42,43,44,45;70,71,63,55,47,39,31,23,15,7;67,68,69,61,62,54,46,38,30,22,14,6,5,4,3,2;21,20,19,18,17,25,33,41,49,57;53,52,60,59;13,12,11,10,9,1,0,8,16,24,32,40,48,56,64,65,66,58,50,51;29,28,27,26
8:9+B,0,93,7,,0:1:2:3:68:69:70:71,11|12:19|20:27|28:43|44:51|52:59|60;33,25,17,18;48,56,64,65,66,67,59,51,43,35,36,28,20,12,4,5,6,7;31,39,47,55,63,62,61;49,41,40,32,24,16,8,9;60,52,44,45,37,29,21,13,14,15;10,11,19,27,26,34,42,50,58,57;23,22,30,38,46,54,53
8:9,0,94,6,,,18|26:19|27:20|28:21|29:42|50:43|51:44|52:45|53;37,36,35,34,33,41,49,50,51,52,53,54,62;6,14,13,12,11,10,9,17,25,26,27,28,29,30,31;57,58,59,60,61,69,70,71,63,55,47,39,38;7,15,23,22,21,20,19,18;46,45,44,43,42;5,4,3,2,1,0,8,16,24,32,40,48,56,64,65,66,67,68
8:9,0,95,8,,,1|9:3|11:5|13:14|15:16|17:30|31:32|33:46|47:48|49:57|65:59|67:61|69:62|63;42,34,26,18,17,9,8,16,24,32,40,48;25,33,41,49,50,51;28,29,30,38,46,54,53,52,44;43,35,27,19,20,21;36,37,45;0,1,2,10,11,12,13,14,22;57,56,64,65,66,67,68,69;58,59,60,61,62,70,71,63,55,47,39,31,23,15,7,6,5,4,3
8:9+B,0,96,9,,34_0B:35_0B:36_0B:37_0B,3|4:11|12:59|60:67|68;8,9,10;7,15,14,13,12,20,19,18,17,16,24,32,40,48,56,64,65,66,67,59,51,52,60,68;29,28,27,26,25,33,41,49;21,22,30,38,46;54,62,61,69;11,3,2,1,0;70,71,63,55,47,39,31,23;53,45,44,43,42,50,58,57;6,5,4
9,0,97,9,,,20|21:20|29:21|30:29|30:37|38:37|46:38|47:39|40:46|47:48|49:48|57:49|58:57|58:66|67;13,14,15,16,25,34,43,52,61,62,71;68,77,78;12,21,22,23,24,33,42,51,60,69,70,79,80;10,1,0;49,40,31,30,39,38,29,28,19,20,11,2,3,4,5,6,7,8,17,26,35,44,53;9,18,27,36,37;32,41,50,59,58,67,76,75,66,57;45,46,55,64;54,63,72,73,74,65,56,47,48
9+B,0,98,9,,0:8:72:80,1|10:7|16:9|10:16|17:63|64:64|73:70|71:70|79;9,18,27,36,45,46,47,56;20,21,22,23,24,33,34,35,44,53,62,71;17,26,25,16,15;7,6,5,14,13,12,11,10,19,28,37;40,39,48,57;59,68,77,76,75,74,73;63,54,55,64,65,66,67,58,49,50,51,60;79,78,69,70,61,52,43,42,41,32,31,30,29,38;4,3,2,1
9,0,99,8,,10_0B:11_0B:19_0B:20_0B:60_0B:61_0B:69_0B:70_0B;28,27,18,9,0,1,2,3,12,21,22,31,32,33,24;38,37,36;67,58,49,40,41,42;56,47,46,45;16,25,34,43,52,51,50,59,68;54,55,64,65,66,57,48,39,30,29;5,4,13;63,72,73,74,75,76,77,78,79,80,71,62,53,44,35,26,17,8,7,6,15,14,23
9+B,0,100,6,,0:8:31:39:40:41:49:72:80;61,52,51,50;33,32,23,22,21,30,29,38,47,48,57,58,59;44,35,26,17,16,7,6,5,4,3,2,1,10,9,18,27,36,45,54,63,64,73;76,77,78,79,70,71,62,53;42,43,34,25,24,15,14,13,12,11,20,19,28,37,46,55,56,65,74,75;66,67,68,69,60
9,0,101,7,,,1|10:2|11:9|10:11|20:18|19:19|20:60|61:60|69:61|62:69|78:70|71:70|79;72,63,54,45,36,27,18,9,0,1,2,3,4,5,6,7,8,17,26,25,24,23,32,31,30,29,20;16,15,14,13,22;59,58,57,56,65,74,75;33,34,35,44,53,62,71,80,79,78,77,76;60,51,50,49,48,47,46,55,64,73;21,12,11,10,19,28,37;66,67,68,69,70,61,52,43,42,41,40,39,38
9,0,102,9,,,1|10:2|11:3|12:5|14:6|15:7|16:9|10:12|21:13|22:14|23:16|17:18|19:25|26:27|28:28|29:33|34:34|35:37|38:42|43:45|46:46|47:51|52:52|53:54|55:57|66:58|67:59|68:61|62:63|64:64|73:65|74:66|75:68|77:69|78:70|71:70|79;53,62,71,80,79,78,77,76,67,66,65,56,57,58,59,60,51,42;68,69,70,61,52,43,44,35,26,17,8,7,6,5;64,55,46,37,28;38,47,48,49,50,41;75,74,73,72,63,54,45,36,27,18,9,0,1,2,3,4,13,12,11;10,19,20,29;14,15,16,25,34;33,32,31,40,39;24,23,22,21,30
9+B,0,103,10,,4:13:36:37:43:44:67:76;5,14,23,32,41;69,60,59,50,49,40,31,22;61,70,79,78,77,68;16,25,24;3,12,21,30,39,48,57,58;66,65,56;10,19,20,29,38,47,46,45,54,63,72;15,6,7,8,17,26,35,34,33,42,51,52,53,62,71,80;11,2,1,0,9,18,27,28;75,74,73,64,55
9+B,0,104,9,,,0|9:1|10:2|11:3|12:4|13:5|14:6|15:7|16:16|17:18|19:25|26:27|28:34|35:36|37:43|44:45|46:52|53:54|55:61|62:63|64:64|73:65|74:66|75:67|76:68|77:69|78:70|71:70|79;50,41,42,43;40,39,30,21,22,23;46,55,56,57,58,49;59,60,51;48,47,38,37,28;16,25,34;64,65,66,67,68,69,70,61,52;29,20,19,10,9,18,27,36,45,54,63,72,73,74,75,76,77,78,79,80,71,62,53,44,35,26,17,8,7,6,5,4,3,2,1,0;11,12,13,14,15,24,33,32,31
9+B,0,105,7,,,0|9:1|10:2|11:3|12:4|13:5|14:6|15:7|16:64|73:65|74:66|75:67|76:68|77:69|78:70|79:71|80;80,79,78,77,76,75,74,73,72,63,54;26,35,44,53,62,71,70;19,28,29,30,39,48;31,22,21,20,11,10,9,18;27,36,37,38,47,56,57,58,59,50,51,42,33,24,15,16,17,8,7,6,5,4,3,2,1,0;45,46,55,64,65,66,67,68,69,60,61,52,43,34,25;12,13,14,23,32,41,40,49
9,0,106,10,,,21|22:22|23:22|31:29|38:33|42:38|39:38|47:41|42:42|51:49|58:57|58:58|59;40,49,50,51,52,61,70;6,7,8,17,26,35,44,53,62,71,80,79,78,69,60,59;58,67,66,57;38,37,28,29,30,31,32,41;22,13,12,11;21,20,19,10,1,2,3,4,5,14,15,16,25;68,77,76,75,74,65,56,47,48,39;0,9,18,27,36,45,54,63;23,24,33,34,43,42;46,55,64,73,72
9+B,0,107,8,,0:1:7:8:9:17:67:75:76:77;45,36,27,28,29,20,21,12,13,14,5,6;50,59,68,69,78,79,80,71,62,53,44,35,26;52,43,34,25,16,15;70,61,60,51,42,33;38,37,46,55,64,65,66,57,58,49,40,41,32,23,24;22,31,30,39,48,47,56;18,19,10,11,2,3,4;74,73,72,63,54
9+B,0,108,9,,,0|1:1|2:2|3:3|4:4|5:5|6:6|7:7|8;2,11,20;49,50,41,32,23,14,5;72,63,54,45,46,47,48,39,40,31,22,13,4;64,65,66,67,68,69,70,61,52,51,42,33,24,15,6;8,17,26,35,44,53,62,71,80,79,78,77,76,75,74,73;0,9,18,27,36,37,38;1,10,19,28,29,30,21,12,3;7,16,25,34,43;55,56,57,58,59,60
9,0,109,9,,12_0B:13_0B:14_0B:28_0B:34_0B:37_0B:43_0B:46_0B:52_0B:66_0B:67_0B:68_0B;79,80,71;50,51,42,33,24,15,6,5,4,3,2,1;31,30,29,38,47,56,57;60,59,58,49,48;39,40,41,32,23,22;25,16,7;19,18,27,36,45,54,55,64,65,74,75,76,77,78,69,70,61,62,53,44,35,26,17,8;63,72,73;21,20,11,10,9,0
9+B,0,110,8,,0:1:8:9:10:70:71:72:79:80;63,64,73,74;23,22,31,40,49,58,57,66;32,33,34,43,52,51;77,78,69,60,61,62,53,44,35,26,25,24,15,14,13,12,21,30,29,28,27,18;75,76,67,68,59,50,41,42;39,38,37,36,45,54,55,56,65;19,20,11,2,3,4,5,6,7,16,17;48,47,46
9+B,0,111,9,,2:6:38:39:40:41:42:74:78;47,46,37,28,19,10,11,12,3,4,5,14,15,16,25,26,35,44,53,62,71,80;69,68,77,76,75,66,65;7,8,17;43,34,33,24;63,54,45,36,27,18,9,0,1;67,58,59,60;13,22,21,20,29;30,31,32,23;72,73,64,55,56,57,48,49,50,51,52,61,70,79
9+B,0,112,6,,2:6:11:15:20:24:58:67:76;65,64,55,46,37,28,19,10,1;43,52,61,70;56,57,66,75,74,73,72,63,54,45,36,27,18,9,0;7,8,17,26,35,44,53,62,71,80,79,78,69,60,51,42,41,40,39;13,22,31;16,25,34,33,32,23,14,5,4,3,12,21,30,29,38,47,48,49,50,59,68,77
9,0,113,8,,,20|29:21|30:28|29:28|37:30|31:37|46:38|39:38|47:39|40:45|46:47|56:48|49:48|57:54|55:55|56:63|64:64|65;45,54,63,72;1,0,9,18,27,36,37,38,29,30,39,48,47,46,55,64,73,74,75,66,67,68,69,60,51,42,33,24;80,71,62,53,44,35;76,77,78,79,70,61,52,43,34,25,26,17,8,7;16,15,6,5,4,3,2,11,10;65,56,57,58,49,40,31,22;21,12,13,14,23,32,41,50,59;20,19,28
9+I:B,0,114,8,,0_0B:9_0B:18_0B:19_0B:25_0B:28_0B:33_0B:34_0B:37_0B:39_0B:40_0B:41_0B:42_0B:46_0B:48_0B:55_0B:57_0B:64_0B:65_0B:66_0B;70,69,78;22,23,24,15,16;79,80,71,62,53,44,35,26,17,8,7,6,5,14,13,12,11,20,29,38,47,56;4,3,2,1,10;61,60,59;68,67,58,49,50,51,52,43;21,30,31,32;77,76,75,74,73,72,63,54,45,36,27
9+B,0,115,10,,4:36:44:76,12|13:13|14:28|37:34|43:37|46:43|52:66|67:67|68;54,63,72,73,74,75,66,57,56,47,38,37;28,19,10;77,78,79,80,71,62,53,52,51,60,59,58,67;43,42,33,24,15;11,20,29,30,39,48,49,50,41,32,23,14,5,6,7,8,17,26,35;61,70,69,68;16,25,34;45,46,55,64,65;40,31,22,13;27,18,9,0,1,2,3,12,21
9+B,0,116,8,,0:10:11:19:20:60:61:69:70:80;65,66,67,68,59;71,62,53,52,51,50,49,58,57,56;4,5,14,23,24,33;28,27,18,9;7,8,17,26,35,44;21,30,29,38,37,36,45,54,63,72;1,2,3,12,13,22,31,32,41,42,43,34,25,16,15,6;40,39,48,47,46,55,64,73,74,75,76,77,78,79
9,0,117,8,,10_0B:11_0B:12_0B:19_0B:20_0B:28_0B,4|13:5|14:6|15:7|16:36|37:45|46:54|55:63|64;41,40,39,48,47,56,65,74,75,76,77,78;31,32,33,42,51,50,49;58,59,60,69;23,24,15;26,35,44,53;57,66,67,68;79,70,61,52,43,34,25,16,17,8,7,6,5,4,3,2,1,0,9,18,27,36,45,54,63,72,73,64,55,46,37,38,29,30,21,22,13,14;80,71,62
9+B,0,118,8,,8:9:26:27:44:45:62:63:80;25,24,33,32,41;0,1,10,19,18;74,75,76,77,78,79,70,71;13,12,21,30,39,38,37,36;54,55,46,47,48,49,40,31,22,23,14,15;35,34,43,42,51,50,59,58,57,56;72,73,64,65,66,67,68,69,60,61,52,53;28,29,20,11,2,3,4,5,6,7,16,17
9+B,0,119,10,,4:13:22:58:67:76,20|29:21|30:23|32:24|33:47|56:48|57:50|59:51|60;75,74,65,64;70,69,68,77;8,7,16,15;11,10,19;6,5,14,23,24,25;34,35,26,17;73,72,63,54,45,36,37,38,47,48,49;66,57,56,55,46;20,21,12,3,2,1,0,9,18,27,28,29,30,39,40,41,50,51,52,61,60,59;78,79,80,71,62,53,44,43,42,33,32,31
9,0,120,6,,10_0B:11_0B:12_0B:13_0B:14_0B:15_0B:16_0B:64_0B:65_0B:66_0B:67_0B:68_0B:69_0B:70_0B;61,60,51,50,41,32,31,30,29,38,37,46,55,56,57;47,48,39,40;18,9,0,1,2,3,4,5,6,7,8,17,26;25,34,35,44,53,62,71,80,79,78,77,76,75,74,73,72,63,54,45,36,27,28,19,20;59,58,49;21,22,23,24,33,42,43,52
