8,0,1,5;41,33,25,17,18,19,20,21,29;39,31,23,15,7,6,5,4,3,2,1,0,8,16,24,32,40,48,49,50,42,34,26,27,28,36,37,45,53,54,55;63,62,61,60,52,44;56,57,58,59,51,43,35;9,10,11,12,13,14,22,30,38,46,47
8,0,2,5;45,37,29,21,20,19,18;36,28,27,26,25,17,16,8,0,1,2,3,4,5,6,7,15,23,31,39;24,32,40,48,56,57,58,50,42;9,10,11,12,13,14,22,30,38,46,47,55,63,62,61,60,59,51;54,53,52,44,43,35,34,33,41,49
8,0,3,4;16,24,32,40,48,56,57,58,59,60,61,62,63,55,47,39,31,23,15,14,13,12,20,28;8,0,1,2,10,18,26,34,42,43,44,45;7,6,5,4,3,11,19,27,35,36,37,29,21,22;9,17,25,33,41,49,50,51,52,53,54,46,38,30
8,0,4,5;14,13,12,11,10,9,17,25;62,63,55,47,39,31,23,15,7,6,5,4,3,2,1,0,8,16,24,32,33,34,26;36,44,52,51,50,49;18,19,20,21,22,30,38,46,54,53,61,60,59,58;57,56,48,40,41,42,43,35,27,28,29,37,45
8,0,5,4;54,53,52,51,50,42,34,26,18,19,20,21;30,29,28,27,35,43,44,45,46,47,55,63,62,61,60,59,58;57,56,48,40,32,24,16,8,0,1,2,3,4,5,6,7,15,23,31,39,38,37,36;49,41,33,25,17,9,10,11,12,13,14,22
8,0,6,4;41,49,50,51,52,53,54,46,38,30,22,14,13,12,11,10,9;17,18,19,20,21,29,37,45;35,27,26,25,24,16,8,0,1,2,3,4,5,6,7,15,23,31,39,47,55,63,62,61,60,59,58,57,56,48;28,36,44,43,42,34,33,32,40
8,0,7,4;36,44,52,60,59,58,57,56,48,40,32,24,16,8,0,1,2,3,4,5,6,7,15,23,31,39,47;55,63,62,61,53,45,37,29,28,27,35,43,42;54,46,38,30,22,21,20,19,18,26,34;14,13,12,11,10,9,17,25,33,41,49,50,51
8,0,8,5;16,24,32,40,41,49,50,51,52,53,54,46,38,37,36,28;9,17,25,33,34,42,43,44,45;15,7,6,5,4,3,11,19,20,21,29,30;12,13,14,22,23,31,39,47,55,63,62,61,60,59,58,57,56,48;8,0,1,2,10,18,26,27,35
8,0,9,5;43,51,59,60,61,62,63,55,47;49,41,33,25,26,27,28,20,21;19,18,17,16,24,32,40,48,56,57,58,50,42,34,35;45,37,29,30,22,14,13,12,11,10,9,8,0;36,44,52,53,54,46,38,39,31,23,15,7,6,5,4,3,2,1
8,0,10,5;22,30,38,46,45,44,43,42;27,28,20,12,4,5,6,7;54,53,52,51,50,49,41,33,25,17,9,10;26,18,19,11,3,2,1,0,8,16,24,32,40,48,56,57,58,59,60,61,62,63,55,47,39,31,23,15;34,35,36,37,29,21,13,14
8,0,11,5;6,14,22,30,29,28,36,35;37,38,39,31,23,15,7;0,8,16,24,32,40,48,56,57,58,59,60,61,62,63,55,47,46,45,44,43,42,34,26,18,10,11,12,4;27,19,20,21,13,5;54,53,52,51,50,49,41,33,25,17,9,1,2,3
8,0,12,5;14,13,12,11,10,9,17,25,33,41,49;18,19,20,21,22,30,38,46,54,53,52,44,36,35,34;26,27,28,29,37,45;23,15,7,6,5,4,3,2,1,0,8,16,24,32,40,48,56,57,58,50,42;31,39,47,55,63,62,61,60,59,51,43
8,0,13,4;48,40,32,24,16,8,0,1,2,3,4,5,6,7,15,23,31,39,47,55,54,53,52;56,57,49,41,33,25,17,9,10,11,12,13,14,22,30,38,46,45,44,36,28;58,50,42,34,26,18,19,20,21,29,37;63,62,61,60,59,51,43,35,27
8,0,14,5;63,62,61,60,59,58,57,56,48,40,32,33,34,42,43;36,35,27,26,25,24,16,8,0;44,45,46,38,30,22,14,6,5,4,3,2,1,9,17,18,19,20,28;7,15,23,31,39,47,55,54,53,52,51,50,49,41;10,11,12,13,21,29,37
8,0,15,6;42,34,35,27,19,18,17,16,8,0,1,2,3,4,5,13,14;21,20,12,11,10,9;36,44,43,51,50,49,41,33;52,60,59,58,57,56,48,40,32,24,25,26;31,39,47,55,63,62,61,53,45,37,29,28;54,46,38,30,22,23,15,7,6
8,0,16,5;55,63,62,61,60,59,58,57,56,48,40,32,24,25,26,34,42,43,44,45,46,38,30,22;47,39,31,23,15,14,13,21;37,36,35,27,19,18,17,16,8,0,1,2,3,4,5,6,7;33,41,49,50,51,52,53,54;29,28,20,12,11,10,9
8,0,17,4;48,56,57,58,59,60,61,62,63,55,47,39,31,23,15,7,6,5,4,3,11,19,27;12,13,14,22,30,38,46,54,53,52,51,50,49;40,32,24,16,8,0,1,2,10,18,26,34,35,36,28,20,21;29,37,45,44,43,42,41,33,25,17,9
8,0,18,4;35,34,33,32,24,16,8,0,1,2;10,11,12,13,14,22,30,38,46,54,53,52,51,50,49;18,19,20,21,29,37,45;3,4,5,6,7,15,23,31,39,47,55,63,62,61,60,59,58,57,56,48,40,41,42,43,44,36,28,27,26,25,17,9
8,0,19,4;14,22,30,38,46,54,53,52,51,50,58;42,43,44,45,37,29,21,13,12,11,10,9;49,41,33,34,35,36,28,20,19,18,17,16,8,0,1,2,3,4,5,6,7,15,23,31,39,47,55,63,62,61,60,59;57,56,48,40,32,24,25,26,27
8,0,20,5;2,1,9,17,25,33,34,35,36,28;14,13,12,11,10,18,26,27;19,20,21,22,23,15,7,6,5,4,3;0,8,16,24,32,40,41,49,50,51,52,53,54,46,38;48,56,57,58,59,60,61,62,63,55,47,39,31,30,29,37,45,44,43,42
8,0,21,4;28,36,35,43,51,59,58;18,19,20,21,29,37,45,44,52,60,61,62,63,55,47,39,31,23,15,7,6,5,4,3,2,1,0,8,16,24,32,40,48,56;53,54,46,38,30,22,14,13,12,11,10,9,17,25,33,41;27,26,34,42,50,49,57
8,0,22,4;63,55,47,39,31,23,15,7,6,5,4,3,2,1,0,8,16,24,32,40,41,49,50,51,43,35;19,20,21,29,37,45,53,61;42,34,33,25,17,9;62,54,46,38,30,22,14,13,12,11,10,18,26,27,28,36,44,52,60,59,58,57,56,48
8,0,23,5;35,34,33,41,49,50,51,52,53,45,46,47,55,63;37,38,39,31,23,15,7,6,5,4,3,2,1,9;29,30,22,14,13,12,11,10,18,17,16,8,0;21,20,28,36,44,43,42;19,27,26,25,24,32,40,48,56,57,58,59,60,61,62,54
8,0,24,5;35,27,28,29,30,22,14;45,53,61,60,59,58,57,56,48,40,32,24,16,8,0,1,2,3,4,12;63,62,54,46,38,37,36,44,52,51,50,49,41,33,25,17,9,10;20,21,13,5,6,7,15,23,31,39,47,55;11,19,18,26,34,42,43
8,0,25,5;45,46,54,62,61,60,59,58,57,56,48,40,32,24,16,8,0,1,2,3,4;49,41,33,25,17,9,10,11,12,13,5,6,7,15,23,31;14,22,30,29,28,27,35,43;21,20,19,18,26,34,42,50,51,52,53;63,55,47,39,38,37,36,44
8,0,26,4;7,6,14,22,30,38,46,54,53,52,44,36,28,20,12,11,10,9,8,16,24,32,40;56,57,58,50,42,34,26;45,37,29,21,13,5,4,3,2,1,0;15,23,31,39,47,55,63,62,61,60,59,51,43,35,27,19,18,17,25,33,41,49,48
8,0,27,4;14,22,21,20,19,18,26,34,42,43,44,45;46,54,53,52,51,50,49,41,33,25,17,9,10,11,12,13;4,3,2,1,0,8,16,24,32,40,48,56,57,58,59,60,61,62,63,55,47,39,38,37,36,35,27;5,6,7,15,23,31,30,29,28
8,0,28,4;58,59,60,61,62,54,46,38,30,22,14;45,53,52,51,50,49,41,33,25,17,9,10;57,56,48,40,32,24,16,8,0,1,2,3,11,19,18,26,34,42,43,44,36,37,29,21,13,5,6,7,15,23,31,39,47,55,63;35,27,28,20,12,4
8,0,29,4;36,28,27,26,25,24,32,40,48,56;2,3,4,5,6,7,15,23,31,39,47,55,63,62,61,60,59,58,57,49,41,33;9,10,11,12,13,14,22,30,38,46,54,53,52,51,50,42;34,35,43,44,45,37,29,21,20,19,18,17,16,8,0,1
8,0,30,4;36,28,20,12,11,10,9,8,16,24,32,40,48,56;50,51,52,53,54,46,38,30,22,14,6,7;35,27,19,18,17,25,33,41,49,57,58,59,60,61,62,63,55,47,39,31,23,15;26,34,42,43,44,45,37,29,21,13,5,4,3,2,1,0
9,0,1,4;15,14,13,12,11,10,19,28,37,46,55,64,65,66,67,68;40,41,42,43,44,53,62,71,80,79,78,69;70,61,52,51,50,49,48,39,30,31,32,33,34,35,26,17,8,7,6,5,4,3,2,1,0,9,18,27,36,45,54,63,72,73,74,75,76,77;60,59,58,57,56,47,38,29,20,21,22,23,24,25,16
9,0,2,5;8,7,6,5,14,23,32,41,50,49;4,13,22,31,40,39,48,57,58,59,60,51,42,33,24,15,16,17;56,47,38,29,20,11,10,9,18,27,36,45,54,63,72,73,74,75,76,77,78,79,80,71,62,53,44,35,26;19,28,37,46,55,64,65,66,67,68,69,70,61,52,43,34,25;30,21,12,3,2,1,0
9,0,3,6;53,62,71,80,79,78,77,76,75,74,73,72,63,54,45,36,27,18,9,0,1,2,11,20,21,30,39,48,49;10,19,28,29,38,47,56,57,58,59,60,61,52;51,50,41,40,31,22,23,24;70,69,68,67,66,65,64,55,46,37;3,4,5,6,7,8,17,26,35,44,43,42,33,32;34,25,16,15,14,13,12
9,0,4,5;21,20,29,38,47,56,57,58,59,60,61,62,71,80,79,78,77,76,75,74,73,72,63,54,45,36,27,18,9,0,1,2,3;34,43,42,41,40,31,22,23,14,15,6;30,39,48,49,50,51,52,53,44,35,26,17;8,7,16,25,24,33,32;70,69,68,67,66,65,64,55,46,37,28,19,10,11,12,13,4,5
9,0,5,5;2,1,0,9,18,19,28,37,46,55,64,65,66,67,68,59,50;69,60,51,42,33,32,31,22,13,14,15,16;10,11,20,29,38,47,56,57,58,49,40,41;80,71,62,53,44,35,26,17,8,7,6,5,4,3,12,21,30,39,48;23,24,25,34,43,52,61,70,79,78,77,76,75,74,73,72,63,54,45,36,27
9,0,6,5;69,60,51,42,41,40,39,30,21,22,23,24,25;72,73,74,75,76,67,58,57,56,55,46,37,28,19,10;80,71,70,61,52,43,34,33,32,31;16,15,14,13,12,11,20,29,38,47,48,49,50,59,68,77,78,79;62,53,44,35,26,17,8,7,6,5,4,3,2,1,0,9,18,27,36,45,54,63,64,65,66
9,0,7,4;64,63,54,45,36,37,38,39,40;19,10,11,12,13,14,15,16,25,34,43,52,61,70,69,68,67,66;55,46,47,48,49,50,41,32,31,30,29,28,27,18,9,0,1,2,3,4,5,6,7,8,17,26,35,44,53,62,71,80,79,78,77,76,75;20,21,22,23,24,33,42,51,60,59,58,57,56,65,74,73,72
9,0,8,4;18,27,36,37,46,55,64,65,66,67,68,69,70,61,52,43,34,25,16;1,2,3,4,5,14,23,32,41,50,49,48,39,30,21,20,19,28;29,38,47,56,57,58,59,60,51,42,33,24,15,6,7,8,17,26,35,44,53,62,71,80,79,78,77,76,75,74,73,72,63,54,45;40,31,22,13,12,11,10,9,0
9,0,9,5;55,64,65,66,67,68,69,70,61,52,43,34,25,16,15,14,13,12,11,2,1,0;36,37,38,39,40,31,32;10,19,20,21,22,23,24,33,42,51,60,59,58,57,56;3,4,5,6,7,8,17,26,35,44,53,62,71,80,79,78,77,76,75,74,73,72,63,54,45,46,47,48,49,50,41;9,18,27,28,29,30
9,0,10,5;39,40,31,22,13,4,3,2,1,0,9,18,27,36,45,54,63,72,73,74,75,76,77,78,79,80,71,62,53,44,35,26;67,68,69,70,61,52,43,34,25,16;17,8,7,6,15,24,33,42,51,60,59,58,57,66,65,64,55,46,37,28,19,20;56,47,38,29,30,21,12,11,10;5,14,23,32,41,50,49,48
9,0,11,5;13,22,23,24,33,42,51,60,59,58,57,56;14,15,16,25,34,43,52,61,70,69,68,67,66,65,64,55,46,47,48;20,21,12,3,4,5,6,7,8,17,26,35,44,53,62,71,80,79,78,77,76,75,74,73,72,63,54,45;1,0,9,18,27,36,37,38,39,40,49;50,41,32,31,30,29,28,19,10,11,2
9,0,12,5;35,44,53,62,71,80,79,78,77,76,75,74,73,72,63,54,45,36,27,18,9,0,1,2,3,4,13,22,31,40;16,15,24,33,42,51,60,59,58,57,56,47,38,29,20,11,10;26,17,8,7,6,5,14,23,32;41,50,49,48,39,30,21,12;19,28,37,46,55,64,65,66,67,68,69,70,61,52,43,34,25
9,0,13,5;10,19,28,37,46,55,64,65,66,67,68;69,70,61,52,43,42,41;60,51,50,49,48,39,30,21,22,23,24,25,26,17,8,7,6,5,4,3,2,1,0,9,18;16,15,14,13,12,11,20,29,38,47,56,57,58,59;27,36,45,54,63,72,73,74,75,76,77,78,79,80,71,62,53,44,35,34,33,32,31,40
9,0,14,5;75,76,77,78,69,60,51,42,33,24,23,22,21,20;40,49,58,57,56,55,64,73,72;79,70,61,52,43,34,25,16,15,14,13,12,11,10,19,28;74,65,66,67,68,59,50,41,32,31,30,39,48,47,46,45,54,63;29,38,37,36,27,18,9,0,1,2,3,4,5,6,7,8,17,26,35,44,53,62,71,80
9,0,15,5;29,20,21,12,13,14,15,16,25,34,43,52,61,70,79,78,77,76,75,74,73,72;63,54,55,56,57,48,49,40;11,10,19,28,37,38,39,30,31,32,41,50,59,58,67,66,65,64;80,71,62,53,44,35,26,17,8,7,6,5,4,3,2,1,0,9,18,27,36,45,46,47;22,23,24,33,42,51,60,69,68
9,0,16,5;30,39,48,57,56,55,54,45,36,27,18,9,0,1,2,3,4,5,6,7,8;49,58,67,66,65,64,63,72;47,46,37,28,19,10,11,12,13,14,15,16,17,26,35,44,53,62,71,80,79,78,69,60,51,42,33,32,31;70,61,52,43,34,25,24,23,22,21,20,29,38;73,74,75,76,77,68,59,50,41,40
9,0,17,5;56,47,38,39,30,21,12,3;10,19,18,27,36,45,54,63,72,73,74,75,76,67,68,69,70,61,52,43,34,25,16,15,14,23,32,41,50;48,49,40,31,22,13,4,5,6,7,8,17,26,35,44,53,62,71,80,79,78,77;24,33,42,51,60,59,58;57,66,65,64,55,46,37,28,29,20,11,2,1,0,9
9,0,18,5;8,7,6,15,24,33,32,31,30;72,73,74,75,76,77,78,79,80,71,62,61,60,59,58,57,56,55,46,37,38,39,40,41,42,43,34,25,16,17;29,20,21,22,23,14,5,4,3,2,1,0,9,18,27,36,45,54,63,64,65,66,67,68,69,70;47,48,49,50,51,52,53,44,35,26;28,19,10,11,12,13
9,0,19,5;53,52,51,42,33,32,31,30;64,55,46,37,28,19,10,11,12,13,14,15,16,17,26,35;8,7,6,5,4,3,2,1,0,9,18,27,36,45,54,63,72,73,74,65,56,47,48,49,58,67,68,69,70,79;57,66,75,76,77,78;80,71,62,61,60,59,50,41,40,39,38,29,20,21,22,23,24,25,34,43,44
9,0,20,5;53,44,35,26,17,8,7,6,5,4,3,2,1,0,9,18,27,36,37,38,39,48;60,51,42,33,24,15,14,13,12;62,71,80,79,78,77,76,75,74,73,72,63,54,45,46,47,56,57,58,59,50,41,32,23,22,21,20,11;10,19,28,29,30,31,40,49;55,64,65,66,67,68,69,70,61,52,43,34,25,16
9,0,21,4;16,15,14,13,12,11,10,19,28,37,46,55,64,65,66,67,68,69,70,71,62;44,53,52,61,60,59,58,57,56,47,38,29,20,21;43,42,51,50,49,48,39,30,31,22,23,24,25,26,17,8,7,6,5,4,3,2,1,0,9,18,27,36,45,54,63,72,73,74,75,76,77,78,79,80;40,41,32,33,34,35
9,0,22,5;25,26,17,8,7,6,5,14,23,32,31,30,29,38,47,56,57,58,59,60;61,70,69,68,67,66,65,64,55,46,37,28,19,20,21,22,13,4,3,2,1,0;35,44,53,62,71,80,79,78,77,76,75,74,73,72,63,54,45,36,27,18,9,10,11,12;39,48,49,50,51,52,43,34;16,15,24,33,42,41,40
9,0,23,4;41,50,49,48,47,46,45,36,27,18,9,0,1,2,3,4,5,6,7,8;54,55,56,57,58,59,60,51,42,33,32,31,30,29,20,11,12,13,14,15,16,17,26,35,44,53,62,71,80,79,78,77,76,75,74,73,72;40,39,38,37,28,19,10;21,22,23,24,25,34,43,52,61,70,69,68,67,66,65,64,63
9,0,24,5;61,52,43,42,41,40,39,30;21,22,31,32,33,34,25,16,15,6,5,4,3,2,1,0,9,18,27,36,45,54,63,72,73,74,75,76;80,79,78,77,68,59,58,57,56,47,38,29,20;24,23,14,13,12,11,10,19,28,37,46,55,64,65,66,67;48,49,50,51,60,69,70,71,62,53,44,35,26,17,8,7
9,0,25,5;70,79,78,77,76,67,58,49,40;56,65,64,63,54,45,36,27,18,9,0,1,2,3,4,5,6,7,8,17,26,35,44,53;55,46,47,38,29,20,21,22,23,24,33,42,51,60,61,62,71,80;69,68,59,50,41,32,31,30,39,48,57,66,75,74,73,72;37,28,19,10,11,12,13,14,15,16,25,34,43,52
9,0,26,5;72,73,64,55,46,37,38,39,40;15,16,25,34,43,52,61,70,69,68,67,66,57,48,49,50,41,32,31,30,29;18,9,0,1,2,3,4,5,6,7,8,17,26,35,44,53,62,71,80,79,78,77,76,75,74,65,56,47;63,54,45,36,27,28,19,10,11,12,13,14;20,21,22,23,24,33,42,51,60,59,58
9,0,27,6;10,19,28,37,46,55,64,65,66,67,68,77;56,47,38,29,20,11,2,1,0,9,18,27,36,45,54,63,72,73,74,75,76;79,70,61,52,51,50,49,40;21,12,3,4,5,6,7,8,17,26,35,34,33;80,71,62,53,44,43,42,41,32,23,24,25;78,69,60,59,58,57,48,39,30,31,22,13,14,15,16
9,0,28,5;62,71,70,69,68,67,66,65,64,55,46,37,28;10,11,12,21,30,39,48,49,50,51;16,25,34,43,52,61,60,59,58,57,56,47,38,29,20,19,18,27,36,45,54,63,72,73,74,75,76,77,78,79,80;32,23,14,5,4,3,2,1,0,9;13,22,31,40,41,42,33,24,15,6,7,8,17,26,35,44,53
9,0,29,4;71,70,69,68,67,58,49,40;52,43,34,25,16,15,14,13,12,11,10,19,28,37,46,55,64,73,74;51,42,33,24,23,22,21,20,29,38,47,56,65;72,63,54,45,36,27,18,9,0,1,2,3,4,5,6,7,8,17,26,35,44,53,62,61,60,59,50,41,32,31,30,39,48,57,66,75,76,77,78,79,80
9,0,30,6;47,48,39,30,21,12,3,4,5,6,7,8,17,26,35,44,53,62,71;56,57,58,49,40,31,22,13,14,15,16;28,37,46,55,64,65,66,67,68,59,50,41;32,23,24,25,34,43,52,61,70,79,80;9,0,1,2,11,20,29,38;33,42,51,60,69,78,77,76,75,74,73,72,63,54,45,36,27,18,19,10
10,0,1,5;55,56,66,67,68,69;63,53,43,33,34,35,36;99,89,88,87,86,85,84,83,82,81,71,61,51,41,31,21,11,12,13,14,15,16,17,18,28,38,48;74,73,72,62,52,42,32,22,23,24,25,26,27,37;98,97,96,95,94,93,92,91,90,80,70,60,50,40,30,20,10,0,1,2,3,4,5,6,7,8,9,19,29,39,49,59,58,57,47,46,45,44,54,64,65,75,76,77,78,79
10,0,2,7;20,10,0,1,2,3,4,5,6,16,26,25,24,23,22;15,14,13,12,11,21,31,30,40,50,60,70,80,90,91,92,93;7,8,9,19,29,39,49,59,58,68,78,88,87,86,85;17,18,28,38,48,47,57,67,77,76,75,74,84,94,95,96,97,98,99,89,79,69;44,43,42,41,51,61;32,33,34,35,45,55,54,53,52,62,72,71;81,82,83,73,63,64,65,66,56,46,36,37,27
10,0,3,6;22,32,31,30,40,50,60,70,71,72,73,74,75,76,77,67,57,47,37,36,26,16,17,18;52,53,54,55,45,35,25,15,5,6,7,8,9,19,29,39,49,59,69,79,89,99,98,97,96,95,94,93,92,91,90;51,61,62,63,64,65,66,56,46;11,12,13,23,33,43,42,41;27,28,38,48,58,68,78,88,87,86,85,84,83,82,81,80;21,20,10,0,1,2,3,4,14,24,34,44
10,0,4,6;65,66,56,46,36,26,16,6,5,4,3,2,1,0,10,20,30,40,50,60,70,80,90,91,92,82,72,62,52;44,45,35,25,15,14,13,12,11,21,31;19,9,8,7,17,27,37,47,57,67,77,76,75,74,64,54,55;24,23,22,32,42,41,51,61,71,81;34,33,43,53,63,73,83,93,94,95,96,97,98,99,89,79,69,59,49,39,29;18,28,38,48,58,68,78,88,87,86,85,84
10,0,5,6;61,71,81,82,83,84,85,75;29,28,27,37,47,48,58,68;63,53,43,42,41,40,30,20,10,0,1,2,3,4,5,6,7,8,9;87,86,76,66,65,55,45,35,25,24,23,22;19,18,17,16,26,36,46,56,57,67,77,78,88;15,14,13,12,11,21,31,32,33,34,44,54,64,74,73,72,62,52,51,50,60,70,80,90,91,92,93,94,95,96,97,98,99,89,79,69,59,49,39,38
10,0,6,5;51,61,71,81,82,83,84,85,86,87,88,78,68,58,48,38,28,18,17,7,6;54,53,43,42,41,40,50,60,70,80,90,91,92,93,94,95,96,97,98,99,89,79,69,59,49,39,29,19,9,8;0,10,20,30,31,32,33,34,44,45,55,65,64,63;77,67,57,47,37,27,26,16,15,14,13,12;5,4,3,2,1,11,21,22,23,24,25,35,36,46,56,66,76,75,74,73,72,62,52
10,0,7,6;74,73,72,71,61,51,41,31,21,11,1;75,85,84,83,82,81,80,70,60,50,40,30,20,10,0;99,98,97,87,77,67,57,56,46,36,35;54,53,43,33,23,13,14,15,16,17,18,28,38,39,49,59,69,79;89,88,78,68,58,48,47,37,27,26,25,24,34,44,45,55,65,66,76,86,96,95,94,93,92,91,90;64,63,62,52,42,32,22,12,2,3,4,5,6,7,8,9,19,29
10,0,8,6;7,8,9,19,29,39,49,59,69,79,89,99,98,97,96,95,94,93,83,73,63,53,43;80,90,91,92,82,72,62,52,42,32,33,34,44,54,64,74,84,85,86,87,88,78,68,58,48,38,28,18,17;81,71,61,51,41,31,21,11,12,13,14,15;75,76,77,67,57,47,37,27;22,23,24,25,35,45,55;65,66,56,46,36,26,16,6,5,4,3,2,1,0,10,20,30,40,50,60,70
10,0,9,5;9,19,18,28,38,48,58,68,78,88,87,86,85,84,83,82,81;8,7,17,27,37,47,57,67,77,76,75,74,73,72,71,61,51;10,0,1,2,3,4,5,6,16,26,36,46,56,66,65,64,63,62,52,42,41,40,50,60,70,80,90,91,92,93,94,95,96,97,98,99,89,79,69,59,49,39,29;20,30,31,32,33,43,53,54,55,45,35,25,15,14,13,12,11;21,22,23,24,34,44
10,0,10,5;22,23,24,25,26,27,37,47,57,67,77,76,75,74,73,63,62,61,71,81;65,55,45,44,43,42,41,40;21,11,12,13,14,15,16,17,18,28,38,48,58,68,78,88,87,86,85,84,83,82,72;66,56,46,36,35,34,33,32,31;30,20,10,0,1,2,3,4,5,6,7,8,9,19,29,39,49,59,69,79,89,99,98,97,96,95,94,93,92,91,90,80,70,60,50,51,52,53,54,64
10,0,11,5;79,89,99,98,97,96,95,94,93,92,91,90,80,70,71,72,73,74,75,76,77,67,57,58,48,38,28,18,17,16,15,14,24,34,44,43,42,32,22,12,11,10;25,26,27,37,47,46,56,66,65,64,63,62,61,60,50,40,30,20;81,82,83,84,85,86,87,88,78,68,69,59,49,39,29,19,9,8,7,6,5,4;36,35,45,55,54,53,52,51,41,31,21;33,23,13,3,2,1,0
10,0,12,6;48,47,46,56,55,54;62,52,42,32,22,23,24,25,26,27,28,29,19,9;57,67,66,65,64,63,53,43,44,45;8,7,6,5,4,3,2,1,0,10,20,30,40,50,60,70,80,90,91,92,93,94,95,96,97,98,99,89,79,69,59,49,39,38,37,36,35,34,33;18,17,16,15,14,13,12,11,21,31,41,51,61,71,72,73,74,75,76,77;81,82,83,84,85,86,87,88,78,68,58
10,0,13,6;47,37,27,28,29,39,49,59,69,79,89,99,98,97,96,95,94,93,92,91,90,80,70,60,50,40,30,20,21,22,32,42,52,62,63,64,54,44,34,24,14,4,3,2,1,0;77,76,75,74,73,72,71,61,51,41,31;19,18,17,16,26,36,46,56,57;81,82,83,84,85,86,87,88,78,68,58,48,38;10,11,12,13,23,33,43,53;9,8,7,6,5,15,25,35,45,55,65,66,67
10,0,14,6;24,25,26,16,6,5,4,3,2,1,0,10,20,30,40,50,60,70,80,90,91,92,93,94,95,96,97,98,99,89,79,69;45,46,47,48,38,28,18,8,9;11,21,31,41,51,61,71,81,82,83,84,85,86,87,88,78,68;15,14,13,23,33,43,53,63,64,65;19,29,39,49,59,58,57,67,77,76,75,74,73,72,62,52,42,32,22,12;66,56,55,54,44,34,35,36,37,27,17,7
10,0,15,7;76,66,56,46,36,35,34,33,32,22,21,11;48,58,68,78,88,98,97,96,95,94,93;90,91,81,71,72,73,74,64,54,53,52,51,50,40,30,20,10,0,1,2,3,4,14,15,16,17,18;12,13,23,24,25,26,27,28,29,19,9,8,7,6,5;75,65,55,45,44,43,42,41,31;99,89,79,69,59,49,39,38,37,47,57,67,77,87,86,85,84,83,82,92;80,70,60,61,62,63
10,0,16,7;56,55,54,53,43,33,34,35,36,26,16,6,5,4,14,13,12,11,21,31,41,51,61,71,81;74,75,76,77,78,68,58,48,38,28,18;8,9,19,29,39,49,59,69,79,89,88,87,86,85,84;3,2,1,0,10,20,30,40,50,60,70,80,90,91,92,82,72,62,52;42,32,22,23,24,25,15;7,17,27,37,47,46,45,44;99,98,97,96,95,94,93,83,73,63,64,65,66,67,57
10,0,17,6;87,88,78,68,58,48,38,28,18,17,16,15,14,4,3,2,1;66,56,46,36,35,34,33,32,22,21,20,30,40;72,62,63,64,54,44,43,42,41,31;73,74,75,65,55,45;0,10,11,12,13,23,24,25,26,27,37,47,57,67,77,76,86,85,84,83,82,81,71,61;5,6,7,8,9,19,29,39,49,59,69,79,89,99,98,97,96,95,94,93,92,91,90,80,70,60,50,51,52,53
10,0,18,6;98,97,96,95,94,93,92,91,90,80,70,60,50,40,30,20,10,0,1,2,3,4,5,6,7,8,9,19,29,39,49,59,69,68,67,66,65,55;45,46,56,57,58,48,38,28,18,17,16,15,14,13,12,22,32,42;36,35,34,44,54,64,63,73;88,87,86,85,84,83,82,81,71,61,51,41,31,21,11;47,37,27,26,25,24,23,33,43,53,52,62,72;99,89,79,78,77,76,75,74
10,0,19,5;33,43,53,63,64,65,55,45,46,47,48;16,15,14,13,12,11,21,31,41,51,61,71,81,82,83,84,85,86,87,88,78;18,28,38,37,36,35,34,44,54;66,56,57,58,59,49,39,29,19,9,8,7;17,27,26,25,24,23,22,32,42,52,62,72,73,74,75,76,77,67,68,69,79,89,99,98,97,96,95,94,93,92,91,90,80,70,60,50,40,30,20,10,0,1,2,3,4,5,6
10,0,20,5;89,79,78,77,76,75,74,64,54,55,56,46,36,35,34,33,32,42,52,62,72,82,92,93,94,95,96,97;91,90,80,70,60,50,40,30,20,10,11,12,13,14,15,16,17,18,28,38,48,58;57,47,37,27,26,25,24,23,22,21,31,41,51,61,71,81;45,44,43,53,63,73,83,84,85,86,87,88,98,99;65,66,67,68,69,59,49,39,29,19,9,8,7,6,5,4,3,2,1,0
10,0,21,7;27,26,36,46,56,55,54,44,34,33,32,31,30,20,10,0,1,2,3,4,5,6,7,8,9,19,29,39,49,59,69,79;22,23,24,25,35,45;63,73,74,75,76,77,78,68,58,48,38,28,18,17,16,15,14,13,12,11,21;88,87,86,85,84,83,82,72,62,52,51;53,43,42,41,40,50,60,70,80,90;64,65,66,67,57,47,37;61,71,81,91,92,93,94,95,96,97,98,99,89
10,0,22,5;68,58,48,38,37,27,26,25,24,23,22,32,42,52,62,72;88,78,77,67,57,47,46,36,35,34,33;69,59,49,39,29,19,9,8,7,6,5,4,3,2,1,0,10,20,30,40,50,60,70,80,90,91,92,93,94,84,74,64,54;79,89,99,98,97,96,95,85,75,65;28,18,17,16,15,14,13,12,11,21,31,41,51,61,71,81,82,83,73,63,53,43,44,45,55,56,66,76,86,87
10,0,23,6;26,25,24,23,33,32,31,21,11,1,2,3,4,5;17,27,37,36,35,34,44,54,55,56,66,76,75,74,73,72,62,52,51,50,60,70,80,90,91,92,93,94,95,96,97,98,99,89,79,69,59;77,67,57,47,46,45;65,64,63,53,43,42,41,40,30,20,10,0;22,12,13,14,15,16,6,7,8,9,19,29,39,49;18,28,38,48,58,68,78,88,87,86,85,84,83,82,81,71,61
10,0,24,7;17,27,26,25,24,23,22,32,42,52,62,72;64,54,44,45,46,47,48,38,28,18;16,15,14,13,12,11,21,31,41,51,61,71,81,82,83,84,85,75;59,69,79,89,99,98,97,87,77,67,66,65;88,78,68,58,57,56,55;74,73,63,53,43,33,34,35,36,37;76,86,96,95,94,93,92,91,90,80,70,60,50,40,30,20,10,0,1,2,3,4,5,6,7,8,9,19,29,39,49
10,0,25,6;80,90,91,92,93,94,95,96,97,98,99,89,79,69,59,49,39,38,37;3,2,1,0,10,20,30,40,50,60,70,71,81,82,83,84,85,86,87,88,78,68,58,48,47,46,45;8,7,6,5,4,14,13,12,22,32,42,52,53,63,64,65,66;9,19,29,28,27,26,36,35,34;43,44,54,55,56,57,67,77,76,75,74,73,72,62,61,51,41,31,21,11;18,17,16,15,25,24,23,33
10,0,26,5;55,65,75,76,77,78,88;81,71,72,62,52,42,32,22,23,24,25,26,27,28,38,48,58,57,56,46,45,44,54,64,74,84,85,86,87,97,98,99,89,79;18,17,16,15,14,13,12,11,21,31,41,51,61,60,70,80,90,91,92,93,94,95,96;82,83,73,63,53,43,33,34,35,36,37,47;66,67,68,69,59,49,39,29,19,9,8,7,6,5,4,3,2,1,0,10,20,30,40,50
10,0,27,6;82,72,62,52,42,32,33,34,35,36;14,13,12,11,10,20,30,40,50,60,70,80,90,91,92,93,94,95,96,97;99,98,88,87,86,85,84,83,73,63,53,43,44,45,46,47,37,27,26,25,24,23,22,21,31,41,51,61,71,81;75,74,64,54,55,56,57,67,68,69,59,49,39,29,19,9,8,7,6,5,4,3,2,1,0;89,79,78,77,76,66,65;58,48,38,28,18,17,16,15
10,0,28,6;88,78,77,67,57,47,37,27,26,25,24,23,22,32,42;74,84,94,95,96,97;71,61,51,41,31,21,11,12,13,14,15,16,17,18,28,38,48,58,68;90,91,92,93,83,73,63,64,54;76,66,56,46,36,35,34,33;98,99,89,79,69,59,49,39,29,19,9,8,7,6,5,4,3,2,1,0,10,20,30,40,50,60,70,80,81,82,72,62,52,53,43,44,45,55,65,75,85,86,87
10,0,29,6;81,82,83,84,74,64,54,44;70,71,72,73,63,53,52,42,32,22,23,24,25,26,36,46,56,66,76,86,96,97,98,99;78,68,58,48,38,39,29,19,9,8,7,6,5,4,3,2,1,0,10,20,30,40,50,60,61,62;18,17,16,15,14,13,12,11,21,31,41,51;43,33,34,35,45,55,65,75,85,95,94,93,92,91,90,80;49,59,69,79,89,88,87,77,67,57,47,37,27,28
10,0,30,6;53,52,51,41,31,21,11,12,13,14,15,16,17,18,28;36,46,47,48,49,59,69,79,89,99,98,97,96,95,85,84,83,82,72;78,88,87,86,76,75,74,73,63,62,61,71,81;42,32,22,23,24,25,26,27,37,38,39,29,19,9,8,7,6,5,4,3,2,1,0,10,20,30,40,50,60,70,80,90,91,92,93,94;34,35,45,55,56,57,58,68;33,43,44,54,64,65,66,67,77
11,0,1,7;25,24,23,34,45,56,67,78,89,100,101,102,103,104;0,1,2,3,4,15,26,37,36,35,46,57,68,79,90,91,92,93,82,71,72,73,84,95,96;83,94,105,106,107,108,97,86,87,76,65,54,43,32,21,20,19,18,17,28,39;80,81,70,59,60,61,62,63,52,41;69,58,47,48,49,38,27,16,5,6,7,8,9,10;98,109,120,119,118,117,116,115,114,113,112,111,110,99,88,77,66,55,44,33,22,11,12,13,14;85,74,75,64,53,42,31,30,29,40,51,50
11,0,2,6;97,96,95,94,83,72,61,60;74,63,52,41,40,39,38,37,36;3,4,5,6,7,8,9,10,21,32,43,54,65,76,87,98,109,120,119,118,117,116,115,114,103,92,81,80,69;47,58,59,70,71,82,93,104,105,106,107,108;101,100,89,78,67,56,45,34,23,12,13,14,15,16,17,18,19,20,31,42,53,64,75,86,85,84,73,62,51,50,49,48;2,1,0,11,22,33,44,55,66,77,88,99,110,111,112,113,102,91,90,79,68,57,46,35,24,25,26,27,28,29,30
11,0,3,7;103,104,105,106,107,108,97,86,75,64;51,62,73,84,83,82,81,80,69,58,47,36;20,31,42,53,52,63,74,85,96,95,94,93,92,91,102;89,78,77,66,55,44,33,22,11,0,1,2,3,4,5,6,7,18,29;60,49,38,27,16,15,14,13,12,23,34,45,56,67;40,41,30,19,8,9,10,21,32,43,54,65,76,87,98,109,120,119,118,117,116,115,114,113,112,111,110,99,88;100,101,90,79,68,57,46,35,24,25,26,37,48,59,70,71,72,61,50,39,28,17
11,0,4,6;12,23,34,35,36,37,48,49,50,51,62,73,84;110,111,112,113,102,91;0,11,22,33,44,55,66,77,88,99,100,101,90,79,80,81,92,103,114,115,116,117,118,119,120,109,98,87,76,65,54,43,32,21,10,9,8,7,6,5,4;89,78,67,56,45,46,47,58,59,60,61,72,83,94,95,96,85,74,63,52,41,30,29,28;57,68,69,70,71,82,93,104,105,106,107,108,97,86,75,64,53,42,31,20,19,18,17,16,15,14,3,2,1;40,39,38,27,26,25,24,13
11,0,5,6;12,23,34,45,56,67,78,89,100,101,102,103,104,105,106,107,108,97,86,75,64,65;39,50,61,72,71,70;42,41,40,51,62,73,84,83,82,81,80,69,58,59,60,49,38,37,36,35,24,13,2,1,0,11,22,33,44,55,66,77,88,99,110,111,112,113,114,115,116,117,118,119,120,109,98,87,76;21,10,9,8,7,6,5,4,3,14,25,26,27,28,29,30;43,32,31,20,19,18,17,16,15;48,47,46,57,68,79,90,91,92,93,94,95,96,85,74,63,52,53,54
11,0,6,7;108,97,86,75,64,53,52,51;40,41,42,43,54,65,76,87,98,109,120,119;4,3,14,13,12,23,34,45,56,67,78,89,100,101,102,103,104,105,106,95,84,73;15,26,25,24,35,46,57,68,79,90,91,92,93,94;36,47,58,69,80,81,82,83,72,61,62,63,74,85,96,107,118,117,116,115,114,113,112,111,110,99,88,77,66,55,44,33,22,11,0,1,2;60,49,50,39,28,29,30,31,32,21,10,9,8,7,6,5;20,19,18,17,16,27,38,37,48,59,70,71
11,0,7,7;30,29,28,39,50,61,60;90,79,68,57,46,35,24,25,26,15,4,5,6,7,8,9,10,21,32,43,54,65,64,63,52;41,40,51,62,73,74,75,76,87,98,109,120,119,118,117,116,115,114,113,112,111,110,99,88,77,66,55,44,33,22,11,0,1,2,3,14;13,12,23,34,45,56,67,78,89,100,101,102;71,72,83,84,85,86,97,108,107,106,105,104;103,92,91,80,69,58,47,36,37,38,27,16,17,18,19,20,31,42,53;96,95,94,93,82,81,70,59,48,49
11,0,8,7;42,31,30,29,28,27,26,25,24,35,46,57,68,79,90,91,92;105,116,115,114,113,112,111,110,99,88,77,66,55,44,33,22,11,0,1,2,3,4,5,6,7,8,9,10,21,32,43,54,53,52,41,40,39,38,37,48,59,70;96,85,84,73,72,61;20,19,18,17,16,15,14,13,12,23,34,45,56,67,78,89,100,101,102,103,104,93;83,94,95,106,117,118,119,120,109,98,87,76,65,64;107,108,97,86,75,74,63,62,51,50,49,60,71;36,47,58,69,80,81,82
11,0,9,6;14,13,12,23,34,45,56,67,78,89,100,101,102,103,104,105,106,107,108,97,86,75,76,65,54,43,42,41,52;50,39,28,17,18,19,20;61,72,71,70,59,48,37,26,15,4,3,2,1,0,11,22,33,44,55,66,77,88,99,110,111,112,113,114,115,116,117,118,119,120,109,98,87;53,64,63,62,73,84,83,82,81,80,69,58,47,36;74,85,96,95,94,93,92,91,90,79,68,57,46,35,24,25;51,40,29,30,31,32,21,10,9,8,7,6,5,16,27,38,49,60
11,0,10,6;55,44,33,22,11,0,1,2,3,4,5,6,7,18,29,40,51,62,73;12,23,34,45,46,47,58,69,80,91,90;93,92,81,70,59,48,37,36,35,24,13,14,15,16,17,28,39,50,61,72;25,26,27,38,49,60,71,82,83,84;56,67,66,77,88,99,110,111,112,113,114,115,116,117,118,119,120,109,98,87,76,65,54,43,32,21,10,9,8,19,30,41,52,63,74,85,96,95,94;20,31,42,53,64,75,86,97,108,107,106,105,104,103,102,101,100,89,78,79,68,57
11,0,11,7;45,44,33,22,11,0,1,2,3,4,5,6,7,18,29;36,37,48,59,60,61,62,63,64,75,86,97,108,107,106,105,104,103,92;73,74,85,96,95,94,93,82,81,80,91,102;84,83,72,71,70,69,58,47,46;101,90,79,68,57,56,55,66,77,88,99,110;35,24,25,26,27,38,49,50,51,52,53,42,31,20;67,78,89,100,111,112,113,114,115,116,117,118,119,120,109,98,87,76,65,54,43,32,21,10,9,8,19,30,41,40,39,28,17,16,15,14,13,12,23,34
11,0,12,7;73,84,83,82,81,70,59,60;17,16,15,14,13,12,23,34,45,56,67,78,89,100,101,102,113,114,115,116,117,118,119,120,109,98,87,76,75,74,85,96,95,94,93;86,97,108,107,106,105,104,103,92,91,90,79,68,57,46;71,72,61,62,63,52,53,42,31,20;51,50,49,48,47,58,69,80;35,24,25,26,27,28,29,18,7,6,5,4,3,2,1,0,11,22,33,44,55,66,77,88,99,110,111,112;36,37,38,39,40,41,30,19,8,9,10,21,32,43,54,65,64
11,0,13,7;10,21,32,43,42,41,40;85,96,95,94,93,92,91,90,79,68,57,46,35,24;65,54,53,52,51,50,39,28,29,30,31,20,9,8,7,6,5,4,3,2,1,0,11,22,33,44,55,66,77,88,99,110,111,112,113,114,115,116,117,118,119,120;86,97,108,107,106,105,104,103,102,101,100,89,78,67,56,45,34,23;64,63,62,61,72,71,70,59,48,37,26,15;60,49,38,27,16,17,18,19;12,13,14,25,36,47,58,69,80,81,82,83,84,73,74,75,76,87,98,109
11,0,14,6;48,59,70,71,72,73,84,95;83,82,81,80,69,58,47,36,37,26,27,16,17,18,19,20;38,49,60,61,62,63,74,85,96;15,4,5,6,7,8,9,10,21,32,31,30,29,28;94,93,92,91,90,79,68,57,46,35,24,25,14,3,2,1,0,11,22,33,44,55,66,77,88,99,110,111,112,113,114,115,116,117,118,119,120,109,98,87,76,65,54,43,42,41,40;13,12,23,34,45,56,67,78,89,100,101,102,103,104,105,106,107,108,97,86,75,64,53,52,51,50,39
11,0,15,8;88,77,66,55,44,45,34,23,12,13;48,49,38,27,16,5,6,7,8,9,10,21,32,43,54,65,76,87,98,109,120,119,118,117,116,115,114,113;100,89,78,67,56,57,46,35,24,25,14;60,59,58,47,36,37,26,15,4,3,2,1,0,11,22,33;63,74,85,96,95,94,93,92,103,102;104,105,106,107,108,97,86,75,64,53,52,41;79,68,69,70,71,72,61,50,39,28,17,18,19,20;99,110,111,112,101,90,91,80,81,82,83,84,73,62,51,40,29,30,31,42
11,0,16,7;80,91,102,113,112,111,110,99,88,77,66,55,44,45,46,47;60,71,70,69,68,79,90,101,100;3,2,1,0,11,22,33,34,35,36,37,38,39,40,51,62,73,84;24,25,26,27,28,29,30,41,52,63,74,85,96,95,94,83,72,61,50,49;92,103,114,115,116,117,118,119,120,109,98,87,76,65,54,43,32,21,10,9,8,7,6,5,4;81,82,93,104,105,106,107,108,97,86,75,64,53,42,31,20,19,18,17,16,15,14,13,12,23;89,78,67,56,57,58,59,48
11,0,17,7;33,22,11,0,1,2,13,24,35,46,57,68,69,70,71,72,61,62;60,49,38,39,40,41,42,53,64,75,86,97,108,107,106,105,104,103,102,101,100;85,96,95,94,93,92,91,90,89,78,67,56,45,34,23,12;15,16,17,18,19,8,9,10,21,32,43,54,65,76,87,98,109,120,119,118,117,116,115,114,113,112,111,110,99,88,77,66,55,44;58,47,36,25,14,3,4,5,6,7;50,51,52,63,74,73,84,83,82,81,80,79;20,31,30,29,28,27,26,37,48,59
11,0,18,7;70,81,92,93,94,95,96,97,86,75,64,53,42,31,20,19,8;12,13,14,15,16,17,28,39,40,51,62,73,72;67,56,45,34,23,24,25,26,27,38,49,50;100,101,102,103,104,105,106,107,108,109,98,87,76,65,54,43,32,21,10,9;120,119,118,117,116,115,114,113,112,111,110,99,88,89,90,91,80,69,58,47,46;71,82,83,84,85,74,63,52,41,30,29,18,7,6,5,4,3,2,1,0,11,22,33,44,55,66,77,78,79,68,57;35,36,37,48,59,60,61
11,0,19,7;107,108,97,86,75,64,53,42,31,30,29,28,27,26,25,24,35;51,62,73,84,83,94,105,116,117,118,119,120,109,98,87,76,65,54,43,32,21,10,9,8,7,6,5,4,3,2,1,0,11,22,33,44,55,66,77,88,99,110,111,112;36,37,38,49,60,61;115,104,93,82,81,80,69,58;113,114,103,92,91,90,79,68,57,46,47,48,59,70,71,72;50,39,40,41,52,63,74,85,96,95,106;20,19,18,17,16,15,14,13,12,23,34,45,56,67,78,89,100,101,102
11,0,20,7;36,47,58,69,80,91,92,93;109,98,97,96,95,94,83,82,81,70,59,48,37,38,39,40,51,52;64,53,42,31,20,19,18,17,16,15;118,117,116,115,114,113,112,111,110,99,88,77,66,55,44,33,22,11,0,1,2,3,4,5,6,7,8,9,10,21,32,43,54,65,76,75,74,63,62,61,50;49,60,71,72,73,84,85,86,87;120,119,108,107,106,105,104,103,102,101,100,89,78,67,56,45,34,23,12,13,14;90,79,68,57,46,35,24,25,26,27,28,29,30,41
11,0,21,7;10,9,8,19,30,41,52,51,50,49,48,37,26;32,43,54,65,76,75,74,73,72,71;12,23,34,45,56,67,78,89,100,101,102,103,104,105,106,107,108,109,98;25,36,47,58,69,80,81,82,83,84,85;120,119,118,117,116,115,114,113,112,111,110,99,88,77,66,55,44,33,22,11,0,1,2,3,4,5,6,7,18,29,40,39,38,27;70,59,60,61,62,63,64,53,42,31,20,21;28,17,16,15,14,13,24,35,46,57,68,79,90,91,92,93,94,95,96,97,86,87
11,0,22,8;83,84,95,96,97,98,109,120,119,118,117,116;90,79,68,57,58,47,36,37;94,93,92,91,80,69,70,59,48,49,38,39;22,11,0,1,2,3,4,5,6,7,8,9,20,31,42,53,64,75,74;72,73,62,63,52,41,30,19,18,17,16,15,14,13,12,23,34,33,44,55,66,77,88,99,110,111,112,113,114,115;108,107,106,105,104,103,102,101,100,89,78,67,56,45,46,35,24,25,26,27,28;29,40,51,50,61,60,71,82,81;85,86,87,76,65,54,43,32,21,10
11,0,23,7;70,71,72,61,50,39,28;17,18,19,20,31,42,41,52,63,74,85,96,95,94,93,92,91,90,79;30,29,40,51,62,73,84,83,82,81,80,69,68,57,56,45,34,33;12,13,14,25,36,37,48;58,47,46,35,24,23,22,11,0,1,2,3,4,15,26;59,60,49,38,27,16,5,6,7,8,9,10,21,32,43,54,65,76,87,98,109,120,119,118,117,116,115,114,113,112,111,110,99,88,77,66,55,44;53,64,75,86,97,108,107,106,105,104,103,102,101,100,89,78,67
11,0,24,6;92,91,80,69,58,47,36,37,38,39,40,41;83,84,95,106,117,116,115,114,113,112,111,110,99,88,77,66,55,44,33,22,11,0,1,2,3,4,5,6,7,8,9,10;108,97,86,75,64,63,62,61;93,82,81,70,59,48,49,50,51,52,53,42,31;30,29,28,27,26,25,24,35,46,57,68,79,90,101,102,103,104,105,94;60,71,72,73,74,85,96,107,118,119,120,109,98,87,76,65,54,43,32,21,20,19,18,17,16,15,14,13,12,23,34,45,56,67,78,89,100
11,0,25,7;12,23,34,45,56,67,78,89,90,91,92,93,94,95,84,73,62,63,64,65,54,43,32,21,10,9;70,69,58,47,36,25,26,27;52,53,42,31,30,29,28,39,38,49;83,72,61,50,51,40,41;86,97,108,119,118,117,116,115,114,113,112,111,110;20,19,18,17,16,15,14,13,24,35,46,57,68,79,80,81,82,71,60,59,48,37;8,7,6,5,4,3,2,1,0,11,22,33,44,55,66,77,88,99,100,101,102,103,104,105,106,107,96,85,74,75,76,87,98,109,120
11,0,26,6;40,39,38,37,36,47,58;84,95,106,105,104,103,102,101,100,99,110;56,45,34,23,12,13,14,15,16,17,18,19,20,31,42,53,64,75,86,97,108,119;57,68,69,70,59,48,49,50,51,62,73,72,83,94,93,92,91,90,89,88,77,66,55,44,33,22,11,0,1,2,3,4,5,6,7,8,9,10,21,32,43,54,65,76,87,98,109,120;46,35,24,25,26,27,28,29,30,41,52,63,74,85,96,107,118,117,116,115,114,113,112,111;61,60,71,82,81,80,79,78,67
11,0,27,7;56,45,34,23,12,13,14,3,4,5,6,7,8,9,10,21,32,43,54,65,76,87,98,109,120,119,118,117,116,115,114,113,102;100,89,90,91,92,93,94,95,96,85,74,63,52,41,40,39,38,37,36,47;27,28,29,30,31,42,53,64,75,86,97,108,107,106,105,104,103;25,26,15,16,17,18,19,20;2,1,0,11,22,33,44,55,66,67,68,69,70,71;101,112,111,110,99,88,77,78,79,80,81,82,83,84,73,62,51,50,49,48;72,61,60,59,58,57,46,35,24
11,0,28,5;117,116,115,114,103,102,101,100,89,78,67,56,45,34,23,12,13,14,15,16,17;10,9,8,19,30,41,52,51,50,49,48,59,70,71,72,73,74,75,76,65,54,43,32;40,39,38,37,36,47,58,69,80,81,82,83,94,95,96,97,108;21,20,31,42,53,64,63,62,61,60;84,85,86,87,98,109,120,119,118,107,106,105,104,93,92,91,90,79,68,57,46,35,24,25,26,27,28,29,18,7,6,5,4,3,2,1,0,11,22,33,44,55,66,77,88,99,110,111,112,113
11,0,29,8;109,98,87,76,65,64,63,62,61;118,117,116,115,114,113,112,111,100,89,78,67,56,45,34,23,12,13,14,25,36,37,48,59,70,81,82,83,84,85,96;97,86,75,74,73,72,71,60;120,119,108,107,106,105,104,103,102,101,90,79,68,57;30,29,18,7,6,5,4,3,2,1,0,11,22,33,44,55,66,77,88,99,110;8,19,20,31,42,41,40,39,28,17,16;15,26,27,38,49,50,51,52,53,54,43,32,21,10,9;24,35,46,47,58,69,80,91,92,93,94,95
11,0,30,8;23,24,25,36,47,58,69,80,81,92,93;83,72,61,60,49,38,27,16,17,18,19,20,21,32,43,54,65,76,87,98,109,120,119,118,117;51,62,73,84,95,94,105,116,115,114,113,112,111,110,99,88,77,66,55,44;96,85,74,63,52,41,40,39,50;10,9,8,7,6,5,4,3,2,1,0,11,22,33,34,35,46,57,68,79,90,91;28,29,30,31,42,53,64,75,86,97,108,107,106;12,13,14,15,26,37,48,59,70,71,82;45,56,67,78,89,100,101,102,103,104
12,0,1,8;27,28,29,30,42,54,55;72,84,96,108,120,132,133,134,135,136,137,138,139,140,141,142,143,131,119,107,95,83,71,59,47,35,23,11,10,9,8,20,32,33,45,57,56;97,109,110,111,112,113,114,115,116,117,105,93,81,69,70,58,46,34,22,21;121,122,123,124,125,126,127,128,129,130,118,106,94,82;91,79,78,77,76,64,63,62,50,49,37,25,13;40,41,53,65,66,67,68,80,92,104,103,102,101,100,99,98,86,85;90,89,88,87,75,74,73,61,60,48,36,24,12,0,1,2,3,4,5,6,7;44,43,31,19,18,17,16,15,14,26,38,39,51,52
12,0,2,10;140,128,129,130,118,106,94,82,70,58,57,56,55,54,66,78,77,76,88,100,112,111,110;28,16,4,5,6,7,8,9,10,11,23,35,47,59,71,83,95,107,119,131,143,142,141;52,51,50,38,26,14,13;73,72,60,48,36,24,12,0,1,2,3,15,27,39,40;139,127,115,116,117,105,93,81,69,68,67,79,91,90,89,101,113,125,124,123,122,121;120,132,133,134,135,136,137,138,126,114,102,103,104,92,80;33,32,31,19,18,17,29;20,21,22,34,46,45,44,43,42,30;41,53,65,64,63,75,87,99,98,97,109;108,96,84,85,86,74,62,61,49,37,25
12,0,3,9;86,87,88,89,101,102,103,104,116,117;105,106,118,130,129,128,127,126,125,124,123,122;13,14,15,16,17,5,6,7,8,9,10,11,23,35,47,59,71,83,95,94;74,75,76,77,78,90,91,92,93,81,82,70,58,46,34,22,21,20,19,18,30,29,28,27,26,25,24,12,0,1,2,3,4;107,119,131,143,142,141,140,139,138,137,136,135,134,133,121,109,110,111;54,53,52,51,50,49,61,73,85,97,98,99,100,112,113,114,115;44,56,55,67,66,65,64,63,62;32,31,43,42,41,40,39,38,37,36,48,60,72,84,96,108,120,132;33,45,57,69,68,80,79
12,0,4,8;69,70,71,59,47,35,23,11;57,58,46,34,22,10,9,8,7,6,5,4,3,2,1,0,12,24,36,48,60,72,84,96,108,120,132;54,53,52,64,76,88,100,112,124,123,122,110,98,86,74,62,50,38,26,27,28,29,30,31,32,44,45;138,139,140,141,142,143,131,119,107,95,83,82,81,80,68,56;78,90,102,103,104,105,106,118,130,129,128,127,126,125,137,136,135,134,133,121,109,97,85,73,61,49,37,25,13,14,15,16,17,18,19,20,21,33;55,43,42,41,40,39,51,63,75,87,99,111;117,116,115,114,113,101,89,77,65,66;94,93,92,91,79,67
12,0,5,6;101,100,99,87,75,63,51,39,40,41,42,43,44,56,57,69;71,59,47,35,23,11,10,9,8,7,6,5,4,3,2,1,0,12,24,36,48,60,72,84,96,108,120,132,133,134,135,136,137,138,139,140,141,142,143,131,119,107,95,94,93,92,91,79,78;117,116,115,114,113,112,111,110,98,86,74,62,50,38,26,27,28,29,30,31,32,33,45;88,76,64,52,53,54,55;106,118,130,129,128,127,126,125,124,123,122,121,109,97,85,73,61,49,37,25,13,14,15,16,17,18,19,20,21,22,34,46,58,70;105,104,103,102,90,89,77,65,66,67,68,80,81,82,83
12,0,6,9;64,52,40,28,27,26,38,50,62,74;88,87,86,98,110,122,134,135,136,137,138,139,127,128,129;102,90,78,66,54,55,56,57,45,33,32,31,30,29;93,94,95,83,71,59,47,35,23,11,10,9,8,7,6,5,4,3,2,1,0,12,24,36,48,60,72,84,96,108,120,132,133;100,99,111,123,124,125,126,114;121,109,97,85,73,61,49,37,25,13,14,15,16,17,18,19,20,21,22,34,46,58,70,82,81,80,92,104,105,106,107,119,131,143;44,43,42,41,53,65;39,51,63,75,76,77,89,101,113,112;69,68,67,79,91,103,115,116,117,118,130,142,141,140
12,0,7,7;121,122,123,124,125,126,127,115,103,91,79,80;97,96,84,72,60,48,36,24,12,0,1,2,3,4,5,6,7,8,9,10,11,23,35,34,33;117,105,106,94,82,70,58,57,56,55,43,42,41,40,39,51,63,75,74,86,98,99,100,101,89,77,65;62,50,38,26,27,28,29,30,31,32,44,45,46,47,59,71,83,95,107,119,131,143,142,141,140,139,138,137,136,135,134,133,132,120,108,109,110,111,112,113,114,102,90,78;87,88,76,64,52,53,54,66;67,68,69,81,93,92,104,116,128,129,130,118;85,73,61,49,37,25,13,14,15,16,17,18,19,20,21,22
12,0,8,7;114,113,112,100,99,87,75,63,51,39,40,41,42,43,44;137,125,124,123,122,121,109,97,85,73,61,49,37,25,13,14,15,16,17,18,19,20,21,22,34,46,58,70,82,94,106,118,130;92,104,116,128,140,139,138;136,135,134,133,132,120,108,96,84,72,60,48,36,24,12,0,1,2,3,4,5,6,7,8,9,10,11,23,35,47,59,71,83,95,107,119,131,143,142,141,129,117,105,93,81,80,79,67,66,65;77,78,90,91,103,115,127,126;102,101,89,88,76,64,52,53,54,55,56,68,69;111,110,98,86,74,62,50,38,26,27,28,29,30,31,32,33,45,57
12,0,9,8;112,113,114,115,116,117,105,93,81,69,57,45,33,32,31,30;111,123,124,125,126,127,128,129,130,118,106,94,82,70,58,46,34,22,21,20,19,18,17,29,41;25,24,36,48,60,72,73,74,75,76,77,78,66,54;55,67,79,91,90,89,88,87,86,85,97,109,121;39,27,15,3,2,1,0;42,43,44,56,68,80,92,104,103,102,101,100,99,98,110,122;37,49,61,62,63,64,65,53;84,96,108,120,132,133,134,135,136,137,138,139,140,141,142,143,131,119,107,95,83,71,59,47,35,23,11,10,9,8,7,6,5,4,16,28,40,52,51,50,38,26,14,13,12
12,0,10,7;0,12,24,36,48,60,72,84,96,108,120,132,133,134,122,110,98,99,100,101,89,77,78;112,124,125,126,127,128,129,130,118,106,94,82,70,58,46,34,22,21,20,19,18,17,16,15,14,26,38,50,62;53,65,66,67,79,91,90,102,114,113;103,104,92,80,68,56,44,43,31,30,29,28,27,39,51,63,75,74,73;111,123,135,136,137,138,139,140,141,142,143,131,119,107,95,83,71,59,47,35,23,11,10,9,8,7,6,5,4,3,2,1,13,25,37,49,61;115,116,117,105,93,81,69,57,45,33,32;121,109,97,85,86,87,88,76,64,52,40,41,42,54,55
12,0,11,8;101,102,103,104,92,80,68,56,44,45,46,47,35,23,11,10,9,8,7,6,5,17,29,41;40,28,16,4,3,2,1,0,12,24,36,48,60,72,84,96;67,66,65,64,63,62,50,38,26;79,91,90,89,88,100,112,113,114,115,116,117,105,93,81,69,57,58,59,71,83,95,107,119,131,143,142,141,140,139,138,137,136,135,134,133,132,120,108,109,110,98,86,74;70,82,94,106,118,130,129,128,127,126,125,124;121,122,123,111,99,87,75,76,77,78;34,33,32,31,43,55,54,53,52,51,39,27,15,14,13,25,37,49,61,73,85,97;22,21,20,19,18,30,42
12,0,12,7;120,132,133,134,135,136,137,125,113,101,102,103,104,92,80,79,78,77;91,90,89,88,87,86,74,62,61,49,37,25,13,14,15,16,17,18,19,20,21,22;64,52,53,54,55,56,57,58,70,82,94,106,118,130,129,128,127;76,75,63;111,110,109,108,96,84,72,60,48,36,24,12,0,1,2,3,4,5,6,7,8,9,10,11,23,35,34,33,32,31,30,29,28,27,26,38;50,51,39,40,41,42,43,44,45,46,47,59,71,83,95,107,119,131,143,142,141,140,139,138,126,114,115,116,117,105,93,81,69,68,67,66,65;73,85,97,98,99,100,112,124,123,122,121
12,0,13,8;13,14,26,38,39,51,52,53,54,55,56,68,80,92,104,103,102,114,113,125,137,136,135,134,133,132;16,17,29,30,31,32,33,45,57,69,81,93,105,117,116,115,127,126;124,112,100,101,89,90,91,79,67,66,65,64,63,62,50,49,37,25;44,43,42,41,40,28,27,15;138,139,140,141,142,143,131,119,107,95,83,71,59,47,35,23,11,10,9,8,7,6,5,4,3,2,1,0,12,24,36,48,60,61,73,85,97,109,110,111,99,87,88;18,19,20,21,22,34,46,58,70,82,94,106,118,130,129,128;123,122,121,120,108,96,84,72;78,77,76,75,74,86,98
12,0,14,7;55,43,42,41,40,39,51,63,75,76;98,97,85,73,61,49,37,25,13,14,15,16,17,18,19,20,21,33,45;52,64,65,77,78,79,91,103,115,127,128,129,130;11,23,35,47,59,71,83,95,107,106,105,93,81,69,57,56,44,32,31,30,29,28,27,26,38,50,62,74,86,87,88,89,90,102,114,126,138,139;110,111,99,100,101,113,125,137,136,135,134,133,132,120;112,124,123,122,121,109,108,96,84,72,60,48,36,24,12,0,1,2,3,4,5,6,7,8,9,10,22,34,46,58,70,82,94;140,141,142,143,131,119,118,117,116,104,92,80,68,67,66,54,53
12,0,15,8;115,116,117,105,106,107,119,131,143,142,141,140,139,138,137,136,135,134,133,132;38,26,14,15,16,17,18,19,20,21,33;118,130,129,128,127,126,114,102,103,91,79,67,68,69;22,34,46,45,44,43,42,41,53,65,77,76;80,92,104;81,82,70,58,57,56,55,54,66,78,90,89,88,87,75,63,64,52,40,28,29,30,31,32;27,39,51,50,62,74,86,98,99,100,101,113,125,124,123,122,121,120,108,96,84,72,60,48,36,24,12,0;93,94,95,83,71,59,47,35,23,11,10,9,8,7,6,5,4,3,2,1,13,25,37,49,61,73,85,97,109,110,111,112
12,0,16,7;55,67,68,69,70,71,83,95,107,119,118,130;140,139,138,137,125,124,123,122,121,109,97,85,73,61,49,37,25,13,14,15,27,39,51,63,75,76,88;131,143,142,141,129,117,105,106,94,82,81,80,79,78,66,54,53,41,29,30,31,32,33,45,46,47,35,23,11,10,9,8,7,6,5,4,3,2,1,0,12,24,36,48,60,72,84,96,108,120,132,133,134,135,136;42,43,44,56,57,58,59;98,110,111,112,113,114,126,127,128,116,104;93,92,91,90,89,77,65,64,52,40,28,16,17,18,19,20,21,22,34;26,38,50,62,74,86,87,99,100,101,102,103,115
12,0,17,8;22,21,33,45,57,56,55;92,104,103,102,90,89,88,76,64,52;93,105,117,116,115,114,113,101,100,99,87,75,63,51,39,27,28,16,17,18;13,25,37,49,61,73,85,97,109,121,122,123,124,125,126,127,128,129,130,118,106,94,82,81,80;112,111,110,98,86,74,62,50,38,26,14,15;29,30,31,19,7,6,5,4,3,2,1,0,12,24,36,48,60,72,84,96,108,120,132,133,134,135,136,137,138,139,140,141,142,143,131,119,107,95,83,71,59,47,35;40,41,53,65,77,78,79,91;34,46,58,70,69,68,67,66,54,42,43,44,32,20,8,9,10,11,23
12,0,18,7;63,51,39,40,41,29,30,31,32,33,34,46,58,70,82,94;132,133,134,135,136,137,138,139,140,141,142,143,131,119,107,95,83,71,59,47,35,23,22,21,20,19,18,17,16,28,27,26,38,50,62,74,75;15,14,13,25,37,49,61,73,85,86,98,99,100,101,89,77,65,66,67,55;56,68,80,79,78,90,102,103,104,105,106,118,130,129,128,127,126,125,124,123,122,121,120,108;117,116,115,114,113,112,111,110,109,97,96,84,72,60,48,36,24,12,0,1,2,3,4,5,6,7,8,9,10,11;57,69,81,93,92,91;87,88,76,64,52,53,54,42,43,44,45
12,0,19,8;108,96,84,72,60,48,36,24,12,0,1,2,3,4,5,6,7,8,9,10,11,23,35,47,59,71,83,95,107,106,118,130,129,128,127,115,103,104,92,93,81;132,133,134,135,136,124,112,100,88,76,64,52,40,41,42,43,44,45;94,82,70,69,68,67,66,78;122,123,111,99,87,75,63,51,39,27,28,29,30,31,32,33,34,46,58,57,56,55,54,53,65,77,89,101,113,125,137,138,139,140,141,142,143,131,119;80,79,91,90,102,114,126;120,121,109,110,98,86,74,62,50,38,26;97,85,73,61,49,37,25,13,14,15,16,17,18,19,20,21,22;116,117,105
12,0,20,9;30,18,6,5,4,3,2,1,0,12,24;29,17,16,15,14,13,25,37,36,48,60,72,84,96,108,120,132,133,134,135,136,137,138,139,140,141,142,143;78,90,102,103,104,105,106;81,80,68,56,55,54,53,52,64,76,75,87;112,111,110,98,86,74,62,63,51,39,40,41,42,43,31,19,7,8;99,100,101,113,114,115,116,117,118,119,107,95,83,71,59,47,35,23,22;58,46,34,33,21,9,10,11;131,130,129,128,127,126,125,124,123,122,121,109,97,85,73,61,49,50,38,26,27,28;20,32,44,45,57,69,70,82,94,93,92,91,79,67,66,65,77,89,88
12,0,21,7;53,65,77,78,90,91,103,115,127,139,138,137,136,135,134,133,132,120,108,96,84,72,60,48,36,24,12,0,1,2,3,4,5,6,7,8,9,10,11,23,35,47,59,71,83,95,107,119;100,99,87,75,63,51,39,40,41;52,64,76,88,89,101,113,112,111,110,98,86,74,62,50,38,26,27,28,29,30,42,43,55;130,118,106,94,82,70,58,46,34,22,21,20;131,143,142,141,129,117,105,93,81,69,57,45,33,32,31,19,18,17,16,15,14,13,25,37,49,61,73,85,97,109,121,122,123,124,125,126,114,102;44,56,68;54,66,67,79,80,92,104,116,128,140
12,0,22,8;124,125,126,127,128,129,130,118,106,94,82,83,71,59,47,35,23,11,10,9,8,7,6,5,4,3,2,1,0,12,24,36,48;95,107,119,131,143,142,141,140,139,138,137,136,135,123,111,112,113,114,115,116,117;60,61,49,37,25,13,14,15,16;33,45,57,56,68,67,66,65,77,89,90,91,92,93;120,132,133,134,122,110,98,99,100,101,102,103,104,105;121,109,97,85,86,87,75,63,51,39,40,41,42,30,31;78,79,80,81,69,70,58,46,34,22,21,20,19,18,17,29,28,27,26,38,50,62,74,73,72,84,96,108;88,76,64,52,53,54,55,43,44,32
12,0,23,9;134,135,136,137,138,139,140,141,142,143,131,119,107,95,83,71,59,47,35,23,11,10,9,8,20,32,44,56,68,80,92,104,103,102;121,122,123,124,125,126,127,128,129,130,118,106,94,82,70,58,46,34,22;133,132,120,108,96,97,85,73,61,49,37,38,26,27,28,29,30,31,19,7,6,5,4,3,2,1,0,12;84,72,60,48,36,24,25,13,14,15,16,17,18;39,40,41,42,43,55,67,79,91,90;100,88,89,77,78,66,54,53,52,51,50;114,115,116,117,105,93,81,69,57,45,33,21;109,110,98,86,74,62,63,64,65;101,113,112,111,99,87,75,76
12,0,24,7;15,3,2,1,0,12,24,36,48,60,72,84,96,108,120,132,133,134,135,136,124,112,100,88,76,77,78,79;110,98,86,74,62,50,51,52,53,54,55,56,44,32,31,30,29;17,18,19,20,21,33,45,57,69;43,42,41,40,39,38,26,14;91,90,89,101,113,125,137,138,139,140,141,142,143,131,119,107;13,25,37,49,61,73,85,97,109,121,122,123,111,99,87,75,63,64,65,66,67,68,80,92,104,103,102,114,126,127,128,129,130,118,106,94,95,83,71,59,47,35,23,11;27,28,16,4,5,6,7,8,9,10,22,34,46,58,70,82,81,93,105,117,116,115
12,0,25,7;28,16,4,3,2,1,0;82,94,106,118,130,129,128,127,126,125,124,123,122,121,109,97,85,73,61,49,37,25,26,27;15,14,13,12,24,36,48,60,72,84,96,108,120,132,133,134,135,136,137,138,139,140,141,142,143,131,119,107,95,83,71,59,47,35,23,11,10,9,8,7,6,5,17,29,41,53,65;110,98,86,74,62,50,38,39,40,52,64,76,77,78,66,54,42,43,44;30,18,19,20,21,22,34,46,58,70,69,81,93,105,117,116,115,114,113,112;55,67,79,91,90,89,88,87,75,63,51;111,99,100,101,102,103,104,92,80,68,56,57,45,33,32,31
12,0,26,7;44,56,68,80,92,104,103,102,114,126,125,124,123,122;110,111,112,113,101,89,77;85,84,96,108,120,132,133,134,135,136,137,138,139,127,115,116,117,105,93,81,69,57,45,33,32,31,43,55,67,79,91;121,109,97,98,86,87,75,63,51,39;140,141,142,143,131,119,107,95,83,71,59,47,35,23,11,10,9,8,7,6,5,4,3,2,1,0,12,24,36,48,60,72,73,74,62,50,38,26,27,28,40,52,64,76,88,100,99;54,42,30,18,19,20,21,22,34,46,58,70,82,94,106,118,130,129,128;61,49,37,25,13,14,15,16,17,29,41,53,65,66,78,90
12,0,27,8;38,37,36,48,60,72,84,96,108,120,132,133,134;143,131,119,107,95,83,71,59,47,35,23,11,10,9,8,7,6,5,4,3,2,1,0,12,24,25,26,27,28,29,30,31,32,33,45;122,123,111,99,100,101,102,103,91;135,136,124,125,126,127,128,129,117,105,93,81,69,57,56,44,43,42,41,40,39,51,50,49;13,14,15,16,17,18,19,20,21,22,34,46,58,70,82,94,106,118,130,142,141,140,139,138,137;66,65,77,76,75,74,86,98,110;87,88,89,90,78,79;121,109,97,85,73,61,62,63,64,52,53,54,55,67,68,80,92,104,116,115,114,113,112
12,0,28,6;70,58,46,34,22,21,20,19,18,17,16,15,14,13,25,37,49,61,73,85,97,109,121,122,123,124,125,126,138,139,140,141,142,143,131;80,68,67,66,54,53,52,64,76,88,89,90,102,103,104,116,117,118,119;94,82,81,69,57,45,33;137,136,135,134,133,132,120,108,96,84,72,60,48,36,24,12,0,1,2,3,4,5,6,7,8,9,10,11,23,35,47,59,71,83,95,107,106,105,93,92,91,79,78,77,65;130,129,128,127,115,114,113,101,100,99,87,75,63,51,39,40,41,42,43,55,56;44,32,31,30,29,28,27,26,38,50,62,74,86,98,110,111,112
12,0,29,9;85,73,61,49,37,25,13,14,15,16;88,100,112,113,114,115;43,44,45,46,47,59,71,83,95,107,119,131,143,142,141,140,139,138,137,136,135,134;67,68,56,57,58,70,82,94,106,118,130,129;133,132,120,108,109,110,111,99,87,75,63,51,39,40,41,53,65,66,78,79,80,81,69;27,26,38,50,62,74,86,98,97,96,84,72,60,48,36,24,12,0,1,2,3,4,5,6,7,8,9,10,11,23,35,34,33,32,31,30,42,54,55;104,103,102,101,89,77,76,64,52;22,21,20,19,18,17,29,28;121,122,123,124,125,126,127,128,116,117,105,93,92,91,90
12,0,30,7;142,130,129,128,127,126,125,113,101,100;112,124,136,137,138,139,140,141;121,122,110,111,99,87,75,63,51,39,40,41,42,43,55,67;96,84,85,73,61,49,37,25,13,14,15,16,17,18,19,20,21,33,45,57,69,81;123,135,134,133,132,120,108,109,97,98,86,74,62,50,38,26,27,28,29,30,31,32,44,56,68,80,92,93,94,82,70,58,46,34,22,10,9,8,7,6,5,4,3,2,1,0,12,24,36,48,60,72;65,77,78,79,91,103,104,105,106,107,95,83,71,59,47,35,23,11;143,131,119,118,117,116,115,114,102,90,89,88,76,64,52,53,54,66
