9:11,0,1,9;25,24,23;61,70,69,78,77,76,75,74,73,72,63,54,45,36;82,83,84,85,86,87,88,79;20,19,10;29,30,21,22,13,14,15,16;43,34,33,32,31,40,39,48;81,90,91,92,93,94,95,96,97,98,89,80,71,62,53,44,35,26,17,8,7,6,5,4,3;12,11,2,1,0,9,18,27,28,37,38,47,56,57,58,49,50,41,42;52,51,60,59,68,67,66,65,64,55,46
9:11,0,2,7;31,30,29,28,27;16,7,6,5,4,3,2,1,0,9,18,19,20,21,22,23,32,33,42,51,50,59,68;10,11,12,13,14,15,24,25,34,43,52,61,60,69,78,77,76,75,66;46,47,56,65,74,83,84,85,86,87,88,79,70,71,62,53,44,35,26,17,8;41,40,49,58,67;57,48,39,38,37,36,45,54,63,72,81,90;55,64,73,82,91,92,93,94,95,96,97,98,89,80
9:11,0,3,7;41,50,59,68,67;37,28,19,10,11,12,13,14,15,16,25,34,43,52,53,62,71,80,89,98,97,96,95,94,93,92;46,45,36,27,18,9,0,1,2,3,4,5,6,7,8,17,26,35,44;91,90,81,72,63,54,55,56,47,38,29,20,21,22,23,24,33,42,51,60,61,70,79,88,87,86,85,84,83;64,65,66,57,58,49,40,31,32;48,39,30;82,73,74,75,76,77,78,69
13:15,0,4,11;7,20,33,46,45,44,43,30,29,28;82,81,80,93,106,107,108,109,110,111,112,113,126,139,140,153,166,165,164;22,23,36,49,62,75,88,87,86,85,84,83,70,57,56,55,42;12,25,38,51,64,77,90,103,116,129,142,155,168,181,194,193,192,191,190,189,188,187,186,173;152,151,138,125,124,123,122,121,120,119,118,105,92,79,66,53,40,27,14,15,16,17,18,31;94,95,96,97,98,99,100,101,114,127,128,141,154,167,180,179,178,177,176,163,150,137,136,135,134,133,132,131,144,157,170;175,162,149,148,147,146,145,158,171;71,72,73,74,61,48,35,34,21,8,9,10,11,24,37,50,63,76,89,102,115;47,60,59,58;174,161,160,159,172,185,184,183,182,169,156,143,130,117,104,91,78,65,52,39,26,13,0,1,2,3,4,5,6,19,32;69,68,67,54,41
13:15,0,5,8;59,60,61,62,63,50,51;2,1,0,13,26,39,52,65,78,91,104,117,130,143,156,169,182,183,184,185,186,187,188,189,190,191,192,193,194,181,168,155,142,129,116,103,90,77,64;101,114,127,140,153,166,165,164,163,162,149,148,147,146,133,120,107,94,81,68,55,42;138,125,112,99;161,160,159,158,145,132,119,106,93,80,67,54,41,28,29,30,17,18,19,20,21,22,23,24,25,38;37,36,49,48,47,46,45,58,57,70,83,96,109,122,123,124,111,98,85,86,87,88,89,102,115,128,141,154,167,180,179,178,177,176,175,174,173,172,171,170,157,144,131,118,105,92,79,66,53,40,27,14,15,16,3,4,5,6,7,8,9,10,11,12;35,34,33,32,31,44,43,56,69,82,95,108,121,134,135,136,137,150,151,152,139,126,113,100;76,75,74,73,72,71,84,97,110
9:11,0,6,9;10,11,12,13,14,15,16,25,26,35;37,46,55,64,73,82,83,84,85,86,87,88,79,70,61,60,59,50,41,42,33;17,8,7,6,5,4,3,2,1,0;68,67,58,49,40;63,72,81,90,91,92,93,94,95,96,97,98,89,80,71,62,53,52,51;74,65,56,47,38,29,28,27,36,45,54;32,31,30,39,48,57,66,75,76,77,78,69;9,18,19,20,21,22,23,24;34,43,44
9:11,0,7,7;89,98,97,96;95,94,93,92,91,90,81,72,63,54,45,36,27,18,9,0,1,2,3,4,5,6,7,8,17,26,35,44,53,62,71,80,79,78;70,61,52,43,34,25,16,15,14,13,12,11;10,19,20,21,22,23,24,33,42,51,60,69,68,67,66,57;85,84,83,82,73,64,55,46,37,38,39,40,49,58;88,87,86,77,76,75,74,65,56,47,48;28,29,30,31,32,41,50,59
9:11,0,8,7;88,97,96,95,94,93,92,91,82,73,64,55,46,37,28,19,10;90,81,72,63,54,45,36,27,18,9,0,1,2,3,4,5,6,7,8,17,26,35,44,53,62,71;87,86,85,84,83,74,65,56,47,38,29,20,11,12;23,32,31,40,49,58,67;24,33,42,51,60;41,50,59,68,69,70,61,52,43,34,25;16,15,14,13,22,21,30,39,48,57,66,75,76,77,78,79,80,89,98
13:15,0,9,11;93,92,79,66,53,40,27,14,15,16,17,18,19,32;55,68,69,82,95,108,121,120,119,118,117,130,143,156;169,170,157,144,131,132,133,134,135,148,161,162,175,176,177,178,179,180,167,154,141,128,115,102,89,76,63,62,49,36,35;186,185,172,159;60,73,86,87,100,113,126,139,152,151,150,149,136,123,122,109,96,83,70,57,56,43,42;30,29,28,41,54,67,80,81,94,107,106,105,104,91,78,65,52,39,26,13,0,1,2,3,4,5,6;31,44,45,58,71,84,97,110,111,124;50,37,24,23;20,33,46,59,72,85,98,99,112,125,138,137;163,164,165,166,153,140,127,114,101,88,75,74,61,48,47,34,21,8,7;22,9,10,11,12,25,38,51,64,77,90,103,116,129,142,155,168,181,194,193,192,191,190,189,188,187,174,173,160,147,146,145,158,171,184,183,182
13:15,0,10,9;42,55,68,81,94,107,120,121,122,123,124,111,112,99,100,101,102,89;134,135,136,137,138,125,126,127,140,153,166,165,164,163,162,161,160,159,158,145,144,131,118,105,92,79,66,53,40,27,14,15,16,17,18,31,32;96,83,84,71,72,73,74,61,62,49,36,37,38,25;56,43,44,45,46,33;30,29,28,41,54,67,80,93,106,119,132,133,146,147,148,149,150,151,152,139;34,21,20,19,6,5,4,3,2,1,0,13,26,39,52,65,78,91,104,117,130,143,156,169,182,183,184,185,186,187,188,189,190,191,192,193,194,181,168,155,142,129,116,103,90,77,64;113,114,115,128,141,154,167,180,179,178,177,176,175,174,173,172,171,170,157;51,50,63,76,75,88,87,86,85,98,97,110,109,108,95,82,69,70,57,58,59,60,47,48,35,22,23,24,11,12;10,9,8,7
9:11,0,11,9;40,41,42,33,24;52,51,50;57,66,67,68,69,78;85,84,75,74,65,56,47,38,29,20,11,10,9,0;70,61,60,59,58,49,48,39;22,13,4,5,6,7,8,17,26,35,44,53,62,71,80,89,98,97,96,95,94,93,92,91,90,81,72,63,54,45,36,27;76,77,86,87,88,79;1,2,3,12,21,30,31,32,23,14,15,16,25,34,43;83,82,73,64,55,46,37,28,19,18
9:11,0,12,6;61,60,51,42,33,24,23,22,21,20,29,38,47,46,55,64,73,82;48,39,30,31,32,41,50,59,68,69,70;79,78,77,76,85;37,28,19,10,11,12,13,14,15,16,25,34,43,52;96,97,98,89,80,71,62,53,44,35,26,17,8,7,6,5,4,3,2,1,0,9,18,27,36,45,54,63,72,81,90,91,92,83,74,65,56,57,58,49,40;88,87,86,95,94,93,84,75,66,67
9:11,0,13,6;96,87,88,79,70,61,52,43,34,25,16,15,14;24,23,32,41,50,59,68,67,76,75,74,65,56,47,48,39,30,21,12,3,4,5,6,7,8,17,26,35,44,53,62,71,80,89,98,97;20,29,38,37,46,55,64,73,82,83,84,85;2,11,10,19,28;1,0,9,18,27,36,45,54,63,72,81,90,91,92,93,94,95,86,77,78,69,60,51,42,33;13,22,31,40,49,58,57,66
13:15,0,14,9;72,71,58,45,32,19,18,17;105,118,131,132,133,146,159,172,185,184,183,182;3,4,5,6,7,20,33,46,59,60,73,86,99,112,125,138,151,150;194,181,168,155,142,129,116,103,90,77,64,51,38,25,12,11,10,9,8,21,34,47,48,61,74,87,100,113,126,139,152,165,164,163,162,149,136,123,110,97,96,95,82,69,56,43,42,41,28,27,14;157,144,143,130,117,104,91,92;145,158,171,170,169,156;67,66,65,52,39,26,13,0,1,2,15,16,29,30,31,44,57,70,83,84,85,98,111,124,137;40,53,54,55,68,81,94,107,108,109,122,135,148,161,174,175,176,177,178,179,166,153,140,127,114,101,88,75,62,49,36;78,79,80,93,106,119,120,121,134,147,160,173,186,187,188,189,190,191,192,193,180,167,154,141,128,115,102,89,76,63,50,37,24,23,22,35
13:15,0,15,11;10,11,12,25,38,51,64,77,90,103,116,129,142,155,168,181,194,193,192,191,190,189,188,187,186,185,184,183,182,169,156,143,130,131,132,133,120,107,94,81,82,69,70,71,72,73,74,61,48,47;14,15,16,17,18,19,32,33,46,59,60;54,53,66,79,92,105,118;119,106,93,80,67,68,55,42,41,40,39,52,65,78,91,104,117;20,7,8,9,22,23,24,37,50,63,76,89,102,115,128,141,154,167,180,179,178,177,176,175,174,173,172,171,170,157,144,145,146,147,134,121,122,123,124,111;21,34,35,36,49,62,75,88,101,114,127,140,153,166,165,164,163;148,135,136,137,138,125,112,99,98;58,57,56,43;95,96,83,84,85,86,87,100,113,126,139,152,151,150,149,162,161,160,159,158;45,44,31,30,29,28,27,26,13,0,1,2,3,4,5,6;97,110,109,108
9:11,0,16,9;52,43,34,25,24,23,22,21,20,29,38,47;82,73,72;76,77,78,79,80,89,98,97,96,95,94,93,92,83,74;54,45,36,27,18,9,0,1,2,3,4,5,6,7,8,17,26,35,44,53,62;91,90,81;41,40,49,58,67;71,70,69,68,59,50;63,64,65,66,75,84,85,86,87,88;61,60,51,42,33,32,31,30,39,48,57,56,55,46,37,28,19,10,11,12,13,14,15,16
9:11,0,17,6;0,1,10,19,28,37,46,55,64,73,82,83,84,85,86,87;22,23,24,33,42;53,44,43,34,25,16,15,14,13,12,21;68,67,66,57,48,39,30,31,32,41,50,51,52,61,62,71,80,89,98,97,96,95,94,93,92,91,90,81,72,63,54,45,36,27,18,9;35,26,17,8,7,6,5,4,3,2,11,20,29,38,47,56,65,74,75,76,77,78,79,88;70,69,60,59,58,49,40
9:11,0,18,6;77,78,87,96,97,98,89,80,71,62,61,60,51;95,94,93,84,75,66,57,48,39,30,31,32;52,53,44,35,26,17,8,7,6,5,4,3,2,1,0,9,18,27,36,45,54,63,72;88,79,70,69,68,59,50;86,85,76,67,58,49,40,41,42,43,34,25,16,15,14,13,12,11,10,19,28,37,46,55,64,73,82;81,90,91,92,83,74,65,56,47,38,29,20,21,22,23,24,33
13:15,0,19,11;25,12,11,10,9;178,177,164,163,162,161,148,135,122,109,96,95,94,93,80,79,66,53,40,27,28,29,30,31,32,45,46,47,48,61,62,75;188,187,186,185,172,171,170,157,144;13,0,1,2,3,4,5,6,7,8,21,22,23,24,37,38,51,64,77,90,103,102,101,100,113,126,139,152,165,166,179,180;137,124,111,98,85,72,71,70,69,56,55;184,183,182,169,156,143,130,131,132,145,146,147,134,121,108,107,106,105,92;54,67,68,81,82,83,84,97,110,123,136,149,150,151,138,125,112,99,86;41,42,43,44,57,58,59,60,73,74,87,88,89,76,63,50,49,36,35,34,33,20,19,18,17,16,15,14;158,159,160,173,174,175,176,189,190,191,192,193,194,181,168,167,154,153,140,127,114,115,116,129;155,142,141,128;26,39,52,65,78,91,104,117,118,119,120,133
13:15,0,20,11;94,95,96,97,98,99,100,113,126,139,152,151;29,28,41,40,39,26,13,0,1,2,3,4,5,18,19,32,33,34,35,36,49,62,63,76,89;116,129,142,155,168,181,194,193,192,191,190,189,188,187,174,161,148,135,136,137;6,7,20,21,22,23,24,37,50;112,111,110,109,108,107,120,133,146,159,172,171,170,169,156,143,130,117,104,91,78,65,52,53,54,55,42,43;149,162,175,176,177,178,179,180,167,154,141,128,115,102,103,90,77,64,51,38,25,12,11,10,9,8;27,14,15,16,17,30,31,44,45,46,47,48,61,74,75,88,101,114,127,140,153,166,165,164,163,150;138,125,124,123,122,121,134,147,160,173,186,185,184,183,182;72,71,70;87,86,85,84,83,82,81,80,93,106,119,132,145,158,157;144,131,118,105,92,79,66,67,68,69,56,57,58,59,60,73
9:11,0,21,9;10,11,2,3,4,5,6,7,8,17,26;51,50,41,32;18,9,0,1;49,58,59,60,61,52,43,42,33,24;73,82,83,84,85,86,95,96,97,98,89,80,71,62,53,44,35,34,25;78,77,76,75,74,65,64,55,46,37,38,29,30,31,22,23,14,15,16;56,47,48,39,40;94,93,92,91,90,81,72,63,54,45,36,27,28,19,20,21,12,13;87,88,79,70,69,68,67,66,57
9:11,0,22,6;73,82,83,84,85,86,87,78,69,60,61,62,71,80,89,98;56,47,38,29,30,31,32,33,34,35,44,53,52;51,50,59,68,77,76,75,74;49,58,67,66,65,64,55,46,37,28,19,20,21,22,23,24,25,26,17,8,7,6,5,4,3,2,1,0;16,15,14,13,12,11,10,9,18,27,36,45,54,63,72,81,90,91,92,93,94,95,96,97,88,79,70;43,42,41,40,39,48,57
9:11,0,23,5;81,82,83,84,75,66,57,48,47,38,29,30,31,32,41,50,59,68,77,86,95,96,97,98,89,80,71,62,53,44,35,26,17,8,7,6,5,4,3,2,1,0;87,78,69,60,51,42,33,24,23,22,21,20,19,28,37,46,55,56;65,64,63,54,45,36,27,18,9,10,11,12,13,14,15,16,25,34,43,52,61,70,79,88;90,91,92,93,94,85,76,67,58,49,40,39;74,73,72
13:15,0,24,11;161,160,147,146,145,144,131,118,119,120,121,122,123,136,137,138,125,112,99,86,73,72,71,70,69,56,55;33,34,35,36,37,50,63,76,89,102,115,128,141,154,167,180,179,178,177,176,175,174,173,172,159,158,157,156,143,130,117,104,105,106,107,108,109,110,97;171,170,169;189,190,191,192,193,194,181,168,155,142,129,116,103,90,77,64,51,38,25,24,23,22,21,20,19,18;57,44,43,42;124,111,98,85,84,83,82,81,68,67,54,41,28;188,187,186,185,184,183,182;132,133,134,135,148,149,150,151,152,139,126,113,100,87,74,61,60,59,58;80,79,66,53,40,27,14,15,16,29;12,11,10,9,8,7,6,5,4,3,2,1,0,13,26,39,52,65,78,91,92,93,94,95,96;17,30,31,32,45,46,47,48,49,62,75,88,101,114,127,140,153,166,165,164,163,162
13:15,0,25,8;98,111,124,123,122,109,108,107,106,105,104,91,78,65,52,39,26,13,0;1,14,27,40,53;70,71,58,59,60,73,86,99,112,125,138,137,136,135,134,121,120,119,118,117,130,143,144,145,158,159,160,161,162,163,164,165,166,153,140,127,114,101,88,75,62,49,36,35,34,33,32,31,30,43,56;170,171,172,173,174,175,176,177,178,179,180,167,154,141,128,115,102,89,76,63,50,37,24,23,22,21,20,19,18,17,16,29,42,55,68,81,80,93;72,85,84,83,82,69;157,156,169,182,183,184,185,186,187,188,189,190,191,192,193,194,181,168,155,142,129,116,103,90,77,64,51,38,25,12,11,10,9,8,7,6,5,4,3,2,15,28,41,54,67,66,79,92;94,95,96,97,110;57,44,45,46,47,48,61,74,87,100,113,126,139,152,151,150,149,148,147,146,133,132,131
9:11,0,26,9;42,33,32,23,14,15,6;10,19,28,37,46,55,56,57,66,67,68,69,78;16,25,24;39,30,21;3,2,1,0,9,18,27,36,45,54,63,72,81,90,91,92,93,94,95;5,4,13,12,11,20,29,38,47,48,49,58,59,60,61,70,79,88;34,43,52,51,50,41,40,31,22;85,84,83,82,73;7,8,17,26,35,44,53,62,71,80,89,98,97,96,87,86,77,76,75,74,65,64
9:11,0,27,8;93,94,95,96,97,98;79,70,61,52,43,34,25,16,15,14,13;20,19,18,9,0,1,2,3,4,5,6,7,8,17,26,35,44,53,62,71,80,89,88,87,78,69,60,51,42,33,24;54,55,46,37,38,39;22,23,32,41,50,59,58,57,66,65,64,63,72,81,90,91,92,83,84,85,86,77;29,28,27,36,45;82,73,74,75,76,67,68;56,47,48,49,40,31,30,21,12,11,10
9:11,0,28,7;84,83,82;16,15,14,13,12,11,10,19,28,37,46,55,64,73,74,75,66,57,48,39,30,31,32,41,50,59;60,69,68,67,76,85,94,93,92,91,90,81,72,63,54,45,36;40,49,58;27,18,9,0,1,2,3,4,5,6,7,8,17,26,25,34,43,52,61,70,79,78,77,86,95,96,97,98;87,88,89,80,71,62,53,44,35;51,42,33,24,23,22,21,20,29,38,47,56,65
13:15,0,29,11;26,13,0,1,2,3,4,5,6,7,8,9,22,35,36;121,120,119,118,105,92,79,80,67,68,55,42,43,44,45,58;70,71,72,73,86,99,112,125,124,123,122,109,108,107,106,93;129,142,155,168,181,194,193,192,191,190,189,188,187,186,185,184,183,182,169,156,143,130,131,132,133,134,135,136,137,138,139,126,113,100,87,74,61,60;81,94,95,96,97,110;128,141,154,167,180,179,178,177,176,175,174,173,172,171,170,157,144,145,146,147,148,149,150,151,152;23,10,11,12,25,38,51,64,77,90,103,116,115;111,98,85,84,83,82,69,56,57;117,104,91,78,65,52,39,40,27,14,15,16,17,18,19,20,21,34,47,48,49,62,75,88;24,37,50,63,76,89,102,101,114,127,140,153,166,165,164,163,162,161,160,159,158;59,46,33,32,31,30,29,28,41,54,53,66
13:15,0,30,11;85,72,71,58,45,32,19,18,17,16,15,14,27,40,53,66,79;146,145,132,119,106,105,104,91,78,65,52,39,26,13,0,1,2,3,4,5,6,7,8,9,10,11,12,25,38,51,64,77,90,103,116,129,142,141,154,167,180,179,178,177,176,175,174;96,109,110,123,124,125,112,99,86,73,60,59,46,33,20,21,22,23,24,37,50,63,76,89,102,115,128;118,117,130,143,156;31,30,29,28,41,54,67,80,93,92;47,34,35,36,49,62,75,88,101,114,127,140,153,166,165,164,163,162,161,160,173,172,171,170,169;138,137,136,135,122,121,108,95;131,144,157,158,159;56,69,82,81,94,107,120,133,134,147,148,149,150,151,152,139,126,113,100,87,74,61,48;111,98,97,84,83,70,57,44,43,42,55,68;182,183,184,185,186,187,188,189,190,191,192,193,194,181,168,155
