10,0,1,8,,,5|15:11|21:15|16:15|25:21|22:21|31:27|37:37|38:37|47:41|51:42|43:43|44:43|53:51|52:51|61:56|66:65|66:66|76:71|72:72|73:72|82:77|78:78|79:78|88;21,20,10,11,12,13,14,15;78,68,58,57,56,55,45,35,25,24,23,22,32,31,30,40,50,51;46,47,48,38,28,27;9,8,7,6,5,4,3,2,1,0;43,33,34,44,54,64,65,75,76,77,67,66;41,42,52,53,63,73,74,84,85,86,87,88,89,79,69,59,49,39,29,19,18,17,16,26,36,37;60,70,80,90,91,92;72,62,61,71,81,82,83,93,94,95,96,97,98,99
10,0,2,7,,,7|17:16|17:17|27:31|41:36|46:40|41:41|42:44|54:46|47:46|56:52|62:54|55:54|64:61|62:62|63:68|78:77|78:78|79:84|85:85|86:85|95;54,53,43,33,23,22,21,11;77,67,68,58,48,38,28,27,26,16,6,7,8,9;17,18,19,29,39,49,59,69,79,89,99,98,97,96,95,94,93,92,91,90,80,70,60,50,40;62,72,73,63,64,65,55,56,57,47,37,36,35,25,15,5,4,3;41,51,52,42,32,31,30,20,10,0,1,2,12,13,14,24,34,44,45,46;78,88,87,86,76,66;61,71,81,82,83,84,74,75,85
10,0,3,9,,,12|22:15|25:16|17:17|18:17|27:21|22:22|32:25|26:25|35:36|46:43|53:46|47:46|56:53|54:53|63:60|61:61|62:61|71:66|67:67|68:67|77:72|82:78|88:81|82:82|92:87|88:88|98;18,28,27,26,16,6,5,4,3,2,1,0,10,20,30,40,50,60,70,80,90,91,92,93,94,84,85,75,65;67,57,47,37,36,35,34,24,25;32,33,23,22;88,89,99,98,97,87,77,78,68,58,48,38;15,14,13,12,11,21,31,41,42,43,44,45,46;79,69,59,49,39,29,19,9,8,7,17;53,52,51,61;82,83,73,74,64,54,55,56,66,76,86,96,95;63,62,72,71,81
10,0,4,9,,,2|12:11|12:12|13:14|24:23|24:24|25:26|36:35|36:36|37:42|52:51|52:52|53:56|66:57|58:58|59:58|68:65|66:66|67:70|71:71|72:71|81:74|84:78|88:83|84:84|94:87|88:88|98;63,53,54,44,45,35,25,26,27,37,47,57,67,68,69,59,49,39,29,19,9,8,7,6,5,4,3,2,1,0,10,20,30,40,50,60,70,80,90,91,92;88,89,99,98,97,96,95,94,93,83,73,74,64,65,55,56,46,36;12,22,32,42,43;11,21,31,41,51;72,82,81;71,61,62,52;86,87,77,78,79;24,34,33,23,13,14,15,16,17,18,28,38,48,58;84,85,75,76,66
10,0,5,8,,,13|23:16|26:22|23:23|33:26|27:26|36:31|41:41|42:41|51:54|64:55|56:56|57:56|66:63|64:64|65:70|71:71|72:71|81:73|83:82|83:83|84;23,24,25,26;84,94,95,96,97,98,99,89,79,69,59,49,39,29,19,9,8,7,6,5,4,3,2,1,11,21,31,32,33,34,35,36,46,56;81,82,72,73,63,53,54,55,65,66,76,77,78,68,58,48,38,28,18,17,16,15,14,13,12,22;71,61,62,52,42,43,44,45;83,93,92,91,90,80,70,60,50,51;41,40,30,20,10,0;88,87,86,85,75,74,64;27,37,47,57,67
10,0,6,8,,,4|14:11|21:13|14:14|15:16|26:20|21:21|22:25|26:26|27:32|42:37|47:42|43:42|52:45|55:46|47:47|48:54|55:55|65:72|73:73|74:73|83;42,41,31,21;47,57,67,66,65,64,54,53,52,51,61,71,81,91,92,93,94,95,85,86,87,88;55,56,46,45,44,43;18,28,38,48,58,68,78,77,76,75,74,84,83,82,72,62,63,73;0,1,2,3,4,5,6,7,8,9,19,29,39,49,59,69,79,89,99,98,97,96;25,15,16,17,27,37,36,26;22,32,33,34,35;90,80,70,60,50,40,30,20,10,11,12,13,23,24,14
10,0,7,7,,,8|18:17|18:18|19:24|34:33|34:34|44:48|58:52|53:53|54:53|63:55|65:58|59:58|68:60|61:61|62:61|71:65|66:65|75:78|88:88|89:88|98;58,57,47,46,45,35,34;48,49,59,69,68,67,66,56,55,54,44,43,53;88,87,86,85,84,83,82,81,80;65,64,63,62,52,51,61;42,41,31,21,11,12,13,14,15,16,17,27,28,18;33,32,22;90,91,92,93,94,95,96,97,98,99,89,79,78,77,76,75,74,73,72,71,70,60,50,40,30,20,10,0,1,2,3,4,5,6,7,8,9,19,29,39,38,37,36,26,25,24,23
10,0,8,8,,,1|11:11|12:11|21:28|38:33|43:37|38:38|48:42|43:43|44:47|57:50|51:51|52:51|61:57|58:57|67:66|76:71|72:72|73:72|82:75|76:76|77;70,80,90,91,92,93,94,84,74,75,65,55,45,46;72,62,61,60,50,40,30,20;77,67,66,56,57;76,86,87,88,78,68,58,48,47,37,36,35,34,44,54,64,63,73,83,82,81,71;11,10,0,1,2,3,4,5,6,7,8,9,19;43,53,52,42,32,33,23,24,25,26,27;85,95,96,97,98,99,89,79,69,59,49;38,39,29,28,18,17,16,15,14,13,12,22,21,31,41,51
10,0,9,7,,,11|21:15|25:17|18:18|19:18|28:20|21:21|31:24|25:25|35:33|43:43|44:43|53:45|55:50|51:51|52:51|61:55|56:55|65:73|83:82|83:83|93;11,12,13,14,24;51,41,40,50,60,70,80;43,42,32,31,30,20,10,0,1,2,3,4,5,15,16,26,25;74,75,76,77,67,57,47,37,36,35;18,8,9,19,29,39,49,59,69,79,89,99,98,97,96,95,94,93,92,82,72,73,63,64,65,66,56,46,45,44,34,33,23,22,21;6,7,17,27,28,38,48,58,68,78,88,87,86,85,84,83;55,54,53,52,62,61,71,81,91,90
10,0,10,9,,,2|12:11|12:12|13:16|26:25|26:26|36:31|41:40|41:41|51:43|44:44|45:44|54:47|48:48|49:48|58:55|65:64|65:65|66:71|81:72|73:73|74:73|83:77|87:80|81:81|82:87|88:87|97;0,10,20,30,40,50,51,52,42,41;90,80,70,71,72,82,83,84,85,86,87;73,63,62,61,60;44,34,24,25,15,16,17,27,26;19,9,8,7,6,5,4,3,2,1,11,21,31,32,33,43,53,54,64,74,75,65;81,91,92,93,94,95,96,97,98,99,89,79,69,68,67;88,78,77,76,66,56,55,45,35,36,37,38,48;18,28,29,39,49,59,58,57,47,46;12,22,23,13,14
11,0,11,9,,,13|24:19|30:24|25:24|35:26|27:27|28:27|38:30|31:30|41:45|56:55|56:56|57:58|59:59|60:59|70:62|73:73|74:73|84:85|86:86|87:86|97:89|90:90|91:90|101:93|104:103|104:104|105;30,29,28,39,38,37,26,15;86,75,64,53,52;90,79,68,57,46,35,34,33,22,11,0,1,2,3,4,5,6,7,8,9,10,21,32,43,54,65,76,87,98,97,96;45,44,55,66,77,88,99,110,111,112,113,114,103,92,93;73,72,61,50,49,48,59;24,23,12,13,14,25,36,47,58,69,70,71,60;109,108,107,106,95,84,85,74,63,62,51,40,41,42,31,20,19,18,17,16,27;104,115,116,105,94,83,82,81,80,91,102,101,100,89,78,67,56;120,119,118,117
11,0,12,8,,,9|20:15|26:19|20:20|31:26|27:26|37:47|58:53|64:58|59:58|69:63|64:64|65:78|89:82|93:89|90:89|100:91|102:92|93:93|104:101|102:102|113;26,25,36,37,38,27,28,29,30,31,32,43;99,110,111,112,113,114,115,116,117,118,119,120,109,98,87,76,65,54,53,42,41,40,39;100,101,90,91,92,81,82,71,72;93,94,83,84,73,62,61,60,59,70,69,68,67,66,55,44,33,22,11,0,1,2,3,4,5,6,7,8,9,10,21,20;102,103,104,105,106,95,96,85,74,63,52,51,50,49,48,47,46,35,24;107,108,97,86,75,64;58,57,56,45,34,23,12,13,14,15,16,17,18,19;89,88,77,78,79,80
11,0,13,9,,,7|18:17|18:18|19:28|39:34|45:38|39:39|40:41|52:44|45:45|46:47|58:51|52:52|53:58|59:58|69:67|78:73|84:77|78:78|89:84|85:84|95:86|97:90|101:96|97:97|98:100|101:101|112;45,56,67,68,69;101,102,103,104,105,94,95,96,85,86,87,98,109,120,119,118;100,89,90,91,92,93,82,83,84;97,108,107,106,117,116,115,114,113,112,111,110,99,88,77,66,55,44,33,22,11,0,1,2,3,4,5,6,7,8,19,30,41,40,51,62,61,60,59,48,47,36;18,29,28,27,26,25,24,35,46,57,58;78,79,80,81,70,71,72,73,74,75,76,65,54,43,32,21,10,9;20,31,42,53,64,63,52;39,50,49,38,37;34,23,12,13,14,15,16,17
11,0,14,6,,,5|16:15|16:16|27:34|45:40|51:44|45:45|56:49|60:50|51:51|62:59|60:60|71:96|107:106|107:107|108;107,118,119,120,109,98,87,86,85,84,83,94,93,92,91,90,79,68,69,70,59,48,49,50;45,46,35,34,33,44,55,66,77,88,99,110,111,112,113,114,115,116,117,106,95,96,97,108;12,13,14,15;40,39,38,37,36,47,58,57,56,67,78,89,100,101,102,103,104,105;60,61,62,63,64,53,42,31,20,19,18,17,16;80,81,82,71,72,73,74,75,76,65,54,43,32,21,10,9,8,7,6,5,4,3,2,1,0,11,22,23,24,25,26,27,28,29,30,41,52,51
11,0,15,9,,,5|16:12|23:15|16:16|27:22|23:23|34:36|47:40|51:47|48:47|58:50|51:51|52:67|78:69|70:70|71:70|81:77|78:78|89:80|91:85|86:86|87:86|97:90|91:91|92:105|106:106|107:106|117;78,79,68,67,56,45,34,35,36,25,14,3,2,1,0;23,24,13,12,11,22,33,44,55,66,77;86,75,64,53,42,31,20,19,18,29,40,39,50,61,72,83,94,105,116,117;91,102,103,92,81,80,69,58,57,46,47;108,97,96,85,74,63,52,41,30;51,62,73,84,95,106;110,99,88,89,90,101;16,17,28,27,38,49,60,71,82,93,104,115,114,113,112,111,100;107,118,119,120,109,98,87,76,65,54,43,32,21,10,9,8,7,6,5,4,15,26,37,48,59,70
11,0,16,8,,,16|27:20|31:26|27:27|38:31|32:31|42:35|46:39|50:45|46:46|47:49|50:50|61:62|73:69|70:70|71:70|81:73|74:73|84:82|93:91|102:92|93:93|94:101|102:102|113;102,103,92,91,90,79,68,57,46;50,51,52,41,30,31;73,72,71,60,49,38,39,40,29,18,19,20;70,59,48,37,26,25,24,23,22,33,44,55,66,77,88,99,110,111;27,28,17,16,15,14,13,12;106,107,108,97,86,75,64,53,42,43,32,21,10,9,8,7,6,5,4,3,2,1,0,11;54,65,76,87,98,109,120,119,118,117,116,115,114,113,112,101,100,89,78,67,56,45,34,35,36,47,58,69,80,81,82,83,84;61,62,63,74,85,96,95,94,105,104,93
11,0,17,9,,,15|26:17|18:18|19:18|29:20|31:26|27:26|37:30|31:31|32:34|35:35|36:35|46:49|60:58|69:59|60:60|71:68|69:69|70:73|84:79|90:83|84:84|95:90|91:90|101;26,25,36,37,48,49,50,51,52,53,54,43,32,21,20,19,30,29,28,17,6,5,4,3,2,1,12,23,34;67,56,45,46,47;60,61,62,63,64,65,76,87,98,109,120;71,70,59,58,57,68,79,78;35,24,13,14,15,16,27,38,39,40,41,42,31;84,85,96,95,94,93,92,91,102,101,100,89,90;0,11,22,33,44,55,66,77,88,99,110,111,112,113,114,103,104,105,106,107;10,9,8,7,18;69,80,81,82,83,72,73,74,75,86,97,108,119,118,117,116,115
11,0,18,6,,,26|37:35|46:36|37:37|38:45|46:46|47:51|52:52|53:52|63:79|90:89|90:90|91:94|105:104|105:105|116:107|108:108|109:108|119;46,57,68,69,70,81,92,93,94,95,96,107,118,119,120,109,98,87,76,65,54,43,32,21,10,9,8,7,6,5,4,3,2,1,0,11;114,113,112,111,110,99;105,106,117,116,115,104,103,102,91,80,79,78,67,56,45,34,35,24,25,26,27,28,29,30,41,52;108,97,86,75,74,73,72,61,50,49,48,37;90,101,100,89,88,77,66,55,44,33,22,23,12,13,14,15,16,17,18,19,20,31,42,53,64,63,62,51,40,39,38;36,47,58,59,60,71,82,83,84,85
11,0,19,8,,,4|15:14|15:15|26:34|35:35|36:35|46:39|50:42|53:50|51:50|61:52|53:53|54:59|70:70|71:70|81:79|90:83|94:89|90:90|101:93|94:94|95;90,91,92,93,104,115,116,117,118,119,108,97,86,75,64,53;61,62,51,40,39,38,37,36;50,49,48,47,46,57,68,79,80,81,82,83,84,95,106,105,94;15,16,17,18,19,20,31,42;73,72,71,60,59,58,69,70;35,24,13,2,1,0,11,22,33,44,55,66,77,88,99,110,111,112,113,114;12,23,34,45,56,67,78,89,100,101,102,103;120,109,98,87,76,65,54,43,32,21,10,9,8,7,6,5,4,3,14,25,26,27,28,29,30,41,52,63,74,85,96,107
11,0,20,8,,,18|19:19|20:19|30:23|24:24|25:24|35:26|37:27|28:28|29:28|39:36|37:37|38:46|57:57|58:57|68:70|71:71|72:71|82:73|84:84|85:84|95:91|102:102|103:102|113;57,56,45,46,47,58;28,17,16,27,26,25,14,3,2,1,0,11,22,33,44,55;102,101,90,91,92,103,104,105,106,107,108,97,86,75,64,53,42,41,40,39,38,49;100,89,78,79,80,81,82,93,94,95,96,85,74,63,52,51,50,61,60,71;24,13,12,23,34,35,36;84,83,72,73,62;20,31,30,29,18,7,6,5,4,15;19,8,9,10,21,32,43,54,65,76,87,98,109,120,119,118,117,116,115,114,113,112,111,110,99,88,77,66,67,68,69,70,59,48,37
12,0,21,10,,,14|26:17|29:26|27:26|38:29|30:29|41:37|49:48|49:49|50:55|56:56|57:56|68:64|76:76|77:76|88:78|90:86|98:90|91:90|102:97|98:98|110:111|123:116|117:117|118:117|129:123|124:123|135;98,99,111,110,122,123;76,75,74,73,72,60,48,36,24,12,0,1;90,89,77,78,79,91,92,104,116,115,114;29,28,16,17,18,19,20,21,22,34,46,58,70,82,94,106,118,130,129,128,127,126,125,137,136,135,134,133,132,120,108,96,84,85,86,87,88,100;117,105,93,81,80;124,112,113,101,102,103;37,38,50,51,52,53,54,55,43,44,56;15,27,39,40,41,42,30,31,32,33,45,57,69,68,67,66,65,64,63,62,61,49;26,25,13,14,2,3,4,5,6,7,8,9,10,11,23,35,47,59,71,83,95,107,119,131,143,142,141,140,139,138;97,109,121
12,0,22,10,,,17|18:18|19:18|30:44|56:51|63:56|57:56|68:61|73:62|63:63|75:69|81:72|73:73|74:80|81:81|82:91|103:98|110:101|113:102|103:103|104:110|111:110|122:112|113:113|114:118|130:129|130:130|142;39,27,15,14,13,12,24,36,37,49,61,62,74,86,85,73;81,93,92,80,68,69,57,45,44,43,42,54,66,78,77,76,75,87,99,98,97,96,84,72,60,48;5,17,29,30,31,32,33,34,46,58,70,82,94,106,105,104,116,115,103;113,125,124,123,122,121;56,55,67,79,91,90,89,88;65,53,41,40,28,16,4,3,2,1,0;63,64,52,51,50,38,26,25;111,112,100,101,102,114,126,127,128,129,117,118,119,107,95,83,71,59,47,35,23,11,10,9,8,7,6,18;19,20,21,22;130,131,143,142,141,140,139,138,137,136,135,134,133,132,120,108,109,110
12,0,23,10,,,9|21:21|22:21|33:31|43:36|37:37|38:37|49:40|52:43|44:43|55:51|52:52|53:54|66:65|66:66|78:70|82:80|92:81|82:82|94:85|97:88|100:91|92:92|93:97|98:97|109:99|100:100|101;45,44,56,68,80,79,91,103,104,92;82,83,95,94,106,118,130,129,128,127,126,114,102,90,78,77,65,53,54,55,67,66;43,42,41,40,39,51,63,62;57,58,46;52,64,76,88,89,101,113,125,124,123,122,121,120;86,85,84,72,60,48,36,24,12,0,1,2,3,4,5,6,7,8,9,10,11,23,35,47,59,71,70,69,81,93,105,117,116,115;37,25,13,14,15,16,17,18,19,20,21;97,96,108,109,110,111,112,100;132,133,134,135,136,137,138,139,140,141,142,143,131,119,107;98,99,87,75,74,73,61,49,50,38,26,27,28,29,30,31,32,33,34,22
12,0,24,10,,,2|14:13|14:14|15:19|31:27|39:30|31:31|43:38|39:39|40:41|53:53|54:53|65:61|73:72|73:73|85:75|87:78|79:79|80:79|91:86|87:87|99:92|104:103|104:104|105:118|130:129|130:130|142;41,29,17,5,6,7,8,9,10,11,23,35,47,59,71,83,95,107,119,118,117,129,128,127,126,125,124,123,122,121,109,97,96;39,51,50,38,26,14;21,20,19,18,30,42,43,44,45,46,58,70,82,94;106,105,93,81,69,57,56,55,54,66,78,90,102,114,113,112,111,110,98,86,85,84,72,60,48,36,24,12,0,1,2,3,15,27;53,52,40,28,16,4;99,100,101,89,77,65,64,63,62,61,49,37,25,13;31,32,33,34,22;73,74,75,76,88,87;79,67,68,80,92,91,103,115,116,104;130,131,143,142,141,140,139,138,137,136,135,134,133,132,120,108
12,0,25,10,,,28|29:29|30:29|41:31|43:39|51:43|44:43|55:50|51:51|63:66|78:69|81:72|73:73|74:73|85:77|78:78|79:80|81:81|93:91|103:99|100:100|101:100|112:102|103:103|115:108|109:109|110:109|121;43,42,30,31,32,33,45,57,69,68,80;78,90,102,114,115,116,117,105,106,107,119,131,143,142,141,140,139,138,137,136,135,134,133,132,120,108,96,97,109;73,61,60,72,84,85,86,98,110;29,17,18,19,20,21,22,34,46,58,70,82,81;118,130,129,128,127,126,125,124,123,122,121;44,56,55,54,53,41,40,28,27,26;63,62,50,49,48,36,24,12,0,1,2,3,4,5,6,7,8,9,10,11,23,35,47,59,71,83,95,94,93;16,15,14,13,25,37,38,39;51,52,64,76,88,100;103,104,92,91,79,67,66,65,77,89,101,113,112,111,99,87,75,74
12,0,26,9,,,19|31:30|31:31|32:34|46:42|54:45|46:46|58:49|50:50|51:50|62:54|55:54|66:64|76:69|81:76|77:76|88:80|81:81|93:91|103:98|110:103|104:103|115:109|110:110|122;31,43,42,41,53,54;33,45,57,58,59,71,83,95,94,93,92,104,116,115,114,113,112,111,110;39,40,52,64,65,66,67,55,56,44,32;51,63,62,61,49,37,25,13,14,15,16,17;103,102,90,91,79,80,68,69,70,82,81;23,11,10,9,8,7,6,5,4,3,2,1,0,12,24,36,48,60,72,73,74,75,76;78,77,89,101,100,99,98,97,109,121,122,123,124,125,126,127,128,129,117,105,106,107,119,131,143;88,87,86,85,84,96,108,120,132,133,134,135,136,137,138,139,140,141,142,130,118;50,38,26,27,28,29,30,18,19,20,21,22,34,35,47,46
12,0,27,10,,,3|15:14|15:15|27:19|31:30|31:31|32:40|52:51|52:52|64:57|69:68|69:69|70:90|102:93|94:94|95:94|106:98|99:99|100:99|111:102|103:102|114:105|117:108|109:109|110:109|121:116|117:117|118;117,129,130,118,106,105,93,81,69;109,97,96,108,120,121,122,123,124,125,126,127,128,116,104,92,80,68,56,57,45,33;99,87,75,74,73,72,60,48,36,24,12,0,1;65,64,76,88,100,112,113,114,115,103;84,85,86,98,110,111;94,82,70,58,46,34,22,21;102,101,89,90,91,79,67,55,54,42,30,29,28,27,26,38,50;15,16,17,18,19,20,32,44,43,31;77,78,66;132,133,134,135,136,137,138,139,140,141,142,143,131,119,107,95,83,71,59,47,35,23,11,10,9,8,7,6,5,4,3,2,14,13,25,37,49,61,62,63,51,39,40,41,53,52
12,0,28,8,,,2|14:13|14:14|15:22|34:25|37:30|31:31|32:31|43:34|35:34|46:36|37:37|38:50|62:62|63:62|74:98|99:99|100:99|111:109|121:120|121:121|133;121,122,123,124,125,126,127,128,129,130,118,106,94,82,70,58,46,47,35,23,11,10,9,8,7,6,5,17,29,41;0,12,24,36,48,60,72,84,96;34,33,45,57,69,81,93,105,117,116,115,114,113,112,111,110,98;99,87,86,85,97,109,108,120,132,133,134,135,136,137,138,139,140,141,142,143,131,119,107,95,83,71,59;37,49,50,38,26,14;78,66,54,53,52,40,28,16,4;31,19,18,30,42,43,55,67,79,91,90,89,77,65,64,63,51,39,27,15,3,2,1,13,25;62,61,73,74,75,76,88,100,101,102,103,104,92,80,68,56,44,32,20,21,22
12,0,29,9,,,8|20:20|21:20|32:26|38:38|39:38|50:43|55:55|56:55|67:61|73:66|78:72|73:73|85:77|78:78|90:98|110:100|101:101|102:101|113:109|110:110|111:116|117:117|118:117|129;117,105,93,81,69,57,45,33,32,31,30,18,6,5,4,3,2,1,0;55,54,53,41,29,17,16,15,14,13,12,24,36,48,60,72,84,85,97,98,99,111,123,124,125,126,127,115;50,51,39;101,89,77,76,75,63,62,61,49;20,19,7,8,9,21,22,34,46,58,70,82,94,106,118,130,129,128,116,104,103;10,11,23,35,47,59,71,83,95,107,119,131,143,142,141,140,139,138,137,136,135,134,133,132,120;73,74,86,87,88,100,112,113,114,102,90,91,92,80,68,56,44,43,42;78,79,67,66,65,64,52,40,28,27,26,25,37,38;96,108,109,121,122,110
12,0,30,10,,,4|16:10|22:15|16:16|28:21|22:22|34:27|39:30|42:37|49:39|40:39|51:41|42:42|54:48|49:49|61:76|77:77|78:77|89:81|93:88|100:92|93:93|94:99|100:100|112:126|127:127|128:127|139;11,10,9,8,7,6,5,4,3,15,27,28,40,52,51,63;143,142,130,118,106,94,82,70,58,46,34,35,23,22;77,65,53,41,29,30,31,32,44,56,68,67,79,91,103,115,127;99,87,88,89,101,100;113,112,111,110,98,86,74,75,76,64;16,17,18,19,20,21,33,45,57,69,81,80,92,104,116,128;37,25,13;42,43,55,54,66,78,90,102,114,126,125,124,123,122,121,109,97,85,73,61,62,50,49;93,105,117,129,141,140,139,138,137,136,135,134,133,132,120,108,96,84,72,60,48,36,24,12,0,1,2,14,26,38,39;131,119,107,95,83,71,59,47
