9:11+B,0,1,6,,45:46:47:48:50:51:52:53;79,88,87,86,85,84,83,82,73,64,65,66,67,68,59,60,61,62,71;11,12,13,14,15,16,25,34,33,32,31,30,39,38,37,36,27,18,9;24,23,22,21,20,29;0,1,10,19,28;2,3,4,5,6,7,8,17,26,35,44,43,42,41,40,49,58,57,56,55,54,63,72,81,90,91,92,93,94,95,96,97,98,89,80;70,69,78,77,76,75,74
9:11+B,0,2,7,,45:46:47:48:50:51:52:53;82,83,74,75,76,77,78,87,88;32,31,30,39,38,37,36,27,18,9,0,1,2,3,4,5,6,7,8,17,26,35;19,10,11,12,13,14,15,16,25,34,43,44;86,85,84;98,97,96,95,94,93,92,91,90,81,72,63,54,55,56,57,58,49,40,41,42,33,24,23,22,21,20,29,28;73,64,65,66,67,68,69,70,79,80,89;71,62,61,60,59
9:11+B,0,3,8,,45:46:47:48:50:51:52:53;78,77,76,75,74;56,65,64,73,82;15,24,23;93,94,95,96,97,98,89,80,71,62,61,60,59,58,49,40,39,38,37,36;2,1,0,9,18,27,28,29,30,31,32,33,34,25,16;4,3,12,11,10;55,54,63,72,81,90,91,92,83,84,85,86,87,88,79,70,69,68,67,66,57;41,42,43,44,35,26,17,8,7,6,5,14,13,22,21,20,19
9:11+B,0,4,8,,45:46:47:48:50:51:52:53;33,24,23;84,83,82,81;12,3,2,1,0,9,18,27,36,37,38,39,40,49,58,57,56,55,54,63,72;14,15,16,25,34,43,42,41,32,31,30,29,28,19,10,11;78,77,76,75,74,73,64;65,66,67,68,59,60,61,62,71,80,89,98,97,96,95;44,35,26,17,8,7,6,5,4,13,22,21,20;90,91,92,93,94,85,86,87,88,79,70,69
9:11+B,0,5,9,,45:46:47:48:50:51:52:53;93,92,91,90,81,72,63,54,55,56,57,58,49,40,41,42,43,44,35,26;15,14,13,12,11;0,9,18,27,36,37,38,39,30,31,32,33,34,25,16,17;29,20,21,22,23,24;74,75,76,85,94,95;69,78,77,86;84,83,82,73,64,65,66,67,68,59,60,61,70,79,88,87;96,97,98,89,80,71,62;8,7,6,5,4,3,2,1,10,19,28
9:11+B,0,6,7,,45:46:47:48:50:51:52:53;43,44,35,26,17,8,7,6,5,4,3,2,1,0,9,18,27,36,37,38,29,20,21,22,23,24,33;78,77,76,75,74,65,64,63,72,81,90,91,92,93,94,95;98,97,96,87,86,85,84,83,82,73;39,30,31,32;54,55,56,57,66,67,68,69,70,79,88;89,80,71,62,61,60,59,58,49,40,41,42;34,25,16,15,14,13,12,11,10,19,28
9:11+B,0,7,9,,45:46:47:48:50:51:52:53;70,79,88;5,4,13,12,21,20;65,64,73,82,83,84,85,76,77,68,59;74,75,66,67,58,49,40,41,32,33,24;34,25,16,15,14,23,22,31,30,39,38,37,36,27,18,9,0,1;42,43,44,35,26,17,8,7,6;3,2,11,10,19,28,29;97,98,89,80,71,62,61,60,69,78,87,86;96,95,94,93,92,91,90,81,72,63,54,55,56,57
9:11+B,0,8,6,,45:46:47:48:50:51:52:53;28,29,20,21,22,13,14,15,16,25,34,33;71,80,79,88,87,86,85,84,83,82,73,64,65,66,67,68,59,60;62,61,70,69,78,77,76,75,74;89,98,97,96,95,94,93,92,91,90,81,72,63,54,55,56,57,58,49,40,41,42,43,44,35,26,17,8,7,6,5,4;3,2,1,0,9,18,27,36,37,38,39,30,31,32,23,24;12,11,10,19
9:11+B,0,9,9,,45:46:47:48:50:51:52:53;0,1,2,3,4,5,6,7;15,24,23,22,21,20,29,28;14,13,12,11,10,9;69,78,77,76,67,66;68,59,60,61,62;75,74,65;79,88,87,86,85,84,83,82,73,64;70,71,80,89,98,97,96,95,94,93,92,91,90,81,72,63,54,55,56,57,58,49,40,41,42,43,44,35,26;19,18,27,36,37,38,39,30,31,32,33,34,25,16,17,8
9:11+B,0,10,7,,45:46:47:48:50:51:52:53;29,20,21,22,23,24,25;28,19,10,11,12,13,14,15,16;71,80,89,98,97,96,95,94,93,92,91,90,81,72,63,54,55;69,78,77,76,85,84,83,82,73,64,65,56,57,58,49,40,41,42,43,44,35,26,17,8,7,6,5,4,3,2,1,0,9;70,79,88,87,86;74,75,66,67,68,59,60,61,62;18,27,36,37,38,39,30,31,32,33,34
9:11+B,0,11,7,,45:46:47:48:50:51:52:53;98,97,88,87,78,77,76,75,74;12,13,14,15,16,25,34,43,42,41,32,31,30,29,20;33,24,23,22,21;86,85,84,83,82,73,64,65,66,67,68,69,70,79;59,60,61,62,71,80,89;36,27,18,9,0,1,2,3,4,5,6,7,8,17,26,35,44;11,10,19,28,37,38,39,40,49,58,57,56,55,54,63,72,81,90,91,92,93,94,95,96
9:11+B,0,12,6,,45:46:47:48:50:51:52:53;36,37,28,19,10,11,12,13,14,15,16,25,34;57,58,49,40,39,38,29,20,21,22,23,24,33;62,71,70,79,88,87,86,85,84,83,82,73,64;80,89,98,97,96,95,94,93,92,91,90,81,72,63,54,55,56,65,74,75,76,77,78,69;66,67,68,59,60,61;30,31,32,41,42,43,44,35,26,17,8,7,6,5,4,3,2,1,0,9,18,27
9:11+B,0,13,9,,45:46:47:48:50:51:52:53;5,4,3;70,79,88,87,96,95;22,21,20,19,10;74,75,76,67,68,59;34,33,32,31,30,29,28;15,6,7,8,17,26;97,98,89,80,71,62,61,60,69,78,77,86,85,94,93,92,91,90,81,72,63,54,55,56;16,25,24,23,14,13,12,11,2,1,0,9,18,27,36,37,38,39,40,49,58,57,66,65,64,73,82,83,84;35,44,43,42,41
9:11+B,0,14,8,,45:46:47:48:50:51:52:53;22,31,30,29;15,16,25,34,33,32,41,40,49,58,57,56,55,54,63,72,81,90,91,92,93,94,95,96,97,98,89,80;3,2,11,10;70,69,78,77,76,75,74;71,62,61,60,59,68,67,66,65,64,73,82,83,84,85,86,87,88,79;24,23,14;39,38,37,36,27,18,9,0,1;42,43,44,35,26,17,8,7,6,5,4,13,12,21,20,19,28
9:11+B,0,15,9,,45:46:47:48:50:51:52:53;73,64,65,66,67,68,59,60,61,62,71,80,79,88,87,86,85;44,43,34,25,16,15,14,13,22;35,26,17,8,7,6,5,4,3,12,21,20;2,11,10,19,28,29;24,23,32,31,30,39,38,37,36,27,18,9,0,1;57,58,49,40,41,42,33;82,83,74,75,76,77,78,69,70;89,98,97,96,95,94;84,93,92,91,90,81,72,63,54,55,56
9:11+B,0,16,7,,45:46:47:48:50:51:52:53;30,29,28,19;44,43,42,41,32,31,22,21,20,11,10;83,82,73,64,65,66,67,68,59,60,61,62,71,80,89,98,97;69,70,79,88;4,5,6,15,16,25;94,95,96,87,78,77,76,75,74;86,85,84,93,92,91,90,81,72,63,54,55,56,57,58,49,40,39,38,37,36,27,18,9,0,1,2,3,12,13,14,23,24,33,34,35,26,17,8,7
9:11+B,0,17,7,,45:46:47:48:50:51:52:53;34,25,16,15,6;59,68,67,66,65,64,73,82,83,84;70,69,78,77,76,75,74;79,88,87,86,85;20,21,30,39,40,49,58,57,56,55,54,63,72,81,90,91,92,93,94,95,96,97,98,89,80,71,62,61,60;38,37,36,27,18,9,0,1,2,3,4,5,14,23,24,33;7,8,17,26,35,44,43,42,41,32,31,22,13,12,11,10,19,28,29
9:11+B,0,18,9,,45:46:47:48:50:51:52:53;15,24,23,22;57,66,67,68,69,70,79,88,87,86,85,84,83,82,73,64;14,13,12;8,17,26,35,44,43,42,41,40,49,58,59,60,61,62,71,80,89,98,97,96,95,94,93,92,91,90,81,72,63;54,55,56,65,74,75,76,77,78;27,36,37,38,39;16,7,6,5,4,3,2,1,0,9,18,19,28,29;21,30,31,32,33,34,25;20,11,10
9:11+B,0,19,5,,45:46:47:48:50:51:52:53;74,75,76,77,68,59,60,61,62;38,39,30,31,32,33,34,25,16,15,14,13,12,11,10,19,28;57,56,55,54,63,72,81,90,91,92,93,94,95,96,97,88,79;29,20,21,22,23,24;98,89,80,71,70,69,78,87,86,85,84,83,82,73,64,65,66,67,58,49,40,41,42,43,44,35,26,17,8,7,6,5,4,3,2,1,0,9,18,27,36,37
9:11+B,0,20,9,,45:46:47:48:50:51:52:53;44,43,42,41,40,49,58,57,66;70,69,78,77,76,75,74,65,64;20,21,22,23;62,71,80,89,98,97,96,95,94,93,92,91,90,81;8,17,26,35,34,33,32,31,30,29,28,19,10;16,7,6,5,4,3;39,38,37,36,27,18,9,0,1,2,11,12,13,14,15,24,25;56,55,54,63,72,73,82,83,84,85,86,87,88,79;61,60,59,68,67
9:11+B,0,21,8,,45:46:47:48:50:51:52:53;26,25,34,33,32,31,30,29,28,19,10,11,12,13,14,5,6,7,8;55,64,73,82,83,84,75,66,57,58,49,40,39,38,37,36,27,18,9,0,1,2,3,4;54,63,72,81,90,91,92,93,94,85,76,67,68,69,70,79,88,87,96;74,65,56;59,60,61,62,71,80,89,98,97;35,44,43,42,41;20,21,22,23,24,15,16,17;95,86,77,78
9:11+B,0,22,7,,45:46:47:48:50:51:52:53;94,95,96,97,98,89,80,71,62,61,60,59,68,67,66,65,64,73,82,81;29,20,21,22,13,14,15,6,7,8,17,26,35,44,43;28,19,10,11,12,3,4,5;72,63,54,55,56,57,58,49,40,41,42,33,34,25,16;93,84,85,86,87,88,79,70;2,1,0,9,18,27,36,37,38,39,30,31,32,23,24;90,91,92,83,74,75,76,77,78,69
9:11+B,0,23,7,,45:46:47:48:50:51:52:53;56,55,54,63,72,81,90,91,92,93,94,95,96,97,98,89,80,71,62,61,60,59,58,49,40,41,42,43,44,35,26,17,8,7,6,5,4,3,2,1,0,9;36,37,28;78,77,76,75,74;57,66,67,68,69,70;30,31,32,33,34,25,16,15,14,13,12,11,10,19,18,27;39,38,29,20,21,22,23,24;79,88,87,86,85,84,83,82,73,64,65
9:11+B,0,24,7,,45:46:47:48:50:51:52:53;79,70,69,68,67,66,57,56,55,54;33,24,23;73,82,83,84,85,86,95,96,97,98;38,37,36,27,18,9,0,1,2,3,4,5,6,7,8,17,26,35,44,43,42,41,32,31,30;34,25,16,15,14,13,12,11,10,19,28,29;22,21,20;39,40,49,58,59,60,61,62,71,80,89,88,87,78,77,76,75,74,65,64,63,72,81,90,91,92,93,94
9:11+B,0,25,9,,45:46:47:48:50:51:52:53;75,74,65,56,57,58,49,40,41,42,43,44,35,26,17,8,7,6,5,4,3,2;66,67,68,59,60,61,62;1,0,9,18;63,72,81,90,91,92,93,94,95,96,97,98,89,80,71;54,55,64,73,82,83,84;85,76,77,78,69,70;27,36,37,38,29,20,21,22,23,24;39,30,31,32,33,34,25,16,15,14,13,12,11,10,19,28;86,87,88,79
9:11+B,0,26,6,,45:46:47:48:50:51:52:53;54,55,56,57,66,67;16,25,34,33,32,31,30,39,38,37,36;60,61,62,71,80,89,98;5,14,13,12,11,10,19;69,78,87,86,85,84,83,82,73;4,3,2,1,0,9,18,27,28,29,20,21,22,23,24,15,6,7,8,17,26,35,44,43,42,41,40,49,58,59,68,77,76,75,74,65,64,63,72,81,90,91,92,93,94,95,96,97,88,79,70
9:11+B,0,27,6,,45:46:47:48:50:51:52:53;79,88,87,86,85,84,83,82,73,64,65,66,67,68,59,60,61,62;34,33,32,31,30,39,38,37,36,27,18,19,10,11,12,13,14,15,16,17,8;9,0,1,2,3,4,5,6,7;74,75,76,77,78,69,70,71;26,25,24,23,22,21,20,29,28;80,89,98,97,96,95,94,93,92,91,90,81,72,63,54,55,56,57,58,49,40,41,42,43,44,35
9:11+B,0,28,7,,45:46:47:48:50:51:52:53;34,33,32,31,30,39,38,37,36,27,18,9,0,1,2,3,4,5,6,7,8,17;82,73,64,65,66,67,68,69;25,24,23,22,21,20;59,60,61,70,79,88,87,86,85,84,83;29,28,19,10,11,12,13,14,15,16;74,75,76,77,78;26,35,44,43,42,41,40,49,58,57,56,55,54,63,72,81,90,91,92,93,94,95,96,97,98,89,80,71,62
9:11+B,0,29,6,,45:46:47:48:50:51:52:53;36,27,28;73,82,83,84,85,86,87,88,79,70,69,68,67,66,57,56,55;37,38,29,20,21,22,23,24;19,18,9,0,1,2,3,4,5,6,7,8,17,26,35,44,43,42,41,40,49,58,59,60,61,62,71,80,89,98,97,96,95,94,93,92,91,90,81,72,63,54;39,30,31,32,33,34,25,16,15,14,13,12,11,10;64,65,74,75,76,77,78
9:11+B,0,30,9,,45:46:47:48:50:51:52:53;62,71,80,89,88,87,78,69;98,97,96,95,86,77,76,75,84,83,82,73,64;74,65,66,67,68,59,60,61,70,79;33,24,23;10,19,18,27;9,0,1,2;85,94,93,92,91,90,81,72,63,54,55,56,57,58,49,40,31,32;38,39,30,21,22,13,14,15,16,25,34,43,42,41;36,37,28,29,20,11,12,3,4,5,6,7,8,17,26,35,44
9:12+B,0,31,9,,,45|54:46|55:47|56:48|57:50|59:51|60:52|61:53|62;60,61,62,71,80,89,98,107,106,105,104,103,102,101,100,99,90,81,72,63,54,55,56,57,58,49,50,51,52,53,44,35,26,17;59,68,77,76,75,74,83;67,66,65,64,73,82,91,92,93,84,85,86,87,78,69;13,22,21,30,39,40,41,42,43,34,25,16,7,8;18,9,0,1,2,3,4,5,6,15,24,33;37,38,29,20;48,47,46,45,36,27,28,19,10,11,12;70,79,88,97,96,95,94;14,23,32,31
9:12+B,0,32,8,,,45|54:46|55:47|56:48|57:50|59:51|60:52|61:53|62;67,66,65,64,73,82,91,92,93,84,85,86,87,78,69,60,61,62,71,80,89,98,107,106,105,104,103;10,19,28,37,38,39,40,31;29,30,21,22,23,32,41,50;5,6,7,16,25,34,43;59,68,77,76,75,74,83;70,79,88,97,96,95,94;12,11,20;102,101,100,99,90,81,72,63,54,55,56,57,58,49,48,47,46,45,36,27,18,9,0,1,2,3,4,13,14,15,24,33,42,51,52,53,44,35,26,17,8
9:12+B,0,33,9,,,45|54:46|55:47|56:48|57:50|59:51|60:52|61:53|62;38,37,28,19,10,11,12,13,4,5,6,7,8,17,26,35,44,53,52,51;20,21,22,23,14,15,16,25,34,43,42,41,50,49,58,57,66,75,84,83;24,33,32,31,40;76,67,68,69,70,79,88,97;54,55,64;3,2,1,0,9,18,27,36,45,46,47,48,39,30,29;56,65,74,73,82,91,92,93,94,85,86;59,60,61,62,71,80,89,98,107,106,105;77,78,87,96,95,104,103,102,101,100,99,90,81,72,63
9:12+B,0,34,9,,,45|54:46|55:47|56:48|57:50|59:51|60:52|61:53|62;43,42,41,40,39,38,29,20,21,22,23,24,25;83,74,75,76,77,68,69,60,61,62,71,80,89,98,107,106,105,104,103;34,33,32,31,30;16,17,26,35,44,53,52,51,50;67,66,65,64,73,82,91,92;59,58,49,48,47,46,37,28,19,10,11,12,13,14,15;8,7,6,5,4,3,2,1,0,9,18,27,36,45;70,79,88,97,96,95,94;57,56,55,54,63,72,81,90,99,100,101,102,93,84,85,86,87,78
9:12+B,0,35,8,,,45|54:46|55:47|56:48|57:50|59:51|60:52|61:53|62;28,37,38,39,40,41,42,43,34,25,16,15,14,23,22,21;75,66,67,58,49,48,47,46,45,36,27,18,9,0,1,2,3;20,29,30,31,32,33,24;93,92,91,82,73,64;19,10,11,12,13,4,5,6,7,8,17,26,35,44,53,52,51,50;55,54,63,72,81,90,99,100,101,102,103,104,105,106,107,98,89;94,95,86,87,78,69,70;96,97,88,79,80,71,62,61,60,59,68,77,76,85,84,83,74,65,56,57
9:12+B,0,36,8,,,45|54:46|55:47|56:48|57:50|59:51|60:52|61:53|62;83,74,75,76,77,78,69;25,34,43,42,41,40,39,48;84,85,86,87;0,9,18,27,36,45,46,47,38,29,30,31,32,33,24,15,16;61,62,71,80,89,98,107,106,105,104,103,102,101,100,99,90,81,72,63,54,55,56,57,58,49,50,51,52,53,44,35,26,17,8,7,6,5,4,3,2,1,10;14,23,22,21,20,19,28,37;70,79,88,97,96,95,94,93,92,91,82,73,64,65,66,67,68,59,60;13,12,11
9:12+B,0,37,9,,,45|54:46|55:47|56:48|57:50|59:51|60:52|61:53|62;104,105,106,107,98,89,80,71,62,61,60,59,68,77,76,85,84,93,92,91,82,73,64,65,56,57;39,48,47,46,45,36,27,18,9,0,1,2,3,4,5,6,7,8,17,26,25,24;20,21,22,31,40,41,42,43,52;96,97,88,79,70;23,32,33,34,35,44,53;55,54,63,72,81,90,99,100,101,102,103,94,95,86,87,78,69;37,38,29,30;28,19,10,11,12,13,14,15,16;51,50,49,58,67,66,75,74,83
9:12+B,0,38,9,,,45|54:46|55:47|56:48|57:50|59:51|60:52|61:53|62;65,74,83,84,85,86,87;64,73,82,91,92,93,94,95,96,97,88,79,70,69,68,67;24,15,14,13,12,21,30;54,55,56,57,66,75,76,77,78;45,36,27,18,9,0,1,2,3,4,5,6,7,16,25,34,43;8,17,26,35,44,53,52,51,42,33,32;11,20,29,38,39,40,41,50;31,22,23;10,19,28,37,46,47,48,49,58,59,60,61,62,71,80,89,98,107,106,105,104,103,102,101,100,99,90,81,72,63
9:12+B,0,39,9,,,45|54:46|55:47|56:48|57:50|59:51|60:52|61:53|62;50,41,32,23,14,13,12,21,20;8,17,26,35,44,53,52,51,42,33,24,15;92,91,82,73;54,55,56,57,66,67,68,69,70,79,88,87,86,85;43,34,25,16,7,6,5,4,3,2,11,10,19,28,37,38;22,31,40,49,58,59,60,61,62,71,80,89,98,107,106,105,104,103,102,101,100,99,90,81;97,96,95,94,93,84,83,74,65,64,63,72;75,76,77,78;29,30,39,48,47,46,45,36,27,18,9,0,1
9:12+B,0,40,9,,,45|54:46|55:47|56:48|57:50|59:51|60:52|61:53|62;99,90,81;84,85,86,87,78,69,68,59,58,49,50,51,52,53,44,35,26,17,8,7,6,5,4,3,2,1,0,9,18;46,37,38,29,20,21,22,23,14,15,16,25,34,43,42,41,40;24,33,32,31,30,39,48,47;54,55,56,57,66,67;72,73,82,91,100,101,102,103,104,105,106,107,98,89,80,71,62;75,76,77;45,36,27,28,19,10,11,12,13;63,64,65,74,83,92,93,94,95,96,97,88,79,70,61,60
9:12+B,0,41,7,,,45|54:46|55:47|56:48|57:50|59:51|60:52|61:53|62;34,25,24,23,22,21,20,19,18,27,36,45;97,88,79,70,69,68,67,58,49,48,47,46,37,28,29,30,31,32,33,42,43,44,35,26,17,8,7,6,5,4,3,2,1;38,39,40,41,50,51,52,53;0,9,10,11,12,13,14,15,16;59,60,61,62,71,80,89,98,107,106,105,96,87,78,77,76,75,66,57,56;65,74,83,84,85,86,95,104,103,102,101,100,99,90,81,72,63,54,55;64,73,82,91,92,93,94
9:12+B,0,42,8,,,45|54:46|55:47|56:48|57:50|59:51|60:52|61:53|62;60,69,78,77,76,75,74,83;53,52,51,50,41,32,31,30,29,28,19;0,1,2,3,4,5,6,7,8,17,26,35,44;71,80,89,98,97,96,95,94,93,92,91,82,73,64,65,66,67,68,59;48,47,46,45;62,61,70,79,88,87,86,85,84;42,33,24,23,22,21,20;107,106,105,104,103,102,101,100,99,90,81,72,63,54,55,56,57,58,49,40,39,38,37,36,27,18,9,10,11,12,13,14,15,16,25,34,43
9:12+B,0,43,9,,,45|54:46|55:47|56:48|57:50|59:51|60:52|61:53|62;38,37,28,19,10,11,12,21,22,23,24,25,34,43;57,56,65,74,83,84,93,102,101,100,99,90,81,72,63,54;20,29,30,31,32,33,42,51,50,49,58,59,60,61,70,79,88;69,78,87,96,97;55,64,73,82,91,92;76,85,94,103,104,105,106,107,98,89,80,71,62;41,40,39,48,47,46,45,36,27,18,9,0,1,2,3,4,5,6,7,8;13,14,15,16,17,26,35,44,53,52;95,86,77,68,67,66,75
9:12+B,0,44,9,,,45|54:46|55:47|56:48|57:50|59:51|60:52|61:53|62;10,19,20,21,22,23,24,25,34,43,42,41,40,39,38,37;56,55,54,63,72,81,90,91,92,93,94,95,96,97,98,89,80,71,62,61,60,59,58,49,50,51,52,53,44,35,26,17,8,7,6,5,4,3,2;64,65,74,75,76,77,78;68,67,66,57;107,106,105,104,103,102,101,100,99;16,15,14,13,12,11;36,45,46,47,48;1,0,9,18,27,28,29,30,31,32,33;73,82,83,84,85,86,87,88,79,70,69
9:12+B,0,45,7,,,45|54:46|55:47|56:48|57:50|59:51|60:52|61:53|62;11,12,13,14,15,16,25,34,43,52,51,50,49,58,57,56,55,54,63,72,81,90,99,100,101,102,103,104,105,106,107,98,89,80,71,62,61;64,65,66,67;53,44,35,26,17,8,7,6,5,4,3,2,1,10,19,20,21,22,23,24,33,42,41,40,39,48,47,46;28,27,18,9,0;45,36,37,38,29,30,31,32;70,79,88,97,96,95,94,93,92,91,82,73,74,75,76,77,68,59,60;69,78,87,86,85,84,83
9:12+B,0,46,8,,,45|54:46|55:47|56:48|57:50|59:51|60:52|61:53|62;36,27,18,9,0,1,2,3;78,77,76,75;24,33,32,31,30,29,38,37,46,45;20,21,12,13,4,5,6,7,8,17,26,35,44,53,52,51,50,49,58,59,60,61,62,71,80,89,98,97,96,95,94,93,92,91,82,73,64;57,66,67,68,69,70,79,88,87,86,85;28,19,10,11;47,48,39,40,41,42,43,34,25,16,15,14,23,22;84,83,74,65,56,55,54,63,72,81,90,99,100,101,102,103,104,105,106,107
9:12+B,0,47,9,,,45|54:46|55:47|56:48|57:50|59:51|60:52|61:53|62;53,44,35,26,17,16,15,14,13,12,3,2,1,0;37,38,39,40,41,50,51,52,43,34,25,24,23,22,21,20,11,10,9,18;88,87,78,77,76,75,74;97,96,95,86,85,84,83;42,33,32,31,30,29,28,19;4,5,6,7,8;69,70,79;94,93,92,91,82,73,64,65,66,67,68,59,60,61,62,71,80,89,98,107,106;105,104,103,102,101,100,99,90,81,72,63,54,55,56,57,58,49,48,47,46,45,36,27
9:12+B,0,48,9,,,45|54:46|55:47|56:48|57:50|59:51|60:52|61:53|62;101,100,99,90,81,72,63,54,55,56,57,58,49,48,47,46,45,36,27,18,9,0,1,2,3,4,5,6,7,8,17,26;70,79,88,97,96,105;43,42,33,24,23,22,21,20;32,31,30,29;67,66,65,64,73,82,91,92,93,102,103,104,95,86,87,78,69;41,50,51,52,53,44,35,34,25,16,15,14;94,85,84;40,39,38,37,28,19,10,11,12,13;83,74,75,76,77,68,59,60,61,62,71,80,89,98,107,106
9:12+B,0,49,8,,,45|54:46|55:47|56:48|57:50|59:51|60:52|61:53|62;54,55,56,57;44,43,42,33,32,31,30,29,28,19,10,11,12,13,14,15,16;26,17,8,7,6,5,4,3,2,1,0,9,18,27,36,37,38,39,40,41,50,51,52,53;71,62,61,60,59;97,88,87,78,77,76,75,66,65,64,63;102,101,100,99,90,81,72,73,74,83,84,85,86,95,96,105,106,107,98,89,80,79,70,69,68,67,58,49,48,47,46,45;82,91,92,93,94,103,104;35,34,25,24,23,22,21,20
9:12+B,0,50,8,,,45|54:46|55:47|56:48|57:50|59:51|60:52|61:53|62;85,86,95,96,97,88,79,70,69,68,67,58,49,48,47,38,37,28,19,10,11,2,3;50,51,52,53,44,35,26,17,8,7,6,5,4,13,12,21,20;59,60,61,62,71,80,89,98,107,106,105,104,103,102,101,100,99,90,81,72,63,54,55,56,57;46,45,36,27,18,9,0,1;22,23,14,15,16,25,34,43,42,41,40,39,30,29;94,93,84,83,74;87,78,77,76,75,66,65,64,73,82,91,92;31,32,33,24
9:12+B,0,51,9,,,45|54:46|55:47|56:48|57:50|59:51|60:52|61:53|62;15,14,23,32,31,30;37,28,19,10,11,2,3,4,13,22;64,73,82,91,92,93,94,103,104,105,106,107;1,0,9,18,27,36,45,46,47,48,39,40,41,42,33,24;8,17,26,35,44,53;38,29,20,21,12;88,87,78,77,76,75;5,6,7,16,25,34,43,52,51,50,49,58,59,60,61,62,71,80,89,98,97,96,95,86,85,84,83,74,65;79,70,69,68,67,66,57,56,55,54,63,72,81,90,99,100,101,102
9:12+B,0,52,8,,,45|54:46|55:47|56:48|57:50|59:51|60:52|61:53|62;43,42,33,32,31,30,29,38;74,75,76,77,78,87,96,105,106,107,98,89,80,71,62,61,60,59;83,84,85,94;20,21,22,23,24;35,26,17,8,7,6,5,4,3,2,1,0,9,18,27,36,45,46,47,48,39,40,41;97,88,79,70,69,68,67,66,65,64,73,82,91,92,93;37,28,19,10,11,12,13,14,15,16,25,34;44,53,52,51,50,49,58,57,56,55,54,63,72,81,90,99,100,101,102,103,104,95,86
9:12+B,0,53,8,,,45|54:46|55:47|56:48|57:50|59:51|60:52|61:53|62;37,38,39,40,41,50;51,42,33,32,31,30,29,28,19,10,11,12,13,14,5;70,69,68,67,66,57,56;16,25,34,43;83,84,85,86,87,88,89,98,107,106,105,104,103,102,101,100,99,90,81,72,63,54,55;65,74,75,76,77,78,79,80,71,62,61,60,59,58,49,48,47,46,45,36,27,18,9,0,1,2,3,4;64,73,82,91,92,93,94,95,96,97;52,53,44,35,26,17,8,7,6,15,24,23,22,21,20
9:12+B,0,54,9,,,45|54:46|55:47|56:48|57:50|59:51|60:52|61:53|62;23,14,5,6,7,8,17,26,35,44,53,52,51,50,49,58,67,68,69,70,79,88;47,48,39,40,41,42,43,34,25;45,46,37,28,19,20,11,12;10,1,2,3,4,13,22,21,30,29,38;36,27,18,9,0;102,101,100,99,90,81,72,63,54,55,56,57,66,75,76,77,78,87,96,97,98,89,80,71,62,61,60,59;64,73,82,91,92,93,94,103;31,32,33,24,15,16;107,106,105,104,95,86,85,84,83,74,65
9:12+B,0,55,9,,,45|54:46|55:47|56:48|57:50|59:51|60:52|61:53|62;94,93,92,91;89,98,97,96,95,86,85,84,83,82,81,72,63,54,55,56,57,58,49,40,41,42,43,34,25,16,15,14,13,12,11,10,19,28,27;107,106,105,104,103,102,101,100,99,90;74,75,76,77,78,87,88;79,80,71,62,61,60,59;37,38,29,20,21,22,23;36,45,46,47,48,39,30,31,32,33,24;50,51,52,53,44,35,26,17,8,7,6,5,4,3,2,1,0,9,18;73,64,65,66,67,68,69,70
9:12+B,0,56,8,,,45|54:46|55:47|56:48|57:50|59:51|60:52|61:53|62;77,76,75,74;45,36,37,38,29,20,21,22,23,24,33,42;59,60,61,70,79,88,97,96,95,94,93,92,91,90,81,72,63,54,55;73,82,83,84,85,86,87,78,69,68,67,66;27,18,9,0,1,2,3,4,5,6,7,8,17,26,35,44,53,52,51,50,41,32,31,30,39,48,47,46;99,100,101,102,103,104,105,106,107,98,89,80,71,62;28,19,10,11,12,13,14,15,16,25,34,43;64,65,56,57,58,49,40
9:12+B,0,57,7,,,45|54:46|55:47|56:48|57:50|59:51|60:52|61:53|62;42,33,32,31,30,29,20;62,61,60,59,68,77,76,75,74;34,25,16,15,14,13,4,3,2,1,0,9,18,27,36,45,46,47,48,49,58,67,66,65,64,73,82,83,84,85,86,87,78,69,70,71;5,6,7,8,17,26,35,44,53;43,52,51,50,41,40,39,38,37,28,19,10,11,12,21,22,23,24;57,56,55,54,63,72,81,90,91,92,93,94,95,96,97,88,79,80;89,98,107,106,105,104,103,102,101,100,99
9:12+B,0,58,8,,,45|54:46|55:47|56:48|57:50|59:51|60:52|61:53|62;41,42,43,34,25,16,15,14,13,4,3,2,1,0,9,18,27,36,45,46,47,48;107,98,89,80,71,62,61,60,59,68,67,66,75,74,73,64;23,22,21,12,11,10,19,28,37,38,39,40;86,95,94,93,92,91,90,81,72,63,54,55;99,100,101,102,103,104,105,106,97,88,79,70,69;24,33,32,31,30,29,20;82,83,84,85,76,77,78,87,96;65,56,57,58,49,50,51,52,53,44,35,26,17,8,7,6,5
9:12+B,0,59,9,,,45|54:46|55:47|56:48|57:50|59:51|60:52|61:53|62;99,100,101,102,103,104,105,106,107,98,89,80,71,62,61,60,69,78,87;34,25,16,15,14,13,12;65,74,75,76;43,42,33,24,23,22,21,20,11;70,79,88,97,96,95,94,93,92,91,90,81,72,63,64;48,47,46,45,36,27,18;73,82,83,84,85,86,77,68,59,58,49,40,39,38,37,28,19,10,9,0;54,55,56,57,66,67;1,2,3,4,5,6,7,8,17,26,35,44,53,52,51,50,41,32,31,30,29
9:12+B,0,60,9,,,45|54:46|55:47|56:48|57:50|59:51|60:52|61:53|62;13,12,11,10,19,28;56,55,54,63,72,81,90,99,100,101,102,103,104,105,106,107,98,89,80,71,62,61,60,59;64,73,82,91;85,86,77,68,69,70,79,88,97;84,75,76,67,58,49,50,51,42,43,34,25,16;20,21,22,23,14,5,4,3,2,1,0,9,18,27,36,45;52,53,44,35,26,17,8,7,6,15,24,33,32,31,30,29,38,37,46;57,66,65,74,83,92,93,94,95,96,87,78;47,48,39,40,41
11:13+B,0,61,7,,66:67:68:69:70:72:73:74:75:76;41,30,29,28,17,16,15,14,13,12,11;107,118,117,116,115,114,113,112,101,90,79,78;46,57,56,55;44,33,22,23,24,25,26,37,48,49,50,61,62,63,64,65,54,43,32,21,10,9,8,7,6,5,4,3,2,1,0;77,88,89,100,111,122,123,124,125,126,127,128,129,130,119,108,97,96,95,106,105,104,103,102,91,80,81,82,71,60,59,58,47,36,35,34,45;99,110,121,132,133,134,135,136,137,138,139,140,141,142,131,120,109,98,87,86,85,84,83,94,93,92;27,38,39,40,51,52,53,42,31,20,19,18
11:13+B,0,62,8,,66:67:68:69:70:72:73:74:75:76;95,96,107,118,117,116,115,114,113,112,101,90,79,78;87,98,109,120,131,142,141,140,139,138,137,136,135,134,133,132,121,110,99;62,61,60,71,82,81,80,91,102,103,104,105,106;53,42,31,20,19,18,17,16,15,14,13,12,23,34;77,88,89,100,111,122,123,124,125,126,127,128,129,130,119,108,97,86,85,84,83,94,93,92;56,45,46,47,36,37,38,39,40;57,58,59,48,49,50,51,52,63,64,65,54,43,32,21,10,9,8,7,6,5,4,3,2,1,0,11,22,33,44,55;41,30,29,28,27,26,25,24,35
11:13+B,0,63,10,,66:67:68:69:70:72:73:74:75:76;77,88,99,110,121,132,133,134,123,124,125,126,127,128,129,130,119,108,97,86;90,91,92,93,94,83;84,95,106,105,104,103,102,101,100,89,78,79,80,81,82,71,60,61,62,51,40,39,38,27,16,17,18,19,20,31,42,53;122,111,112,113,114,115,116,117,118,107,96,85;24,35,36,37;28,29,30,41,52,63,64,65;2,1,0,11,22,33,44,55,56,57,58,59,48,49,50;135,136,137,138,139,140,141,142,131,120,109,98,87;3,14,13,12,23,34,45,46,47;54,43,32,21,10,9,8,7,6,5,4,15,26,25
11:13+B,0,64,8,,66:67:68:69:70:72:73:74:75:76;89,90,101,112,113,114,115,116,117,118;35,24,25,26,27,28,29;130,119,108,97,86,85,84,83,82,71,60,61,62,63,64,65,54,43,32,21,10,9,8,7;110,121,132,133,134,135,136,137,138,139,140,141,142,131,120,109,98,87;96,107,106,105,104,103,102,91,80,79,78,77,88,99,100,111,122,123,124,125,126,127,128,129;95,94,93,92,81;18,17,16,15,14,13,12,23,34,45,46,47,36,37,38,39,40,41,30;19,20,31,42,53,52,51,50,49,48,59,58,57,56,55,44,33,22,11,0,1,2,3,4,5,6
11:13+B,0,65,8,,66:67:68:69:70:72:73:74:75:76;26,25,14,13,12,23,34,45,46,47,48,49,50,61,62,63,64,65,54,43,32,21,10,9;77,78,79,90,101,100,111,122,123,124,125,126,127,128,129,130,119,108,107;5,6,7,18,29,30,41;92,93,94,83,84,85;112,113,114,115,116,117,118;8,19,20,31,42,53,52,51,40,39,28,17,16,15,4,3,2,1,0,11,22,33,44,55,56,57,58,59,60,71,82,81,80,91,102,103,104,105,106,95,96,97,86;27,38,37,36,35,24;87,98,109,120,131,142,141,140,139,138,137,136,135,134,133,132,121,110,99,88,89
11:13+B,0,66,8,,66:67:68:69:70:72:73:74:75:76;24,23,22,11,0,1,2,3,4,5,6,7,8,9,10,21,32,43,54,65,64,63,62,51,40,39;101,112,113,124,125,126,127,128,129,130,119,108,97;38,49,50,61;53,42,31,20,19,18,17,16,15,14,13,12;94,83,82,71,60,59,58,57,56,55,44,33,34,35,36,25;86,87,98,109,120,131,142,141,140,139,138,137,136,135,134,123,122,111,100,89,90,91,102,103,114,115,116,117,118,107,96;45,46,47,48,37,26,27,28,29,30,41,52;85,84,95,106,105,104,93,92,81,80,79,78,77,88,99,110,121,132,133
11:13+B,0,67,9,,66:67:68:69:70:72:73:74:75:76;128,129,130,119;50,61,62,63,64,65,54,43,32,21,10,9,8,7,6,5,4,3,2,1,0,11,22,33,44,55,56,57;24,25,26,27,38,39,40,51,52,53,42,31,20,19,18;120,109,108,97,96,95,94,93,92,81,80,79,78,77,88,99,110,121,132,133,134,135,136,137;98,87,86,85,84,83,82,71,60,49,48,37,36,35,34,45;107,106,105,104,103,102,91,90,89,100,111,122,123,124,125,126,127,138,139,140,141,142,131;101,112,113,114,115,116,117,118;59,58,47,46;23,12,13,14,15,16,17,28,29,30,41
11:13+B,0,68,9,,66:67:68:69:70:72:73:74:75:76;23,34,45;142,131,130,129,128,127,126,125,124,123,122,111;77,78,79,80,81,92,93,94,95,96;39,40,51,52,53,42,31,20,19,18,17,16,15,26,25,24,35,46,57,56,55,44,33,22;2,1,0;88,89,90,91,102,103,104,105,106,107,108,97;41,30,29,28,27,38,49,48;11,12,13,14,3,4,5,6,7,8,9,10,21,32,43,54,65,64,63,62,61,50;37,36,47,58,59,60,71,82,83,84,85,86,87,98,109,120,119,118,117,116,115,114,113,112,101,100,99,110,121,132,133,134,135,136,137,138,139,140,141
11:13+B,0,69,10,,66:67:68:69:70:72:73:74:75:76;95,106,107,118,119,130;45,34,23,12,13,14,15,16,17,18,19,20,31,42,53,52,51,40,39,38,37,36;57,58,59,48,49,50;117,116,105;56,55,44,33,22,11,0,1,2,3,4,5,6,7,8,9,10,21,32,43,54,65,64,63,62,61,60,71,82,81,80,79,78,77,88,99,110,121,132,133,134,135;41,30,29,28,27,26,25,24,35,46,47;139,138,137,136,125,114,113,112,101,90,89;91,102,103,104,115,126,127,128,129,140,141,142,131,120,109,108,97,96;124,123,122,111,100;92,93,94,83,84,85,86,87,98
11:13+B,0,70,9,,66:67:68:69:70:72:73:74:75:76;56,45,34,23,12,13,14,15,16,17,18,19,20,31,42,53,52,51,40,39,38,37,48,59,60,71,82,81,80,79,78,77,88,99,110,121,132,133,134,123;55,44,33,22,11,0,1,2,3,4,5,6,7,8,9,10,21,32,43,54,65,64,63,62,61,50,49;106,95,96;135,124,113;125,136,137,138,139,140,141,142,131,120,109,98,87,86,85,84,83,94;97,108,119,130,129,128,127,126,115,114,103,102,101,112;47,36,25,26,27,28,29,30,41;122,111,100,89,90,91,92,93,104,105,116,117,118,107;58,57,46,35,24
11:13+B,0,71,9,,66:67:68:69:70:72:73:74:75:76;61,50,49,48,47,46;84,85,86,97,108,119,130,141,140,139,138,137,136,135,124,113;36,37,38,39,40,51,62;11,0,1,2,3,4,5,6,7,8,9,10,21,32,43,54,65,64,63,52,41,30,29,28,27,26,25,24,35,34,45,56,57,58,59,60,71,82,81,80,79,78,77,88,99,110;83,94,95,96,107,118,117,116,115;87,98,109,120,131,142;106,105,104,93,92,91,90,89,100,111,122,121;132,133,134,123,112,101,102,103,114,125,126,127,128,129;53,42,31,20,19,18,17,16,15,14,13,12,23,22,33,44,55
11:13+B,0,72,10,,66:67:68:69:70:72:73:74:75:76;111,100,89,90,91,92,93,94,83,84,85,86,87,98;15,4,5,6,7,8,9,10,21,32,43,54,65,64,63,62,61,50,49,48,47,36,35;41,30,29,28,39,38,37,26;113,114,115,116,117,118,107;3,14,25,24;2,13,12,23,34,45,46;119,130,129,128,127,126,125,124,135,134;1,0,11,22,33,44,55,56,57,58,59,60,71,82,81,80,79,78,77,88,99,110,121,132;133,122,123,112,101,102,103,104,105,106,95,96,97,108,109,120,131,142,141,140,139,138,137,136;27,16,17,18,19,20,31,42,53,52,51,40
11:13+B,0,73,8,,66:67:68:69:70:72:73:74:75:76;100,111,122,123,124,125,126,127,128,129,130,119,108,109,98,87,86,85,84,83,82,71,60,59,58,57,56,55,44,33,34;41,30,29,28,27,26,25,14,13,12;106,95,94,93,92,81,80,79,78;77,88,89,90,91,102,103,104,105,116,117,118,107,96,97;99,110,121,132,133,134,135,136,137,138,139,140,141,142,131,120;11,22,23,24,35,36,37,38,39,40,51,52,53,42,31,20,19,18,17,16,15;0,1,2,3,4,5,6,7,8,9,10,21,32,43,54,65,64,63,62,61,50,49,48,47,46,45;101,112,113,114,115
11:13+B,0,74,10,,66:67:68:69:70:72:73:74:75:76;16,5,6,7,8,9,10,21,32,43,54,65,64,63,62,61,60,71,82,83,84,85,86,87,98,109,120,131,142;97,96,95,94,93,92,81,80;46,45,44,33,22,11,0,1,2,3,4,15,26,27,28,17,18,19,20,31,42,53;24,35,34;128,127,126,125,124,123,122,111,100,89,88;40,39,38,37,36,25,14,13,12,23;101,112,113,114,115,116,117,118,129,140,139,138,137,136,135,134,133,132,121,110,99;29,30,41,52,51,50,49,48,47;55,56,57,58,59;77,78,79,90,91,102,103,104,105,106,107,108,119,130,141
11:13+B,0,75,7,,66:67:68:69:70:72:73:74:75:76;132,121,110,99,88,77,78,79,80,81,92,93,94,95,96,97,108,119,118,117,116,115,114,113,112,123,134;130,129,128,127,126,125,124,135;101,102,103,104,105,106,107;41,30,29,28,27,26,25,24,35,46,57;136,137,138,139,140,141,142,131,120,109,98,87,86,85,84,83,82,71,60,59,58,47,36,37,38,39,40,51,52,53,42,31,20,19,18,17,16,15,14,13,12,23,34,45,56;133,122,111,100,89,90,91;55,44,33,22,11,0,1,2,3,4,5,6,7,8,9,10,21,32,43,54,65,64,63,62,61,50,49,48
11:13+B,0,76,9,,66:67:68:69:70:72:73:74:75:76;40,39,38,37,36,35,34,33,44,55,56,57,58,59;12,13,14,15,16,17,6,7,8,9,10,21,32,43,54,65;77,88,99,110,121,132;124,113,102,91,92,93,94,83,84,85,86,87,98,109,120,131,142,141,140,139,138,137;136,125,114,103,104,105,106,95,96,97,108,119,130,129,128,127;133,122,111,100,89,78,79,80,81,82,71,60,61,62,63,64,53,42,31,20,19,18,29,28,27,26,25,24,23,22,11,0,1,2,3,4,5;45,46,47,48,49,50,51,52,41,30;135,134,123,112,101,90;126,115,116,117,118,107
11:13+B,0,77,10,,66:67:68:69:70:72:73:74:75:76;112,101,90,89;35,24,25,26,27,28,29,30,41,52,63,64,65,54;110,121,132,133,134,135,136,137;80,81,92,103,104;91,102,113,114,115,126,127,138,139,140,141,142,131,120,109,98,87,86,85,84,83;79,78,77,88;118,107,106,95;99,100,111,122,123,124,125;53,42,31,20,19,18,17,16,15,14,13,12,23,34,45,46,47,36,37,38,39,40,51,62,61,60,71,82,93,94,105,116,117,128,129,130,119,108,97,96;43,32,21,10,9,8,7,6,5,4,3,2,1,0,11,22,33,44,55,56,57,58,59,48,49,50
11:13+B,0,78,6,,66:67:68:69:70:72:73:74:75:76;77,88,89,100,111,122,123,124,125,126,127,128,129,130,119,108,97,96;78,79,90,101,112,113,114,115,116,117,118,107;99,110,121,132,133,134,135,136,137,138,139,140,141,142,131,120,109,98,87,86,85,84,83,94,93,92;20,31,42,53,52,51,50,49,48,59,58,57,56,55,44,33,22,11,0,1,2,3,4,5;7,18,29,28,27,26,25,24,35;95,106,105,104,103,102,91,80,81,82,71,60,61,62,63,64,65,54,43,32,21,10,9,8,19,30,41,40,39,38,37,36,47,46,45,34,23,12,13,14,15,16,17,6
11:13+B,0,79,8,,66:67:68:69:70:72:73:74:75:76;45,34,23,12,13,14,15,16,17,18,19,20,31,42,53,52,51;55,44,33,22,11,0,1,2,3,4,5,6,7,8,9,10,21,32,43,54,65,64,63,62,61,60,71,82,83,84,85,86,97,108,119;56,57,58,59;142,141,140,139,128,117,106,105,104,103,102;77,88,99,110,121,132,133,134,135,136,137,138,127,116,115,114,113,112,101,90,91,92,93,94,95,96,107,118,129,130,131,120,109,98,87;36,37,38,39,40,41,30;81,80,79,78,89,100,111,122,123,124,125,126;50,49,48,47,46,35,24,25,26,27,28,29
11:13+B,0,80,9,,66:67:68:69:70:72:73:74:75:76;77,78,89,90,91,102,103,104,105,106;88,99,110,121,132,133,134,135,136,137,138,139,140,141,142,131,120,109,98,87;62,63,64,65,54,43,32,21,10,9,8,7;41,30,29,28,27,16,15,14,13,12,23,34,45,46,47,36,37;51,50,61,60,71,82,83,84,85,86,97,108,119,130,129,128,127,126,125,124,123,122,111;18,17,6,5,4,3,2,1,0,11,22,33,44,55,56,57,58,59,48,49,38,39,40;26,25,24,35;100,101,112,113,114,115,116,117,118,107,96,95,94,93,92,81,80,79;52,53,42,31,20,19
11:13+B,0,81,10,,66:67:68:69:70:72:73:74:75:76;39,38,49,48;96,95,106,105,116,115,126,125,124,123,122,111;87,98,109,120,131,142,141,140,139,128,117,118,107;53,42,31,20,9,8,7,6,5,4,3,2,1,0,11,22,33,44,55,56,57,46,35,24,25,26,27,28,29,40,51,50,61,60,71,82,81,80,79,90,89,100;78,77,88,99,110,121,132,133,134,135,136,137,138,127;59,58,47,36,37;45,34,23,12,13,14,15,16,17,18,19,30,41,52,63,62;10,21,32,43,54,65,64;129,130,119,108,97,86,85,84,83,94,93,104,103,114,113,112;101,102,91,92
11:13+B,0,82,9,,66:67:68:69:70:72:73:74:75:76;139,138,137;44,55,56,57,58,59,48,49,50,51,52,53;23,12,13,14,15,16,17,18,19,20,31,32,43,54,65,64,63,62,61,60,71,82,81,80,79,78,77,88,99,110,121,132,133;127,126,125,136,135,134,123,112,101,102,103,104,105,106,107,118;45,46,47,36,37,38,39,40;95,96,97,108,119,130,141;124,113,114,115,116,117,128,129,140;21,10,9,8,7,6,5,4,3,2,1,0,11,22,33,34,35,24,25,26,27,28,29,30,41,42;142,131,120,109,98,87,86,85,84,83,94,93,92,91,90,89,100,111,122
11:13+B,0,83,10,,66:67:68:69:70:72:73:74:75:76;142,141,140,139,138,137,136,135,134,133,132,121,110,99,88,77,78,79,80;45,34,23,12,13,14,15,16,17,18,19,30,41,40,39,38,37,36,47;113,124,123,122,111,100,89,90;95,96,97;108,119,118,117,116,115;56,55,44,33,22,11,0,1,2,3,4,5,6,7,8,9,10,21,32,43,54,65,64,63,62,61,60,71,82,81,92,91,102,101,112;84,85,86,87,98,109,120,131,130,129,128,127,126,125,114,103,104,93;29,28,27,26,25,24,35,46,57;20,31,42,53,52,51,50,49,48,59,58;83,94,105,106,107
11:13+B,0,84,10,,66:67:68:69:70:72:73:74:75:76;121,132,133,134,135,136,137,138,139,140;109,98,87,86,85,84,83,82,71,60,49,50,51,40,41;35,24,23,12;64,65,54,43,32,21,20,19,18,17,16,27,26,25,36,47,46,45,34;15,14,13;141,130,129,128,117,116,115,114,113,112,101;10,9,8,7,6,5,4,3,2,1,0,11,22,33,44,55,56,57,58,59,48,37,38,39,28,29,30,31,42,53,52,63,62,61;127,126,125,124,123,122,111,110;142,131,120,119,118,107,106,105,104,103,102,91,90,89,100,99;88,77,78,79,80,81,92,93,94,95,96,97,108
11:13+B,0,85,10,,66:67:68:69:70:72:73:74:75:76;31,20,19,18,17,16,15,14,13,12;25,26,27,28,29,30,41,42,53,64,63,62,61,50,49,48,47,46,45,34,33,22,11,0,1;80,79,78,89,100,111,122,123;44,55,56,57,58,59,60,71,82,81,92,91;83,94,93,104;23,24,35,36,37,38,39,40,51,52;77,88,99,110,121,132,133,134,135,136,137,138,139,140,141,142,131,120,109,98,87,86,85,84,95,106,105,116,115,114,103,102;129,130,119,108,97;96,107,118,117,128,127,126,125,124,113,112,101,90;2,3,4,5,6,7,8,9,10,21,32,43,54,65
11:13+B,0,86,8,,66:67:68:69:70:72:73:74:75:76;20,31,42,53,52;59,48,49,50,51,40,41,30;7,6,17;15,14,13,12,23,34;78,89,100,111,122,123,124,125,126,127,128,129,130,119,108,97,96,95,106,105,104,103,102,91,80,81,82,71,60,61,62,63,64,65,54,43,32,21,10,9,8,19,18,29,28,27,26,25,24,35,46,45;107,118,117,116,115,114,113,112,101,90,79;16,5,4,3,2,1,0,11,22,33,44,55,56,57,58,47,36,37,38,39;77,88,99,110,121,132,133,134,135,136,137,138,139,140,141,142,131,120,109,98,87,86,85,84,83,94,93,92
11:13+B,0,87,8,,66:67:68:69:70:72:73:74:75:76;94,83,84,85,86,87,98,109,120,131,142,141,140,139,138,137,136,135,134,123,122,111,110,99;107,118,117,116,115,114,103,102,101,100;58,59,48,49,50,51,52,53,54,43,32,21,10,9,8,7,6,5,4,3,2,1,0,11,22,33,44;89,90,91,92,93,104,105,106,95,96,97,108,119,130,129,128,127,126,125,124,113,112;55,56,45,34,35,24,25,26,27,28,29,30;23,12,13,14,15,16,17,18,19,20,31,42,41,40,39,38,37,36,47,46,57;121,132,133;88,77,78,79,80,81,82,71,60,61,62,63,64,65
11:13+B,0,88,10,,66:67:68:69:70:72:73:74:75:76;114,113,112,101,90,91,92;129,130,119,108;109,120,131,142,141,140,139,138,137,136,135,134,133,132,121,110,99,88,77;31,42,53,52,51,50,49,48,59,58,57,56,55,44,33,22,11,0,1,2,3,4,5;87,86,85,84,83,82,71,60,61,62,63,64,65,54,43,32,21,20,19,30,41,40,39,38,37,36,47,46,45;81,80,79,78,89,100,111,122,123,124,125,126,127,128,117,118,107,96,97,98;106,95,94,93,104,103,102;10,9,8,7,18,29,28,27,26,25,24,35,34;115,116,105;23,12,13,14,15,16,17,6
11:13+B,0,89,8,,66:67:68:69:70:72:73:74:75:76;54,65,64,63,62,61,50,49,48,47,46,57,56,55,44,33,22,11,0,1,2,3,4,5,6,7,8,9,10,21;87,98,109,120,131,142,141,140,139,138,137,136,135,134,133,132,121,110,99,88,77,78,79,80,81,82,71,60,59,58;92,93,94,83,84,85;119,130,129,128,127,126,125,124,123,122,111,100,89,90,91,102,103,104,105,106,95,96,97,86;43,42,53,52,51,40,39,38,37,36,35;108,107,118,117,116,115,114,113,112,101;45,34,23,12,13,14,15,16,17,18,19,20,31,32;41,30,29,28,27,26,25,24
11:13+B,0,90,9,,66:67:68:69:70:72:73:74:75:76;65,64,53,42,31,20,19,18,17,16,15,14,13,12,23,34;109,120,131,142,141,140,139,138,137,136;87,98,97,108,119,130,129,128,127,126,125,114,113,112,101;94,93,92,81,80,79,78,77,88,99,110,121,132,133,134;105,106,95,84,83,82,71,60,61,62,63;35,24,25,26,27,28,29,30,41;52,51,40,39,38,37,36,47,46,45,44,33,22,11,0,1,2,3,4,5,6,7,8,9,10,21,32,43,54;135,124,123,122,111,100,89,90,91,102,103,104,115,116,117,118,107,96,85,86;50,49,48,59,58,57,56,55
11:14+B,0,91,10,,,66|77:67|78:68|79:69|80:70|81:72|83:73|84:74|85:75|86:76|87;14,15,16,17,18,19,20,21,10;149,150,151,152,153,142,131,120,109,98,87,86,85,84,83;123,112,101,102,103,104,105,106,107,118,129,140,141;0,11,22,33,44,55,66,67,68,69,70,59,48,49,50,51,52;1,12,23,34,45,56,57,58,47,36,37,38,39,40,41,42,43,54,65,76,75,74,73,72,71,82,81,80,79,78,77,88,99,110,121,132,143,144,145,146,147,148,137,138,139,128,117,116;60,61,62,63,64,53;127,126,125,136;13,2,3,4,5,6,7,8,9;46,35,24,25,26,27,28,29,30,31,32;130,119,108,97,96,95,94,93,92,91,90,89,100,111,122,133,134,135,124,113,114,115
11:14+B,0,92,9,,,66|77:67|78:68|79:69|80:70|81:72|83:73|84:74|85:75|86:76|87;117,116,115,114,113,102,91,92,81,82,71,72,73,74,75,76;93,94,83,84,85,86,87;60,49,48,47,46;78,89,100,111,122,133,134,135,136,137,138,139,140,141,130,119,108;11,0,1,2,3,4,5,6,7,8,9,10,21,32,43,54,65,64,63,62,61,50,39,38,37,36,35,34,45,56,57,58,59,70;20,31,42,53,52,51,40,29,28,27,26,25,24,23,22,33,44,55,66,67,68,69;80,79,90,101,112,123,124,125,126,127,128,129,118,107;12,13,14,15,16,17,18,19,30,41;77,88,99,110,121,132,143,144,145,146,147,148,149,150,151,152,153,142,131,120,109,98,97,96,95,106,105,104,103
11:14+B,0,93,10,,,66|77:67|78:68|79:69|80:70|81:72|83:73|84:74|85:75|86:76|87;63,64,53,42,31,20,19,18,17,16,15,26;24,23,34,33,44,55,66;107,118,129,128,127,126,125,136,135,134,133,122,111,100,89;40,39,50,49,48,47,58,57;37,38,27,28,29,30,41,52,51,62,73,74,75,76,65,54,43,32,21,10,9,8,7,6,5,4,3,2,1,0,11,22;96,97,108,119,130,141,140,139,138,137;60,59,70,69,68,67,56,45,46,35,36,25,14,13,12;114,115,116,117,106,95,84,85,86,87,98,109,120,131,142,153,152,151,150,149,148,147,146,145,144,143,132,121,110,99,88,77,78,79,80,81;93,92,91,90,101,112,123;61,72,71,82,83,94,105,104,103,102,113,124
11:14+B,0,94,10,,,66|77:67|78:68|79:69|80:70|81:72|83:73|84:74|85:75|86:76|87;101,112,113,114,115,116,127,138,149,150,151,152,153;70,69,68,67,66,55,44,33,22,11,0,1,2,3,4,5,16,27,38,39,40,51,62,63,64,53,42,31,20,19,18,7;109,98,87,86,85,84,83,82,71,60,59,58,47,46,35;36,25,24;136,135,134,133,132;143,144,145,146,147,148,137,126,125,124,123,122,121,110,99,88,77,78,79,80,81,92,93,94,95,96,107,118,129,130,141,142;97,108,119,120,131;57,56,45,34,23,12,13,14,15,26,37,48,49,50,61,72,73,74,75,76,65,54,43,32,21,10,9,8;140,139,128,117,106,105,104,103,102,91,90,89,100,111;6,17,28,29,30,41,52
11:14+B,0,95,10,,,66|77:67|78:68|79:69|80:70|81:72|83:73|84:74|85:75|86:76|87;54,53,64,63,74,73,72,61,60,49,38,37,36,47,46,45,34,23,12,13,14,15,16,17,18,19,20;56,57,58,59,48;81,80,79,78,77,88,99,110,121,132,143,144,145,146,147,148,149,150,151,152,153,142,131,120;97,96,107,118,129,128,127,126,125,124,123,122,111,100,89;75,76,65;43,42,31,30,29,28,39,50,51,62;133,134,135,136,137,138,139,140,141,130,119,108,109,98,87,86,85,84,95,106,117,116,115,114,113,112,101,90,91,92,93;27,26,25,24,35;32,21,10,9,8,7,6,5,4,3,2,1,0,11,22,33,44,55,66,67,68,69,70,71,82,83,94,105,104,103,102;52,41,40
11:14+B,0,96,9,,,66|77:67|78:68|79:69|80:70|81:72|83:73|84:74|85:75|86:76|87;92,103,102,101,112,123,124,125,126,127,128,129,118;107,106,105,104,93;117,116,115,114,113;57,58,47,48,49,50;24,25,26,27,28,29,30,41,52;55,44,33,34,23,12,13,14,15,16,17,18,19,20,31,42,53,64,63,62,61,60,59,70,69,68;22,11,0,1,2,3,4,5,6,7,8,9,10,21,32,43,54,65,76,75,74,73,72,71,82,83,94,95,96,97,108,119,130,141,140,139,138,137,136,135,134,133,122,111,100,89,90,91;51,40,39,38,37,36,35,46,45,56,67,66;81,80,79,78,77,88,99,110,121,132,143,144,145,146,147,148,149,150,151,152,153,142,131,120,109,98,87,86,85,84
11:14+B,0,97,9,,,66|77:67|78:68|79:69|80:70|81:72|83:73|84:74|85:75|86:76|87;88,99,110,121,132,143,144,145,146,147,148,149,150,151,152,153,142,131,120,109,98,87,86,85,84,83,82,71,70,69,68,67,66,55,44,33,22,11,0,1,2,3,4,5,6,17,28;103,104,105;26,25,24,35,46,47,48,49,50,51,52,41,30;27,16,15,14,13,12,23,34,45,56,57,58,59,60,61,62,63,64,53,42,31,20,19;72,73,74,75,76,65,54,43,32,21,10,9;94,93,92;77,78,89,100,111,122,133,134,135,136,137,138,139,140,141,130,119,108,97,96,95,106,117,116,115,114,113,102,91,80,81;79,90,101,112,123,124,125,126,127,128,129,118,107;8,7,18,29,40,39,38,37,36
11:14+B,0,98,10,,,66|77:67|78:68|79:69|80:70|81:72|83:73|84:74|85:75|86:76|87;14,15,16,17,18,19,20,31,42,53,64,63,62,51,40,39,38,37,36,35;52,41,30,29,28,27,26,25,24,13,12;122,133,134,135,124,113,114,115,116,117,118,129,140,151,152,153,142,131,120,109,98,87,86,85,84,83;70,69,68,67,56;136,125,126,127,128,139,150,149;107,106,105,104,103,102,101,112,123;23,34,45,46,57,58,59,60,71,82,81,80,79,78,77,88,99,110,121,132,143,144,145,146,147,148,137,138;141,130,119,108,97,96,95,94,93,92,91,90,89,100,111;1,0,11,22,33,44,55,66;47,48,49,50,61,72,73,74,75,76,65,54,43,32,21,10,9,8,7,6,5,4,3,2
11:14+B,0,99,10,,,66|77:67|78:68|79:69|80:70|81:72|83:73|84:74|85:75|86:76|87;132,133,122,111,100,89,78,79,80,81;33,34,45,56,57,58,59,60,61,62,63,64,53,54,43,32,21,10,9,8,7,6,5,4,3,2,1,0,11;52,51,50,49,48,47,46,35;134,123,112,101,102,103,104,105,106,107,118,129,128,127,126,125,136,147,148,149,150,151,152,153,142,131,120,109,98,87,86,85,84,83,82,71,72,73,74,75,76,65;30,29,28,27,26,15,14,13,12;90,91,92,93,94,95,96,97,108,119,130,141,140,139,138,137;143,144,145,146,135,124,113,114,115,116,117;70,69,68,67,66,55,44;77,88,99,110,121;22,23,24,25,36,37,38,39,40,41,42,31,20,19,18,17,16
11:14+B,0,100,10,,,66|77:67|78:68|79:69|80:70|81:72|83:73|84:74|85:75|86:76|87;153,142,131,120,109,98,87,86,85,84,83,94,105,116,115,114,113;76,65,64;62,63,52,41,40,39,38,37,36;20,19,18,17,16,15,14,13,12,23,34,45,56,57,58,59,60,61,72,73,74,75;148,149,150,151,152,141,130,119,118,107;54,43,32,21,10,9,8,7,6,5,4,3,2,1,0,11,22,33,44,55,66,67,68,69,70,71,82,93,92,91,90,89,100,111;81,80,79,78,77,88,99,110,121,132,143;108,97,96,95,106,117,128,127,126,125,124,135,134;53,42,31,30,29,28,27,26,25,24,35,46,47,48,49,50,51;104,103,102,101,112,123,122,133,144,145,146,147,136,137,138,139,140,129
11:14+B,0,101,10,,,66|77:67|78:68|79:69|80:70|81:72|83:73|84:74|85:75|86:76|87;86,87,98,109,120,131,142,153,152,151,150,149,148,147,146,135,134,133,122,111,100,89;129,118,107,106,95,94,93,92,81,80,79,78,77,88,99,110,121,132,143,144,145;18,17,16,15,14,13,12,23,34,45,56,57,58;32,21,10,9,8,7,6,5,4,3,2,1,0,11,22,33,44,55,66,67,68,69;39,50,61,72,73,74,75,76,65,54,43,42,31,20,19;127,138,137,136,125,124,123;63,62,51,40;101,112,113,114,115,126;36,37,38,49,60,71,82,83,84,85,96,97,108,119,130,141,140,139,128,117,116,105,104,103,102,91,90;64,53,52,41,30,29,28,27,26,25,24,35,46,47,48,59,70
11:14+B,0,102,10,,,66|77:67|78:68|79:69|80:70|81:72|83:73|84:74|85:75|86:76|87;74,75,76,65,54,43,32,21,10,9,8,7,6,5,4,3,14,25,36,47,58,57,56;107,118,129;124,113,102,91,92,93,94,83,84,85,86,87;22,11,0,1,2,13,24,35,46,45;78,77,88,99,110,121,132,143,144,145,146,147,148,137,126,115,116,117;98,109,120,131,142,153,152,151,150,149,138,127,128;133,122,111,100,89,90,79,80,81,82,71,72,73,62,63,64,53,42,31,20,19,18,17,16,15,26,37;51,52,41,30,29,28,27,38,49,48,59,70,69,68,67,66,55,44,33,34,23,12;60,61,50,39,40;139,140,141,130,119,108,97,96,95,106,105,104,103,114,125,136,135,134,123,112,101
11:14+B,0,103,7,,,66|77:67|78:68|79:69|80:70|81:72|83:73|84:74|85:75|86:76|87;39,38,37,36,25,14,13,12,23,34,45,56,57,58,59,60,71,82,93,94,95,96,97,108,119,130,141,140,139,138,137,136,135,134,133,122,111,100,89;80,91,102,113,114,115,116,117;75,74,73,72,61,50,49,48,47,46,35,24;83,84,85,86,87,98,109,120,131,142,153,152,151,150,149,148,147,146,145,144,143,132,121,110,99,88,77,78,79,90,101,112,123,124,125,126,127,128,129,118,107,106,105,104,103,92,81;15,16,17,18,19,20,31,42,41,40,51,62,63,64,65,76;26,27,28,29,30;52,53,54,43,32,21,10,9,8,7,6,5,4,3,2,1,0,11,22,33,44,55,66,67,68,69,70
11:14+B,0,104,9,,,66|77:67|78:68|79:69|80:70|81:72|83:73|84:74|85:75|86:76|87;16,5,6,7,8,9,20,31,42,53,64,63,62,61,60,59,70,69,68,67,66,55,44;33,34,45,56,57,58,47,48,49,50,51,52,41,30,19,18,17;113,114,115,104,93,82,71,72,73,74,75,76,65,54,43,32,21,10;107,118,129,128,127,126,125,124,123,112,101,102,103,92;105,94,83,84,85,86,87,98,109,120,131,142,153,152,151,150,149,148,147,146,145,144,143,132,121,110,99,88,77,78,79;116,117,106,95,96,97,108,119,130,141,140,139,138,137,136,135,134,133,122,111,100,89,90,91,80,81;46,35,24,23,12;22,11,0,1,2,3,4,15,26,27,28,29,40;13,14,25,36,37,38,39
11:14+B,0,105,8,,,66|77:67|78:68|79:69|80:70|81:72|83:73|84:74|85:75|86:76|87;89,100,111,122,133,134,135,136,137,148,149,150,151,152,153,142,131,120,109,98,87,86,85,84,83;147,146,145,144,143,132,121,110,99,88,77,78,79,90,101,112,123,124,125,126,127,138,139,140,129,118,107,106,105,104,103,92,81,82,71,60,49,50,51,52,41,30,29,28,27,26,25,24,35,46,45,56,55,66;69,70,59,48,37,38,39,40;67,68,57,58,47,36;128,117,116,115,114,113,102,91,80;61,62,63,64,53,42,31,20,19,18,17,16,15,14,13,12,23,34,33,44;72,73,74,75,76,65,54,43,32,21,10,9,8,7,6,5,4,3,2,1,0,11,22;141,130,119,108,97,96,95,94,93
11:14+B,0,106,9,,,66|77:67|78:68|79:69|80:70|81:72|83:73|84:74|85:75|86:76|87;113,114,115,116,117,118,119,120;12,23,34,35,46,47,48,49,50,51,62,73,74,75,76;141,140,139,138,137,136,135,134,133,122,111,100,89,90,91,92,93,94,83,84,85;53,42,43,32,21,10,9,8,7,6;31,30,29,28,27,26,15,14,13,2,1,0,11,22,33,44,45,56,57,58,59,60,61,72;20,19,18,17,16,5,4,3;54,65,64,63,52,41,40,39,38,37,36,25,24;86,97,96,95;87,98,109,108,107,106,105,104,103,102,101,112,123,124,125,126,127,128,129,130,131,142,153,152,151,150,149,148,147,146,145,144,143,132,121,110,99,88,77,78,79,80,81,82,71,70,69,68,67,66,55
11:14+B,0,107,10,,,66|77:67|78:68|79:69|80:70|81:72|83:73|84:74|85:75|86:76|87;86,97,108,107,106,105,94,83,84;30,41,52,51,50,49,48,59,70,69;93,104,115,116,117,118,119,130,141,140,139,138,137,136,135,134,133,122,111,100;90,89,88,99,110,121,132,143,144,145,146,147,148,149,150,151,152,153,142,131,120,109,98,87;68,67,66,55,44,33,22,11,0,1,2,3,4,5,16,27,26,25,24,35,46;47,36,37,38,39,28,17,6,7,8,9,10,21,32,43,54,65,76,75,74,73,72,71,82,81,92,103,114,113;95,96,85;60,61,62,63,64,53,42,31,20,19,18,29,40;58,57,56,45,34,23,12,13,14,15;77,78,79,80,91,102,101,112,123,124,125,126,127,128,129
11:14+B,0,108,10,,,66|77:67|78:68|79:69|80:70|81:72|83:73|84:74|85:75|86:76|87;143,144,145,146,147,148,149,138,127,126,125,124,123,122,111,100,89,90,91,102,103,104,105,106,107,118,129,140,151;72,61,62,63,52,41;69,70,59,48,37,38,39,40,29,30,31,42,53,64,75,74,73;56,45,46,35,24,25,14,15,16;152,141,130,119,108,97,96,95,94,93,92,81,80,79,78,77,88,99,110,121,132,133,134,135,136,137;22,11,0,1,2,3,4,5,6,7,8,9,10,21,32,43,54,65,76;13,12,23,34,33,44,55,66,67,68,57,58,47,36;150,139,128,117,116,115,114,113,112,101;26,27,28,17,18,19,20;153,142,131,120,109,98,87,86,85,84,83,82,71,60,49,50,51
11:14+B,0,109,10,,,66|77:67|78:68|79:69|80:70|81:72|83:73|84:74|85:75|86:76|87;125,124,123,112,101,102,91,80,81;140,141,130,119,108,97,96,95,94,93,92,103,114,113;90,79,78,77,88,99,110,121,132,143,144,145,146,147,148,149,138,127;72,73,74,75,76,65,54,43,32,21,10,9,8,7,6,5,4,15,26,25,24,35,46,57,56;58,47,36,37,38,27,28,29,30,41,52,51;14,13,12,23,34,45;89,100,111,122,133,134,135,136,137,126,115,116,117,128,139,150,151,152;129,118,107,106,105,104;153,142,131,120,109,98,87,86,85,84,83,82,71,60,61,62,63,64,53,42,31,20,19,18,17,16;3,2,1,0,11,22,33,44,55,66,67,68,69,70,59,48,49,50,39,40
11:14+B,0,110,9,,,66|77:67|78:68|79:69|80:70|81:72|83:73|84:74|85:75|86:76|87;70,69,58,57,56,45,34,23,12,13,14,15,16,17,18,29;141,140,139,138,137,136,125,114,113;36,37,38,49,50,61,72,73,74,75,76,65,54,43,32,21;85,86,87,98,109,120,119,118,107,106;83,84,95,96,97,108;135,124,123,112,101,102,103,104,115,126,127,128,129,130;117,116,105,94,93,92,91,90,89,100,111,122,133,134,145,146,147,148,149,150,151,152,153,142,131;68,67,66,55,44,33,22,11,0,1,2,3,4,5,6,7,8,19,30,41,52;144,143,132,121,110,99,88,77,78,79,80,81,82,71,60,59,48,47,46,35,24,25,26,27,28,39,40,51,62,63,64,53,42,31,20,9,10
11:14+B,0,111,8,,,66|77:67|78:68|79:69|80:70|81:72|83:73|84:74|85:75|86:76|87;58,47,48,49,50,61,72,71,82,93,104,103;80,79,78,89,100,111,122,133,134,135,136,137,138,139,140,129,118,107;69,70,59,60;81,92,91,102,113,114,115,116,105,94,83,84,85,86,87,98,109,120,131,142,153,152,151,150,149,148,147,146,145,144,143,132,121,110,99,88,77;76,75,64,63,52,41,30,29,28,27,26,25,24;56,45,34,23,12,13,14,15,16,17,18,19,20,31,42,53;74,73,62,51,40,39,38,37,36,35,46,57,68,67,66,55,44,33,22,11,0,1,2,3,4,5,6,7,8,9,10,21,32,43,54,65;90,101,112,123,124,125,126,127,128,117,106,95,96,97,108,119,130,141
11:14+B,0,112,9,,,66|77:67|78:68|79:69|80:70|81:72|83:73|84:74|85:75|86:76|87;50,49,38,37,36,47,58,69,70,71,82,83,84,85,86,87,98,109,120,131,142,153,152,151;96,97,108,119,130,141,140,139,138,137,136,135,134,133,122,111,100,89,90,91,102,113,114,115;93,104,103;95,106,107,118,129,128,127,126,125,124,123,112,101;56,45,34,23,12,13,14,15,16,17,18,19,20,31,42,53,64,63,62,51,40,39;48,59,60,61,72,73,74,75,76,65,54,43,32,21,10,9,8,7,6,5,4,3,2,1,0,11,22,33,44,55;117,116,105,94;66,67,68,57,46,35,24,25,26,27,28,29,30,41,52;150,149,148,147,146,145,144,143,132,121,110,99,88,77,78,79,80,81,92
11:14+B,0,113,7,,,66|77:67|78:68|79:69|80:70|81:72|83:73|84:74|85:75|86:76|87;133,134,135,136,137,138,139,140,141,130,119,108;93,92,81,80,79,78,77,88,99,110,121,132,143,144,145,146,147,148,149,150,151,152,153,142,131,120,109,98;20,31,42,53,64,63,62,61,60,59,58,57,56,45,34,23,12,13,14,15,16;5,6,17,28,27,26,25,24,35,46,47,48,49,50,51,52,41,30,19,8,9,10,21,32,43,54,65,76,75,74,73,72,71,82,83,94,105,104,103,102,91,90,89,100,111,122,123,124,125,126,127,128,129,118,107,96,97,86,87;70,69,68,67,66,55,44,33,22,11,0,1,2,3,4;7,18,29,40,39,38,37,36;85,84,95,106,117,116,115,114,113,112,101
11:14+B,0,114,10,,,66|77:67|78:68|79:69|80:70|81:72|83:73|84:74|85:75|86:76|87;113,102,103,104,105,94,83;63,64,65,54,43,32,21,10,9,8,7,6,5,4,3,2,1,0,11;114,115,116,117,106,95,84,85,86,97,108,119,130,141,140,139,138,137,136,135,134,133,122,111,100,89;126,127,128,129,118,107,96;93,92,91,90,101,112,123,124,125;46,47,36,25,26,27,28,29,30,41;62,61,50,49,48,37;24,35,34,45,56,57,58,59,60;70,69,68,67,66,55,44,33,22,23,12,13,14,15,16,17,18,19,20,31,42,53,52,51,40,39,38;87,98,109,120,131,142,153,152,151,150,149,148,147,146,145,144,143,132,121,110,99,88,77,78,79,80,81,82,71,72,73,74,75,76
11:14+B,0,115,9,,,66|77:67|78:68|79:69|80:70|81:72|83:73|84:74|85:75|86:76|87;62,61,60,71,82,81,80,79,78,77,88,99,110,121,132,143,144,145,146,147,148;75,76,65,54,43,32,31,20,19,18,17,16,15,14,13,12,23,34,45,56,57,58,47,36,37,38,39,40;113,114,115,116,117,128,139;21,10,9,8,7,6,5,4,3,2,1,0,11,22,33,44,55,66,67,68,69,70,59,48,49,50,51,52;112,123,124,125,126,127;101,102,103,104,105,106,107,118,129,140,141;150,149,138,137,136,135,134,133,122,111,100,89,90,91,92,93,94,95,96,97,108,119,130;46,35,24,25,26,27,28,29,30,41,42,53,64,63,74,73,72;151,152,153,142,131,120,109,98,87,86,85,84,83
11:14+B,0,116,8,,,66|77:67|78:68|79:69|80:70|81:72|83:73|84:74|85:75|86:76|87;149,150,151,152,153,142,131,120,109,98,87,86,85,84,95,106,107,118,129,128,127,126,125,136,135,134,133,122,111,112,101,102,103,104,93,82,71,72,73,74,75,76,65,54,43,32,21,10,9,8,7,6,17,28,29,30,41,52,51,50,49,48,37,26,15,4,3,2,1,0,11,22,33,44,55,66;18,19,20,31,42,53,64,63,62,61,60,59,58,47,36,25,14,13,12,23,34,45,56,67;80,79,78,77,88,99,110,121,132,143,144,145,146,147,148,137,138,139,140,141,130,119,108,97,96;81,92,91,90,89,100;70,69,68,57,46,35,24;83,94,105;40,39,38,27,16,5;117,116,115,114,113,124,123
11:14+B,0,117,10,,,66|77:67|78:68|79:69|80:70|81:72|83:73|84:74|85:75|86:76|87;52,41,40,39;38,37,36,47,58;61,72,73,74,75,76,65,54,43,32,21,10,9,8,7,6,5,4,3,2,1,0,11,22,33,44,55,66,67;128,117,116,105,94,83,82,71,60,49;46,35,24,25,26,27,28,29,30,31,42,53,64,63,62,51,50;133,122,111,100,89,90,91,92,93,104,115,126,127,138,139,140,141,130,119,108,97,96,85;20,19,18,17,16,15,14,13,12,23,34,45,56,57,68,69,70,59,48;113,124,135,146,147;84,95,106,107,118,129;81,80,79,78,77,88,99,110,121,132,143,144,145,134,123,112,101,102,103,114,125,136,137,148,149,150,151,152,153,142,131,120,109,98,87,86
11:14+B,0,118,10,,,66|77:67|78:68|79:69|80:70|81:72|83:73|84:74|85:75|86:76|87;58,57,56;70,69,68,67,66,55,44,33,22,11,0,1,2,3,4,5,6,7;113,114,125,126,127;143,144,145,146,147,136,137,138,139,128,117,116,115,104,103,102,101,112,123;153,142,131,120,109,98,87,86,85,84,83,94,105,106,107,118,129,140,151,150,149,148;124,135,134,133,132,121,110,99,88,77,78,79,80,81,82,71,60,59,48,47,46,35,24,25,26,27,28,39,40,51,62,63,64,53,42,31,20,19,8;95,96,97,108,119,130,141,152;122,111,100,89,90,91,92,93;52,41,30,29,18,17,16,15,14,13,12,23,34,45;9,10,21,32,43,54,65,76,75,74,73,72,61,50,49,38,37,36
11:14+B,0,119,9,,,66|77:67|78:68|79:69|80:70|81:72|83:73|84:74|85:75|86:76|87;50,61,72,73;143,132,133,134,135,136,137,138,139,140,141,130,119,108,97,96,95,106,117,116;49,60,59,58,57,56;89,90,101,102,103,92,81,82,71,70,69,68,67,66,55,44,45,46,47,48,37,38,39,40,51,62,63,74,75,76,65,54,43,32,21,10,9,8,7,6,5,4,3,2,1,12;107,118,129,128,127,126,125,124,123,122,121,110,99,88,77,78,79,80,91;144,145,146,147,148,149,150,151,152,153,142,131,120,109,98,87,86,85,84,83,94,93;33,34,35,36,25,26,27,28,29,30,41,52;64,53,42,31,20,19,18,17,16,15,14,13,24,23,22,11,0;100,111,112,113,114,115,104,105
11:14+B,0,120,10,,,66|77:67|78:68|79:69|80:70|81:72|83:73|84:74|85:75|86:76|87;44,45,56;55,66,67,68,69,70,59,60,61,62,63,64,53,42,31,20,19,18,17,16,27,26;90,89,100,111,122,133,134,135,136,137,126,127,128,139,150,151,152,153,142,131,120,109,98,97,96,95;113,102,103,104,105,106,107,108,119,130,141;140,129,118,117,116,115,114,125,124,123,112,101;3,2,1,0;40,39,38,37,36,25,24,23;57,46,35,34,33,22,11,12,13,14,15,4,5,6,7,8,9,10,21,32,43,54,65,76,75,74,73,72,71,82,81,80,79,78,77,88,99,110,121,132,143,144,145,146,147,148,149,138;91,92,93,94,83,84,85,86,87;58,47,48,49,50,51,52,41,30,29,28
13:15+B,0,121,10,,91:92:93:94:95:96:98:99:100:101:102:103;111,112,125,138;148,147,160,173,186,185,184,183,182,169,156,143,130,117,104,105,106,107,108,109,110,97,84,83,70,57,58,59,60,73,74;75,76,63,50,37,24,23,22,21,20,19,18,17,16,15,14,27,40,39,52,65,78,79,80,81,82,69,56,43,44,45,46,47,48,61;71,72,85,86,87,88,89,90,77,64,51,38,25,12,11,10,9,8,7,6,5,4,3,2,1,0,13,26;158,145,132,133,134,135,136,149,162,175,176,177,178,179,180,167,154,141,142,129;128,127,140,153,166,165,164,163,150,137,124,123,122,121,120,119,118,131,144,157,170,171,172,159,146;66,53,54,41,28;116,115,114,113,126,139,152,151;161,174,187,188,189,190,191,192,193,194,181,168,155;62,49,36,35,34,33,32,31,30,29,42,55,68,67
13:15+B,0,122,11,,91:92:93:94:95:96:98:99:100:101:102:103;146,147,148,149,150,163,164,165,166,153;129,142,141,154,167,180,179,178,177,176,175,162,161,160,159,158,145,132,133,134,135,136,137,138,125,126;26,27,14,15,16,17,18,19,20,21,22,23,24,37,50,63,76,75,74,73,72,71,70,57,56,55,54,53,52,65,78,79,80,81;85,86,87,88,89,90,77,64,51,38,25,12,11,10,9,8,7,6,5,4,3,2,1,0,13;116,115,128,127,140,139,152,151;66,67,68,69,82,83,84,97,110,109,108,107,106,105,104,117,130,143,156,169,182,183,184,185,186,173;48,47,46;155,168,181,194,193,192,191,190,189,188,187,174;39,40,41,42,43,44,45,58,59,60,61,62,49,36,35,34,33;172,171,170,157,144,131,118,119,120,121,122,123,124,111,112,113,114;32,31,30,29,28
13:15+B,0,123,9,,91:92:93:94:95:96:98:99:100:101:102:103;24,37,36,35,34,47,46;3,2,1,0,13,26,39,52,53,54,55,42,43,44,45,32,33,20,21,22,23,10,11,12,25,38,51,64,77,90,89,88,87,86,85,84,97,110,109,108,107,106,105,104,117,130,143,156,169,182,183,184,185;40,41,28,29,30,31,18,19;174,175,176,177,178,179,180,167,154,141,140,139,152,151,150,149,148,147,146,159,172,171,170,157,144,131,118,119,120,121,122,123,124,111,112,113,114,115,116;62,75,74,73,72,71,70,83,82,81,80,79;153,166,165,164,163,162,161,160,173;27,14,15,16,17,4,5,6,7,8,9;158,145,132,133,134,135,136,137,138,125,126,127,128,129,142,155,168,181,194,193,192,191,190,189,188,187,186;76,63,50,49,48,61,60,59,58,57,56,69,68,67,66,65,78
13:15+B,0,124,11,,91:92:93:94:95:96:98:99:100:101:102:103;112,113,114,115,116,129;146,147,160,161,174,187;152,151,150,163,176,177,178;30,31,32,33,34,35,36,49,62,75,76,77,64,51,38,25,12,11,10,9,8,7,6,5,4,3,2,1,0,13,26,39,52,65,78,79,80,81,82,83,84,97,110,111,124,125,126,127,128,141,142,155,168,181,194,193,192,191,190,189,188,175,162,149,148,135,134,133,132,145,158,159,172,173,186;61,48,47,46,45,44,43,42,29,28;164,165,166;86,85,72,71,70,69,68,67,66,53,40,27,14,15,16,17,18,19,20,21,22,23,24,37,50,63;41,54,55,56,57,58,59,60,73,74,87;179,180,167,154,153,140,139,138,137,136,123,122,121,120,119,118,131,144,157,170,171,184,185;88,89,90;183,182,169,156,143,130,117,104,105,106,107,108,109
13:15+B,0,125,10,,91:92:93:94:95:96:98:99:100:101:102:103;42,43,44,45,46,33,34,21,8;83,70,71,72,73,74,75,76,63,50,37;152,165,178,191;7,20,19,32,31,30,29,28,41,54,55;121,120,119,118,131,144,157,170,171,172,173,174,175,176,177,164,151,138,139,140,153,166,179,192;24,23,36,49,62,61,60,59,58,57,56,69,68,67,66,53,40,27,14,15,16,17,18;146,147,148,149,136,123;193,194,181,168,155,142,129,116,115,114,113,112,111,110,97,84,85,86,87,88,89,90,77,64,51,38,25,12,11,10,9,22,35,48,47;6,5,4,3,2,1,0,13,26,39,52,65,78,79,80,81,82;190,189,188,187,186,185,184,183,182,169,156,143,130,117,104,105,106,107,108,109,122,135,134,133,132,145,158,159,160,161,162,163,150,137,124,125,126,127,128,141,154,167,180
13:15+B,0,126,11,,91:92:93:94:95:96:98:99:100:101:102:103;71,72,73,60;155,154,153,152,151,150,149,148,147,146,133,132,131,118;14,15,16,17,18,19,20,21,22,23,24,37,50,63,62;128,127,126,125,124,123,122,109,108,107;169,182,183,184,185,186,187,188,189,190,191,192,193,194,181,168,167,166,165,164,163,162,161,160,159,158,145,144;66,53,54,55,42,29,30,31,32,33,34,35,36,49;45,44,43,56,69,68,67;117,130,143,156,157,170,171,172,173,174,175,176,177,178,179,180;27,26,13,0,1,2,3,4,5,6,7,8,9,10,11,12,25,38,51,64;77,76,75,74,61,48,47,46,59,58,57,70,83,82,81,80,79,78,65,52,39,40,41,28;90,89,88,87,86,85,84,97,110,111,112,113,114,115,116,129,142,141,140,139,138,137,136,135,134,121,120,119,106,105,104
13:15+B,0,127,11,,91:92:93:94:95:96:98:99:100:101:102:103;133,132,145,158,171,184,185,186,187,188,189,190,191,192,193,194,181,168,155,142;79,78,65,52,39,26,13,0,1,2,3,4,5,6,7,8,9,10,11,12,25,38,51,50,49,36,35,34,33,32,31,30,29,28,41,54;160,161,174,175,176,177,178,179,180,167;129,116,115,114,113,112,111,110,97,84,83,82,81,80,67;136,135,134,121,120,119,118,131,144,157,170,183,182;138,125,126,127,128,141,154,153,166,165,164,163,162,149,148,147,146,159,172,173;70,71,72,85,86,87,88,89,90,77,64,63,62,61,48,47,46,45,44,43,42,55;140,139,152,151,150,137;66,53,40,27,14,15,16,17,18,19,20,21,22,23,24,37;68,69,56,57,58,59,60,73,74,75,76;124,123,122,109,108,107,106,105,104,117,130,143,156,169
13:15+B,0,128,10,,91:92:93:94:95:96:98:99:100:101:102:103;68,55,56,57,44,45,46,59,60,73,74,75,76,63,50,37,24,23,22,21,20,19,18,17,16,29,28,27,40,53,66,65,78;167,180,179,178,177,176,175,174,173,172,171,170,157,144,131,118,119,120,121,122,123,124,111,112,113,114;79,80,81;14,15,2,3,4,5,6,7,8,9,10,11,12,25,38,51,64,77,90,89,88,87,86,85,72;1,0,13,26,39,52;48,47,34,33,32,31,30,43,42,41,54,67;35,36,49,62,61;82,83,84,97,110,109,108,107,106,105,104,117,130,143,156,169,182,183,184,185,186,187,188,189,190,191,192,193,194,181,168,155,154,153,166,165,164,163,162,161,160,159,158,145,132,133,134,135,136,137,138,125,126,127,128,115;69,70,71,58;116,129,142,141,140,139,152,151,150,149,148,147,146
13:15+B,0,129,11,,91:92:93:94:95:96:98:99:100:101:102:103;55,42,43,44,45,58;166,165,164,163,162,161,160,159,158,157,170,183;118,119,120,121,122,123,124,125,126,127;63,62,49,36,35,34,21,20,19,18,17,16,15,14,27,40,53,66,67,68,69,82,83,84,97,110,109,108,107,106,105,104,117,130,131,132,133,134,135,136,137,138,139,152,153,154,167,180,179,178,177,176,175,174,173,172,171,184;54,41,28,29,30,31,32,33,46,47,48,61,74,75,76;59,60,73;185,186,187,188,189,190,191,192,193,194,181,168,155,142,129,116;111,112,113,114,115,128,141,140;10,11,12,25,38,51,64,77,90,89,88,87,86,85,72,71,70,57,56;151,150,149,148,147,146,145,144,143,156,169,182;50,37,24,23,22,9,8,7,6,5,4,3,2,1,0,13,26,39,52,65,78,79,80,81
13:15+B,0,130,8,,91:92:93:94:95:96:98:99:100:101:102:103;55,42,43,44,45,46,47,60,73,74,75;24,37,50,63,62,61,48,35,34,33,32,31,30,29,28,41,54,67,68,69,70,71,84,97,110,109,108,107,106,105,104,117,130,131,132,133,134,135,136,137,138,125,126,127,140,153,166,165,164,163,162,161,160,159,158,157,170,183;66,53,40,27,14,15,16,17,18,19,20,21,22,23,36,49;83,82,81,80,79,78,65,52,39,26,13,0,1,2,3,4,5,6,7,8,9,10,11,12,25,38,51,64,77,90;139,152,151,150,149,148,147,146,145,144,143,156,169,182;185,186,187,188,189,190,191,192,193,194,181,168,155,142,129,116;56,57,58,59,72,85,86,87,88,89,76;184,171,172,173,174,175,176,177,178,179,180,167,154,141,128,115,114,113,112,111,124,123,122,121,120,119,118
13:15+B,0,131,10,,91:92:93:94:95:96:98:99:100:101:102:103;147,148,161,162,163,164,151,152;133,132,145,158,171,172;7,8,9,10,11,12,25,38,51,64,77,90,89,88,87,86,85;122,109,108,107,106,105,104,117,130,143,156,169,182,183,184,185,186,187,188,189,190,191,192,179,180,167,154,141,128,127,126,125;83,70,69,68,67,54,41,28,29,30,43,44,45;193,194,181,168,155,142,129,116,115,114,113,112,111,124,137,138,139,140,153,166,165,178,177,176,175,174,173,160,159,146;66,53,40,27,14,15,16,17,18,31,32,33,46,47,48,35,22,23,24,37,50,63,76,75,74,73,72,71,84,97,110,123;150,149,136,135,134,121,120,119,118,131,144,157,170;82,81,80,79,78,65,52,39,26,13,0,1,2,3,4,5,6,19,20,21,34;36,49,62,61,60,59,58,57,56,55,42
13:15+B,0,132,11,,91:92:93:94:95:96:98:99:100:101:102:103;86,87,88,89,90,77,64,51,38,25,12,11,10,9,8,7,6,5,4,3,16,29;71,70,69,68,67,66,53,40,27,14;83,82,81,80,79,78,65,52,39,26,13,0,1,2,15,28,41,42,43,44,45,46,47,48;161,160,159,172,171,170,157,144,131,132,133,134,135,136,137,150,151,152,165,178,191,192,193,194,181,168,155,142,129,116,115,114,113,112,111;190,177,176,175,174,173;164,163,162,149,148,147,146,145,158;118,119,120,121,108,109,110,97,84,85,72,73,74,75,76,63,50,37,24,23,22,21,20,19,18;122,123,124,125,138,139,140,153,166,179;189,188,187,186,185,184,183,182,169,156,143,130,117,104,105,106,107;180,167,154,141,128,127,126;54,55,56,57,58,59,60,61,62,49,36,35,34,33,32,31,30,17
13:15+B,0,133,11,,91:92:93:94:95:96:98:99:100:101:102:103;194,181,168,155,154,153,166,179,192,191,190,189,188,187,186,185,184,183,182,169,156,157,144,131,132,133,146;145,158,159,160,161,162,163,164,151,138,125,126,127,128,115;104,105,106,107,108,109,122;170,171,172,173,174,175,176,177,178,165,152,139,140,141,142,129,116;193,180,167;24,37,50,63,76,75,74,73,72,71,70,83,82,81,80,79;78,65,66,53,40,27,14,15,16,17,18,19,20,7;52,39,26,13,0,1,2,3,4,5,6;135,136,123,110,97,84,85,86,87,88,89,90,77,64,51,38,25,12,11,10,23,36,49,62,61,60,59,58,57,56,69,68,67,54,41,28,29,30,31,32,33,34,21,8;114,113,112,111,124,137,150,149,148,147,134,121,120,119,118,117,130,143;9,22,35,48,47,46,45,44,43,42,55
13:15+B,0,134,11,,91:92:93:94:95:96:98:99:100:101:102:103;108,121,134,135,136,137,138,139,140,153,166,165,164,163,162,161,160,159,158,145,132,119,106,105,104,117,130,143,156,169,182,183,184,185,186,187,188,189,190,191,192,193,194,181,168,155,142,129,116,115,114,113,112,111,110,97,84,83,70,69,56,43,30,29,28,41,54;46,59,60,61,62,49,36;118,131,144,157,170,171,172,173,174,175,176,177,178,179,180,167,154,141,128,127,126,125,124,123,122,109;48,35,22,23,24,37,50,63,76,75,74,73,72,71,58,45,32,33;82,81,80,67,66;79,78,65,52,39,26,13,0,1,2,3,4,5;6,7,8,9,10,11,12,25,38,51,64,77,90,89,88,87,86,85;57,44,31,18,17,16,15,14,27,40,53;68,55,42;107,120,133,146,147,148,149,150,151,152;19,20,21,34,47
13:15+B,0,135,11,,91:92:93:94:95:96:98:99:100:101:102:103;86,73,60,59,58,57,56,55,54,41,28;133,132,145,158,159,172;51,38,25,12,11,10,9,8,7,6;85,72,71,70,69,68,67,66,53,40,27,14,15,16,29,42,43,44,45,46,47,48,61,74,87,88;188,189,190,191,192,193,194,181,168,167,166,165,164,151,138,139,140,141,142,129,116,115,114,113,112,111,110,97,84,83,82,81,80,79,78,65,52,39,26,13,0,1,2,3,4,17,30,31,32,33,34,35,36,49,62,75,76;155,154,153,152;171,170,157,144,131,118,119,120,121,134,135,136,123,124,125,126,127,128;187,174,175,162,149,148,147,146;89,90,77,64,63,50,37,24,23,22,21,20,19,18,5;137,150,163,176,177,178,179,180;122,109,108,107,106,105,104,117,130,143,156,169,182,183,184,185,186,173,160,161
13:15+B,0,136,9,,91:92:93:94:95:96:98:99:100:101:102:103;85,86,73,60,59,58,57,56,55,54,41,28,29,30,31,32,33,34,35,36,49,62,75,76,77,64,51;121,120,119;114,115,116,129,142,155,168,181,194,193,192,191,190,189,188,187,186,185,184,183,182,169,156,157,158,159,160,161,162,163,164,165,166,153,140,139,138,125,112,111,110,97,84,83,82,81,80,79,78,65,52,39,26,13,0,1,2,3,4,5,6,7,8,9,10,11,12,25,38,37,50,63;124,123,122,109,108,107,106,105;72,71,70,69,68,67,66,53,40,27,14,15,16,17,18,19,20,21,22,23,24;118,131,132,133,134,135,136,137,150,151,152;113,126,127,128,141,154,167,180,179,178,177,176,175,174,173,172,171,170;90,89,88,87,74,61,48,47,46,45,44,43,42;104,117,130,143,144,145,146,147,148,149
13:15+B,0,137,9,,91:92:93:94:95:96:98:99:100:101:102:103;133,132,145,158,159,160,161,162,163,164,165,166,167,154,155,142,129,116,115;89,90,77,64,51,38,25,12,11,10,9,8,21,34,47,60,59,58,57,56,55,54,41,28,29,30,31,32,19,6,5,4,3,2,1,0,13,26,39,52,65,78,79,80,81,82,83;36,49,62,75,88,87,86,85,84,97,110,111,112,113,114,127,128;7,20,33,46,45,44,43,42;194,193,192,191,190,189,188,187,186,185,184,183,182,169,156,143,130,117,104,105,106,107,108,109,122,123,124,125;61,48,35,22,23,24,37,50,63,76;146,147,148,149,150,151,152,153,140,141;126,139,138,137,136,135,134,121,120,119,118,131,144,157,170,171,172,173,174,175,176,177,178,179,180,181,168;74,73,72,71,70,69,68,67,66,53,40,27,14,15,16,17,18
13:15+B,0,138,10,,91:92:93:94:95:96:98:99:100:101:102:103;139,152,151,150,137,136,135;71,70,57,56,43,42;157,170,171,172,173,186,187,188,189,190,191,192,193,194,181,168,155,142,129,116,115,114,113,112,111,124,123,122,121,134;62,61,48,35,34,21,20,19,18,17,16,15,14,27,40,53,66,67;22,9,8,7,6,5,4,3,2,1,0,13,26,39,52,65,78,79,80,81,82,83,84,97,110,109,108,107,106,105,104,117;25,12,11,10,23,36,49,50,63,76,75,74,73,60,47,46,33,32;144,143,156,169,182,183,184,185;24,37,38,51,64,77,90,89,88,87,86,85,72,59,58,45,44,31,30,29,28,41,54,55,68,69;132,145,158,159,160,161,174,175,176,177,178,179,180,167,154,141,128,127,126,125,138;130,131,118,119,120,133,146,147,148,149,162,163,164,165,166,153,140
13:15+B,0,139,10,,91:92:93:94:95:96:98:99:100:101:102:103;49,62,61,74,73;42,43,44,45,46,33,34,21,22,23,24,25,38,51,64,77,90,89,88,87,86,85,72,71,70,69,68,67,66,53,40,27;75,76,63,50,37,36,35,48,47,60,59,58,57,56,55,54,41,28;118,119,132,133,146,147,148,149,150,151,152,153,166;4,3,2,1,0,13,26,39,52,65,78,79,80,81,82,83,84,97,110,111,112,113,114,115,116,129,142,155,168,181,194,193,192,191,190,189,188,175,174,173,172,171,170,157,144,131;14,15,16,29,30,31,32,19,20,7,8,9,10,11,12;164,165,178,179,180,167,154,141,128,127,126,125,124,123,122,109,108;187,186,185,184,183,182,169,156,143,130,117,104,105,106,107,120,121,134,135,136,137,138,139,140;17,18,5,6;177,176,163,162,161,160,159,158,145
13:15+B,0,140,11,,91:92:93:94:95:96:98:99:100:101:102:103;145,132,119,106,105;165,164,163;148,147,146,133;65,66,67,68,69,56,57,58,59,60,61,62,49;140,139,138,137,136,135,134,121,120,107;36,35,48,47,46,45,44,43,42,55,54;6,5,4,3,2,1,0,13;118,131,144,157,158,159,160,161,162,149,150,151,152,153,166;78,79,80,81,82,83,70,71,72,73,74,75,76,63,50,37,24,23,22,21,34,33,32,31,30,29,28,41,40,53,52;170,171,172,173,174,175,176,177,178,179,180,167,154,141,128,127,126,125,124,123,122,109,108;39,26,27,14,15,16,17,18,19,20,7,8,9,10,11,12,25,38,51,64,77,90,89,88,87,86,85,84,97,110,111,112,113,114,115,116,129,142,155,168,181,194,193,192,191,190,189,188,187,186,185,184,183,182,169,156,143,130,117,104
13:15+B,0,141,11,,91:92:93:94:95:96:98:99:100:101:102:103;10,9,8,7,20,19,18,17,16,15,14,27,40,53,66,67,68,69,56,57,58,59,60,61,62,49,50,51,64,77,90,89,88,87,86,85,84,97,110,123,136,137,138,125,126,127,128,141,154,153,166,165,164,163,162,161,160,159,172;12,11,24,23,22,21,34,33,32,31,30,29,28,41,54,55;121,120,107;42,43,44,45,46,47,48,35,36,37,38,25;106,119,118,131;170,171,158,145,132,133,134,135,122,109,108;140,139,152,151,150,149,148,147,146;124,111,112,113,114,115,116,129,142,155,168,167,180,179,178,177,176,175,174,173;6,5,4,3,2,1,0,13,26,39,52,65,78,79,80,81,82,83,70,71,72,73,74,75,76,63;105,104,117,130,143,144;157,156,169,182,183,184,185,186,187,188,189,190,191,192,193,194,181
13:15+B,0,142,10,,91:92:93:94:95:96:98:99:100:101:102:103;152,151,150,149,148,147,146;82,69,56,57,58,59,60,61,62,49,36,23,22,21,20,19,18,17,16,15,14,27,40,53,66,79,78;105,104,117,130,143,156,169,182,183,184,185,186,187,188,189,190,191,192,193,194,181,168,155,142,129,116,115;35,34,33,32,31,30,29,28,41,54,67,80;112,113,114,127,128,141,154,167,180,179,178,177,176,175,174,173,172,171,170,157,144,131,118,119,120,121,134,135,136,137;65,52,39,26,13,0,1,2,3,4,5,6,7,8,9,10,11,12,25,38,51,64,77,90,89,88,87,86,85,84,97,110,111,124,125,126;24,37,50,63,76,75,74,73,72,71,70,83;106,107,108,109,122,123;138,139,140,153,166,165,164,163,162,161,160,159,158,145,132,133;81,68,55,42,43,44,45,46,47,48
13:15+B,0,143,11,,91:92:93:94:95:96:98:99:100:101:102:103;173,174,161,148,135,136,137,138,139,140,153,166,165,164,163,176,189,190,191,192,193,194,181,168,155,142,129,116,115,114,113,112,111,110,97,84,83,82,81,80,79,78,65,52,53,54,55,56,57,58,59,60;184,183,182,169,156,143,130,117,104,105,106,107,108,109;14,27,28,29,30,31,32,33,34,35,36,49,62,61,74,73;134,147,160,159,158,157,144,131,132;40,41,42,43,44,45,46,47,48;118,119,120,121,122,123,124,125,126,127,128,141,154,167,180,179,178,177;3,4,5,6,7,8,9,10,11,12,25,38,51,64,77,90,89;170,171,172,185,186,187,188,175,162,149,150,151,152;39,26,13,0,1,2,15,16,17,18;66,67,68,69,70,71,72,85,86,87,88,75,76,63,50,37,24,23,22,21,20,19;133,146,145
13:15+B,0,144,11,,91:92:93:94:95:96:98:99:100:101:102:103;59,60,73,74,75,76,63,50,37,24,23,22,21,20,19;169,182,183,184,185,186,187,188,189,190,191,192,193,194,181;66,53,40,39,26,13,0,1,2,3,4,5,6,7,8,9,10,11,12,25,38,51,64,77,90,89,88,87,86,85,72,71,58;48,47,46,45,44,57,70,83,84,97,110,111,112,113,114,115,116,129,142;151,152,139,140,141;81,68,55,42;128,127,126,125,124,123,122,109,108,107,106,105,104,117,130,143,156,157,170,171,172,173,174,175,176,177,178,179,180,167,168;61,62,49,36,35,34,33,32,31,18,17,16,15,14,27;162,161,160,159,158,145,144,131,118,119,120,121,134,135,136,137,138;52,65,78,79,80,67,54,41,28,29,30,43,56,69,82;155,154,153,166,165,164,163,150,149,148,147,146,133,132
13:15+B,0,145,10,,91:92:93:94:95:96:98:99:100:101:102:103;42,43,44,45,46,47,48,61,62,63,64;147,160,161,162,163,164,165,166,167,180,193,194;121,120,119,118,131,144,157,158,159,146;145,132,133,134,135,136,137,138,139,126,127,128;192,179,178,177,176,175,174,173,172,171,170;154,155,168,181;148,149,150,151,152,153,140,141,142,129,116,115,114,113,112,111,110,97,84,83,82,81,80,79,78,65,52,39,26,13,0,1,2,3,4,5,6,7,8,9,10,11,12,25,38,51,50,49,36,35,34,33,32,31,30,29,28,41,54,55,56,57,58,59,60,73,74,75,76,77;90,89,88,87,86,85,72,71,70,69,68,67,66,53,40,27,14,15,16,17,18,19,20,21,22,23,24,37;191,190,189,188,187,186,185,184,183;182,169,156,143,130,117,104,105,106,107,108,109,122,123,124,125
13:15+B,0,146,8,,91:92:93:94:95:96:98:99:100:101:102:103;66,53,40,27,28,29,30;167,180,179,178,177,176,175,174,173,172,171,170,157,144,131,118,119,120,121,122,123,124,111,112,113,114;14,15,16,17,18,31,32,33,34,35,36,49,62;85,72,71,70,69,68,67,54;41,42,55,56,57,58,59,60,73,86,87,88,89,90,77,64,51,38,25,12,11,10,9,8,7;0,13,26,39,52,65,78,79,80,81,82,83,84,97,110,109,108,107,106,105,104,117,130,143,156,169,182,183,184,185,186,187,188,189,190,191,192,193,194,181,168,155,154,153,166,165,164,163,162,161,160,159,158,145,132,133,134,135,136,137,138,125,126,127,128,115;116,129,142,141,140,139,152,151,150,149,148,147,146;43,44,45,46,47,48,61,74,75,76,63,50,37,24,23,22,21,20,19,6,5,4,3,2,1
13:15+B,0,147,11,,91:92:93:94:95:96:98:99:100:101:102:103;176,177,164,165,166,153,140,139,138,137,136,135,134,147,160,159,158,145,132,119,106,107,108,109;16,15,28,41,54,55,68,69,70,71,72,85;32,33,34,35,36,49,62,63,64,51,38,25,12,11,10,9,8,7,6,5,4,3,2,1,0,13,26,39,52,65,78,79;163,162,175,174,173,172,171,170,157,144,131,118,105,104;77,76,75,74,61,48,47,46,45,44,31;125,124,123,122,121,120,133,146;152,151,150,149,148,161;14,27,40,53,66,67,80,81,82,83,84,97,110,111,112,113,114,115,116,129,142,155,168,181,194,193,192;126,127,128,141,154,167,180,179,178,191,190,189,188,187,186,185,184,183,182,169,156,143,130,117;50,37,24,23,22,21,20,19,18,17,30,29,42;43,56,57,58,59,60,73,86,87,88,89,90
13:15+B,0,148,10,,91:92:93:94:95:96:98:99:100:101:102:103;129,116,115,114,113,112,111,124,123,122,121,120,133,146,147,148,149,150,151,152;105,104,117,130,143,156,169,182,183,184,185,186,187,188,189,190,191,192,193;139,140,153,154;194,181,180,179,178,177,176,175,174,173,172,171,170,157,144,131,118;56,57,58,59,60,73,74,75,76;54,55,42,43,44,45,46,47,48,61,62,63,64,77;26,27,14,15,16,17,18,19,20,21,22,23,24,37;13,0,1,2,3,4,5,6,7,8,9,10,11,12,25,38,51,50,49,36,35,34,33,32,31,30,29,28,41,40,53,66,67,68,69,70,71,72,85,86,87,88,89,90;39,52,65,78,79,80,81,82,83,84,97,110,109,108,107,106,119,132,145,158,159,160,161,162,163,164;165,166,167,168,155,142,141,128,127,126,125,138,137,136,135,134
13:15+B,0,149,11,,91:92:93:94:95:96:98:99:100:101:102:103;58,45,32,31,30,29,28,41,54,67;149,148,147,146,133,132;48,61,74,87,88,89,90;145,158,159,160,161,162,163,164,165,166,153,140,127,114,115,116;16,15,14,27,40,53,66;83,82,69,56;5,4,3,2,1,0,13,26,39,52,65,78,79;128,141,154,167,180,179,178,177,176,175,174,173,172,171,170,157,144,131,118,119,120,121,134,135,136,137,150,151,152,139,126,113,112,111,110,97,84,85,86,73,60,47,34,35,36,49,62,75,76,77,64,51,38,25,12,11,10,9,8,7,6,19,18,17;129,142,155,168,181,194,193,192,191,190,189;188,187,186,185,184,183,182,169,156,143,130,117,104,105,106,107,108,109,122,123,124,125,138;80,81,68,55,42,43,44,57,70,71,72,59,46,33,20,21,22,23,24,37,50,63
13:15+B,0,150,11,,91:92:93:94:95:96:98:99:100:101:102:103;146,147,148,135,122,109,110,97,84,71,58,59,60,61,62;116,129,142,155,168,181,194,193,192,191,190,189,188,187,186,185,184,183,182,169,156,143,130,117,104,105,106;23,10,9,8,7,6,5,4,3,2,1,0,13,26,39,52,65,78,79,80,81,82,83,70;108,121,134,133;55,42,43,30,31,32,33,34,47,48,49,50,63,76,75,74,73,72;25,38,51,64,77,90,89,88,87,86,85;107,120,119,132,145,158,159,160,161,162,163,164,165,166,153,140,127,126,125,138,137,136;12,11,24,37,36,35,22,21,20,19,18,17,16,15,14,27,40,53,66,67,68,69,56,57,44,45,46;29,28,41,54;139,152,151,150,149;123,124,111,112,113,114,115,128,141,154,167,180,179,178,177,176,175,174,173,172,171,170,157,144,131,118
