8:12+B,0,1,7,,31_0:30_0:29_0:28_0:27_0:67_0:68_0:21_0:20_0:19_0:18_0:26_0:88_0:89_0:94_0:95_0:38_0:39_0:59_0:60_0:56_0:57_0:58_0:61_0:52_0:51_0:64_0:65_0:66_0:75_0:76_0:69_0;72,80,81;44,43,42,50;90,91,92,93,85,77,78,70,62,54,53,45,37,36,35,34,33,41,49,48;73,74,82,83,84;40,32,24,25,17,9,10,11,12,13,14;86,87,79,71,63,55,47,46;16,8,0,1,2,3,4,5,6,7,15,23,22
W_7,0,2,6,,7_0:15_0:23_0:29_0:35_0:28_0:21_0:22_0:14_0:25_0:19_0:13_0:20_0:27_0:34_0:41_0:33_0:26_0,0|6:42|48;48,6,5,12,11,18;40,47,46,4,3,10;32,39,38,37,36;2,1,8;30,31,24,17,16,9;45,44,43,42,0
X_8,0,3,8,,7:56,8|9:0|9:1|9:2|9:2|10:8|17:16|17:10|11:54|61:54|62:54|63:54|55:46|55:46|47:53|61:52|53:16|25:38|47:38|39:30|39:24|25:24|33:44|52:44|51:12|19:11|19:12|20:20|21:43|51:42|43:34|42:21|29;58,57,48,40;17,25,33,34,43,44,53;27,28,37,38,46,54;9,10,19,20,29,30,31,39,47,55,63,62,61,60,59,50,49,41,32,24,16,8,0,1,2,3,4,5,6;18,26,35,36,45;15,14,13,12,11;52,51,42;23,22,21
W_8,0,4,7,,6:14:15:7:1:9:8:0:48:56:57:49:54:62:63:55;23,31,24,25,26;37,38,30,22;29,21,13,12,11,3,59,51;4,60,52,44,36,28;20,19,27,35,34,33,32,39;41,40,47,46,45,53,61,5;16,17,18,10,2,58,50,42,43
12:15+B,0,5,13,,4_0:7_0:8_0:9_0:10_0:11_0:3_0:2_0:1_0:0_0:171_0:176_0:177_0:178_0:179_0:170_0:169_0:168_0:157_0:156_0:144_0:166_0:167_0:155_0:12_0:24_0:36_0:48_0:60_0:72_0:49_0:37_0:25_0:13_0:38_0:26_0:14_0:15_0:20_0:45_0:58_0:83_0:59_0:71_0:46_0:47_0:35_0:34_0:33_0:21_0:22_0:23_0,113|125:114|126:91|103:92|104:103|115:104|116:105|117:115|127:112|124:111|123:100|112:99|111:98|110:88|100:87|99:89|101:90|102:101|113:102|114:97|109:86|98:110|122:116|128:117|129:106|118:93|105:75|87:76|88:77|89:78|90:79|91:80|92:123|135:124|136:125|137:126|138:127|139:128|140:129|141:122|134;161,149,137,136;6,5,17,29,41,53,54,66,78,79,80,81,93,92,91,90,89,88,87;97,98,99,100,101,102,103,104,105,106;50,62,61,73;18,30,42,43,55,67,68;121,109,110,111,112,113,114,115,116,117,118,130,142,141,140,139,138;152,151,150,162;16,28,27,39,51,63,75,76;154,153,165,164,163,175,174,173,172,160,148,147,135,134;143,131,119,107,95,94,82,70,69,57,56,44,32,31,19;40,52,64,65,77;129,128,127,126,125,124,123,122;159,158,146,145,133,132,120,108,96,84,85,86,74
9,0,6,10,10:16:40:64:70,,31|32:30|31:30|39:39|48:48|49:49|50:41|50:32|41:2|11:11|20:19|20:18|19:25|26:24|25:15|24:6|15:61|62:60|61:60|69:69|78:54|55:55|56:56|65:65|74;18,27,36,45,54,63,64,65,66,75,74;37,46,55,64,73,72;6,5,4,3,2,1,10,19,28,29,30;0,9,10,11,12,13,14,23,24;8,7,16,25,34,33,32;48,57,56;62,53,52,61,70,79,78,77,76,67,58,49,40,31,22,21,20;80,71,70,69,68,59;15,16,17,26,35,44,43,42,41,40,39,38,47;50,51,60
W_7,0,7,6,,,11|12:18|19:8|9:15|16:28|29:35|36:36|43:37|44:38|45:39|46:40|47:40|41:33|34;34,27,20,19,12,5;47,46,45,3,10,17,24,25,26;33,40,39,38,37,36,29,22,15,8,1,0,6;13,7,14,21,28,35,41;18,11,4;48,42,43,44,2,9,16,23,30,31,32
11,0,8,9,27:57:63:93,,13|24:14|25:15|26:17|28:18|29:19|30:30|31:41|42:52|53:74|75:85|86:96|97:96|107:94|105:95|106:92|103:91|102:90|101:89|90:78|79:67|68:45|46:34|35:23|24;79,90,91,92,93,94,95,96,85,74,63,52,41,30,29,28,27,26,25,24,35;53,42,31,20,19,18,17,6,5,4,3,2,1,0,11,22,33,44,55,66,77,88,99,110,111,112,113,114,115,116,105;60,71,72;7,8,9,10,21,32,43,54,65,76,87,98,109,120,119,118,117,106;61,50,49,48,59,70,81,82,93,104,103;102,101,100,89,78,67,56,57,58,69,80;37,36,47,46,57,68;45,34,23,12,13,14,15,16,27,38,39,40,51;107,108,97,86,75,64,63,62,73,84,83
X_19,0,9,11,,10:29:67:86:257:276:333:352:295:350:331:293:274:255:84:65:27:8:106:107:127:109:90:71:52:53:54:73:92:93:75:113:131:132:170:169:149:148:147:166:185:204:241:240:258:254:234:233:194:175:156:137:119:101:102:30:12:32:51:50:68:26:6:24:43:44:64:7:11:13:14:33:34:15:35:16:17:18:36:37:55:56:74:99:41:42:61:80:40:78:77:57:95:115:114:152:153:135:136:59:58:38:39:19:0:20:1:2:22:21:3:4:23:5:62:81:100:82:83:63:87:69:70:89:108:88:172:193:173:174:154:155:212:192:191:171:209:229:228:249:267:266:268:287:251:270:289:307:286:285:305:326:345:344:325:306:324:304:323:342:343:232:347:348:349:328:310:311:353:354:355:336:316:315:292:273:253:252:271:272:291:290:309:308:327:346:296:297:317:318:337:356:277:259:278:242:224:207:189:206:205:187:188:168:167:186:227:245:246:260:299:280:261:279:298:319:301:282:263:283:284:302:303:321:320:338:357:358:339:340:359:341:360:322:141_0B:122_0B:140_0B:143_0B:124_0B:144_0B:182_0B:164_0B:183_0B:200_0B:219_0B:220_0B:198_0B:217_0B:216_0B:177_0B:158_0B:178_0B;329,330,312,313,294,275,256,236,235,215;265,264,244,262,281,300;351,332,314,334,335;238,239,221,202,201,181,180,160,159,139,157,176,195;190,210,211,230,248,247;94,112,111,110,91,72;76,96,97,98,79,60;25,45,46,66,85,104,105,125,126,146,128,129,130,150,151;208,226,225,243,223,222,203,184,165,145,163,162,161,142,123,103,121,120,138,118,117,116,134,133;31,49,48,47,28,9;288,269,250,231,213,214,196,197,179,199,218,237
W_9,0,10,9,,,1|73:2|74:3|75:4|76:5|77:6|78:7|79:9|17:18|26:27|35:36|44:45|53:54|62:63|71;75,76,77,78,79,70,71,62,53,44,35,26;64,65,56,57,48;61,52,43,34,25,16,17;31,30,29,28,37;45,36,27,18,9;63,54,55,46,47,38,39,40,49,58;22,23,32,41,50,59,68,67,66;69,60,51,42,33,24,15,14,13,12,21,20,19,10,1,0;74,73,72,80,8,7,6,5,4,3,2,11
X_11:10,0,11,10,,109:107:105:103:101:99:100:88:108:98:10:9:1:0,37|38:38|39:39|51:51|62:61|62:61|71:59|71:58|59:47|58:37|47:47|48:48|58:48|59:59|60:37|48:37|49:39|49:50|51:39|50:50|62:50|61:60|61;67,78,79,91,81,93,83,95,85,86,75;7,8,20;73,62,52,41,30,19,18,6,5,4,3,2,12,11,22,33,44,56,57,68,80,70,59;45,34,23,13,14,15,16,17,29,40,51;50,49,38,26,25,24,35,46,58,69;32,43,54,65,76,87,97,96,106,94,104,92,102,90,89,77,66,55;21,31,42,53,64,63,74,84,72,61;47,36,37;39,28,27;82,71,60,48
11,0,12,11,,48_0B:49_0B:50_0B:61_0B:60_0B:59_0B:70_0B:71_0B:72_0B;112,111,110,99,88,77;98,97,96,85,74,73,62;46,35,24,25,26,27,28,29,18;7,6,17,16,15,14,13,12,23,34,45;86,75,64,63,52,41,30,19,8;66,67,78,89,100,101,102,113,114;51,40,39,38,37,36,47,58,69,80,81,82,93,94,105,116,117,118,119,120,109;83,84,95,106,107,108;53,42,31,20;87,76,65,54,43,32,21,10,9;115,104,103,92,91,90,79,68,57,56,55,44,33,22,11,0,1,2,3,4,5
X_13,0,13,13,,156:158:160:162:164:166:168:11:12:1:0:143:157:167:155:165:153:154:142:159:145:144:130:13:14:2:3:9:10:24:25,66|67:80|92:109|122:111|124:88|102:75|76:46|59:30|43:30|44:31|44:31|32:19|32:33|46:32|33:34|46:34|47:62|63:63|76:64|76:102|103:102|115:101|115:112|125:124|125:124|137:123|136:123|137:123|135:122|135:121|122:108|121:93|105:92|105:91|92:52|66:53|66:53|54:44|57:44|45:32|45:45|46:76|77:77|89:89|90:90|102:75|89:88|89:110|122:110|123:110|124:65|79:65|66:78|92:79|80:67|79:78|79;33,21,22;38,37,23,35,34;80,67,54,66,79,92;63,49,61,60,59,58,70,83;7,6,5,4,16,15,27,26,39,52,65,78,91,104,117,131,132,146,147,161,149,163,151,152,140,141,129,116;40,28,29,17,18;148,134,133,119,118,105;137,125,126,114;106,120,121,135,136,150,138,139,127,128,115,103,90,77,64,51,50,36,48,47,46,32,44,43,42,30,31,19,20,8;93,107,108,122,123,124,112,113,101,102,89,76,62,74,87,86,85,84;53,41,55,68,81,94,95,109,110,111;75,88,100,99,98,97,96,82,69,56,57,45;71,72,73
15+B,0,14,12,,15_0:0_0:1_0:6_0:7_0:8_0:22_0:13_0:14_0:29_0:134_0:149_0:164_0:179_0:194_0:209_0:224_0:218_0:219_0:220_0:221_0:222_0:223_0:216_0:215_0:214_0:213_0:212_0:211_0:210_0:195_0:180_0:165_0:150_0:135_0:120_0:136_0:152_0:168_0:184_0:200_0:204_0:190_0:176_0:162_0:148_0:163_0:178_0:193_0:208_0:207_0:177_0:192_0:191_0:206_0:205_0:199_0:197_0:198_0:183_0:182_0:167_0:166_0:151_0:181_0:196_0;111,96,97,82,83,68,69,54,55,56,41,42;107,92,77,62,63,48,49,50,51,52,53,38,39,40,25,26,27,28,43,58,73,88,103,102,117,116,131,130,145,144,159,158,173,188,203;87,86,101,100,115,114,129,128,143;81,80,95,110,125,126,127,112,113,98,99,84,85,70,71,72,57;157,142,141,140,139,124,109,94;35,34,19,18;217,202,201,186,185,170,169,154,153,138,137;37,36,21,20,5,4,3,2,17,16,31,30,45,60,75,90,105,106,121,122,123,108,93,78,79,64,65,66,67;44,59,74,89,104,119,118,133,132,147,146,161,160,175,174,189;91,76,61,46,47,32,33;12,11,10,9,24,23;187,172,171,156,155
X_15:11+B,0,15,8,,7:6:23:21:24:9:5:25:26:27:43:44:10:11:12:13:28:29:14:20:19:18:17:31:30:15:0:1:16:2:3:4:156:158:159:160:155:154:162:163:149:164:152:151:135:150;103,88,73,57,56,40,39,38,52,36,35,34,48,63,62;115,114,113,127,111,110,109,123,107,92,93,79,80,81,97,83,84,85,101;131,132,133,118,102,87,72,71,55,54,53,67,51,50,49;46,45,60,75,90,105,120,136,137,153,139,140,141,157,143,144,145,161,147,148,134,119,104,89,74,59,58,42,41;108,94,95,96,112,98,99,100,116,117;37,22,8;33,32,47,61,76,77,78,64,65,66,82,68,69,70,86;91,106,121,122,138,124,125,126,142,128,129,130,146
12:15+B,0,16,12,,4_0:7_0:8_0:9_0:10_0:11_0:3_0:2_0:1_0:0_0:171_0:176_0:177_0:178_0:179_0:170_0:169_0:168_0:157_0:156_0:144_0:166_0:167_0:155_0:12_0:24_0:36_0:48_0:60_0:72_0:49_0:37_0:25_0:13_0:38_0:26_0:14_0:15_0:20_0:45_0:58_0:83_0:59_0:71_0:46_0:47_0:35_0:34_0:33_0:21_0:22_0:23_0,96|97:108|109:109|121:110|122:111|123:111|112:99|100:88|100:89|101:90|102:91|103:103|104:115|116:116|128:117|129:118|130:118|119:106|107:102|114:114|115:101|113:112|113:124|125:126|127:127|139:128|140:129|141:124|136:123|135:122|134:121|133:130|142:85|86:97|98:98|99:98|110:86|87:75|87:76|88:77|89:78|90:79|91:80|92:92|93:104|105:105|117:93|94:105|106;105,93,81,80,79,78,77,76,64,52,40,41,29;50,62,61,73,85,84,96,108,120,132,133,145,146,147,148,149,137,125,113,114;30,42,43,44,32;119,107,95,94,106,118,117,116,104,92,91,90,89,88,87,99,111,110,109,97;126,138,139;18,19,31;98,86,74,75,63,51,39,27,28,16,17,5,6;158,159,160,172,173,174,175,163,164,165,153,154;57,56,55,54;82,70,69,68,67,66,65,53;121,122,123,124,112,100,101,102,103,115,127,128,129,130,131,143,142,141,140,152,151,150,162,161;134,135,136
X_9,0,17,6,,1:3:5:7:0:72:2:74:6:78:8:80:10:73:16:79:9:63:17:71;53,62,70,69,68,58,49,48,39,30,22,32,41,42,43,34,25,15,14,4,12,11,19,18,27,36,45,54,64;26,35,44,52,51;28,37,46,55,56,65,75,76;33,24,23,13,21;61,60,59,50,40,31;20,29,38,47,57,66,67,77
W_9,0,18,8,,6_0:7_0:16_0:17_0:8_0:26_0:2_0:10_0:18_0:9_0:0_0:1_0:54_0:63_0:72_0:73_0:74_0:64_0:78_0:79_0:80_0:71_0:62_0:70_0;29,38,47,48,57,58;33,32,41;27,35,44,43,42,51,50,59;46,55,56,65,66;15,24,25,34;23,14,5,77,68,69,60,61,52,53,45,36,37,28,19,20,21,30,39;11,12,3,75;67,76,4,13,22,31,40,49
14:13+B,0,19,8,,0_0:1_0:2_0:4_0:6_0:7_0:8_0:9_0:10_0:11_0:12_0:13_0:27_0:41_0:55_0:69_0:83_0:97_0:111_0:181_0:167_0:153_0:168_0:169_0:173_0:174_0:154_0:140_0:126_0:56_0:42_0:28_0:14_0:15_0:29_0:43_0:141_0:155_0:142_0:96_0:95_0:80_0:65_0:64_0:63_0:49_0:35_0:21_0:22_0:36_0:50_0:51_0:37_0:23_0:24_0:38_0:52_0:66_0:81_0:67_0:82_0:68_0:54_0:53_0:39_0:40_0:26_0:25_0:156_0:170_0:171_0:172_0:159_0:160_0:161_0:175_0:176_0:177_0:178_0:179_0:180_0:166_0:152_0:138_0:139_0:125_0:110_0:109_0:94_0:79_0:78_0:77_0:62_0:48_0:34_0:20_0:5_0:18_0:32_0:46_0:3_0:16_0:30_0:44_0:57_0:70_0:84_0:98_0:112_0:127_0:128_0:143_0:87_0B:101_0B:148_0B:149_0B;86,100,114,115,129,130,131,132,118,119;162,163,164,150;157,158,144,145,146,147,133,134;165,151,137,136,135,121,120,106,105,104,103,89,88,74,73;102,116,117;45,31,17;113,99,85,71,72,58,59,60,61,75,76,90,91,92,93,107,108,122,123,124;47,33,19
X_13,0,20,9,,7:22:8:23:37:38:25:24:10:9:11:12:164:165:153:154:142:155:168:167:166:160:159:145:144:130:156:143:157:158:5:4:16:15:27:26:13:14:2:3:1:0:58_0B:70_0B:69_0B:82_0B:83_0B:71_0B:72_0B:73_0B:84_0B:85_0B:96_0B:95_0B:109_0B:97_0B:98_0B:86_0B:99_0B:111_0B:110_0B;17,18,6,20,21,35,36,50,51,64,77,90,103,116,129,141,140,152;126,125,137,150,149,148,134,133,119,118,105,92;113,112,124,123,122,108,107;42,55,56,57,45,59,60,74,87,88;136,135,121,120,106,93,80,79,78,91,104,117,131,132,146,147,161,162,163,151,138,139,127,114,101,100;43,44,32,46,47,61,62,75,89,102,115,128;67,66,53;94,81,68,54,41,40,39,52,65;28,29,30,31,19,33,34,48,49,63,76
W_9,0,21,9,40,,2|3:11|12:20|21:5|6:14|15:23|24:6|78:7|79:8|80:59|60:68|69:77|78:74|75:65|66:56|57:2|74:1|73:0|72;65,64,63,71,70,61,52,43,34,25,16,17,9,10,11;74,73,72,80,79,78,69,60,51,50;62,53,45,46,37,38,29,20;59,68,77,5,14;36,27,28;23,32,31,40,49,48,47,56,55,54;2,1,0,8,7,6,15,24,33,42,41,40,39,30,21,12,3,75,66,57,58;67,76,4,13,22;44,35,26,18,19
X_9,0,22,8,,72:74:76:78:80:10_0B:19_0B:11_0B:15_0B:16_0B:25_0B:61_0B:70_0B:60_0B:55_0B:64_0B:56_0B;50,42,43,34,26,17,8,7,6,5,4,3;77,69,79,71,62,53,44,35;23,24,33,41,40,39,38,46;27,18,9,0,1,2,12,13,14;52,51,59,68;32,22,21,20,28,37,36,45,54,63,73,65,66,57;29,30,31;47,48,49,58,67,75
15:16+B,0,23,14,,14_0:13_0:12_0:29_0:44_0:59_0:28_0:89_0:104_0:119_0:134_0:149_0:179_0:209_0:224_0:239_0:194_0:102_0:117_0:133_0:118_0:103_0:238_0:223_0:208_0:164_0:193_0:237_0:222_0:236_0:235_0:229_0:228_0:227_0:226_0:225_0:212_0:211_0:210_0:196_0:181_0:165_0:150_0:180_0:195_0:90_0:75_0:60_0:45_0:30_0:15_0:0_0:76_0:92_0:108_0:109_0:110_0:111_0:97_0:98_0:82_0:66_0:51_0:36_0:22_0:8_0:96_0:81_0:95_0:94_0:93_0:77_0:78_0:79_0:80_0:65_0:64_0:63_0:62_0:61_0:46_0:47_0:48_0:49_0:50_0:35_0:34_0:33_0:32_0:31_0:16_0:19_0:17_0:18_0:20_0:21_0:7_0:6_0:5_0:4_0:3_0:2_0:1_0,41|56:56|57:159|160:187|202:186|201:185|200:184|185:169|184:55|56:188|203:188|189:174|175:174|189;124,123,122,107;27,26,11,10,9;144,159,174,173,188,187,186,185;25,24,23,38,37,52,67;142,141,156,155,154,153,168,183,184,199,200,201,202,203,204,205,206,191,176,161,162,147,132,131,116,101;91,106,121;88,87,86,85,100,115,130,129,128,143,158,157,172,171,170,169;55,70,69;57,72,71,56;146,145,160,175,190,189;234,233,232,231,230,215,214,213,198,197,182,167,152,137,138,139,140,125,126,127,112,113,114,99,84,83,68,53,54,39,40,41,42,43,58,73,74;166,151,136,135,120,105;221,220,219,218,217,216;207,192,177,178,163,148
X_7:10+B,0,24,7,,63:65:67:69:21:29:30:36:35:28:32:33:27:34:41:40;20,19,18,17,9,8;10,11,12,13;62,68,60,66;42,43,37,38,31,23,22,14,7,0,1,2,3,4,5,6;50,44,45,39,47,48,55,61,53,59,58,64,56;49,57,51,52,46,54;26,25,24,16,15
W_8,0,25,6,,6_0:14_0:13_0:5_0:2_0:10_0:9_0:1_0:63_0:55_0:48_0:56_0;53,52,51,59,3,11,19,18,17;49,41,40;8,16,24,31,30,38,37,45,44,43;57,58,50,42,34,33,32,39,47,46,54,62,61,60,4,12,20;36,28,29,21,22,23,15,7,0;35,27,26,25
15:17,0,26,15,,240_0:226_0:225_0:211_0:227_0:243_0:242_0:241_0:245_0:231_0:217_0:233_0:249_0:248_0:247_0:232_0:246_0:251_0:237_0:223_0:239_0:254_0:253_0:252_0:238_0:0_0:1_0:2_0:3_0:4_0:14_0:13_0:12_0:11_0:10_0:17_0:16_0:15_0:31_0:30_0:45_0:60_0:27_0:29_0:28_0:43_0:44_0:59_0:74_0:84_0B:85_0B:100_0B:99_0B:114_0B:115_0B:130_0B:129_0B:125_0B:124_0B:109_0B:94_0B:79_0B:80_0B:95_0B:110_0B;236,221,222,207,192,193,194,179,164,149,134,119,104,89,88,73,58;220,205,206,191,176,177,178,163,148,133,118,103,102,87,72,57,42,41;50,51,52,67,82,97,112,127,142,157,156,155,154,153,152,137,122,107,108;190,175,160,161,162,147,132,117;32,33,18,19,20,5,6,7,8,9,24,39,54,69,70,71,86,101,116,131,146,145,144,159,174,189,204;250,235,234,219,218,203,188,187,186,185,200,215,230,229,244;228,213,212,197,182,181,180,165,150,135,120,105,90,75;196,195,210;216,201,202;26,25,40,55,56;46,61,76,77,78,63,64,65,66,81,96,111,126,141,140,139,138,123;184,169,170,171,172,173,158,143,128,113,98,83,68,53,38,37,36,35,34,49,48,47,62;224,209,208;21,22,23;93,92,91,106,121,136,151,166,167,168,183,198,199,214
W_9,0,27,10,20,,10|19:19|28:10|11:11|12:12|21:21|30:29|30:28|29:37|38:55|56:46|47:64|65:65|66:56|57:47|48:38|39:22|31:23|32:24|33:25|34:16|25:14|23:15|24:13|22;74,73,72,0,8,7,6,5,4,76,67;65,56,47,38,29,20,11,2,1,10,9,18;34,33,32,41,40;45,46,55;52,53,62,54,63,64;37,28,27,35,26,25,24,23,22,21,20,19;69,68,77;78,79,80,71;31,30,39,48,49,50,51,42,43,44,36;70,61,60,59,58,57,66,75,3,12,13,14,15,16,17
X_13+B,0,28,9,,156:158:166:168:145:144:130:153:154:142:157:143:167:155:5:7:28:36:117:129:4:8:16:22:39:40:15:2:3:51:50:23:131:132:146:134:138:152:140:141:38:37:25:24:12:11:10:9:1:0:14:13:26:27:135:137;162,163,164;160,161,149,150,151,165;84,83,82,94,80,67;69,70,71,85,98,99,113,101;81,68,56,57,58,72,73,86,100,88,75;65,52,53,41,42,29,17,18,19,33,34;30,31,32,46,47,61,62,76,89,102,115,114,126,112,111,97,96,95,107,93,92;87,74,60,59,45,44,43,55,54,66,79,78,91,104,118,119,133,121,122,123,136,148,147,159;105,106,120,108,109,110,124,125,139,127,128,116,103,90,77,64,63,49,48,35,21,20,6
W_6,0,29,5,,0_0:5_0:35_0:30_0,14|15:20|21:14|20:15|21;19,18,23,17,16,15,9,8;34,28,29,24,25,26,20;22,21,27,33,3,2;12,6,11,10,4;32,31,1,7,13,14
W_9,0,30,9,48,,1|73:6|78:7|79:9|17:18|26:54|62:63|71:0|72:0|8:2|74:8|80:72|80;38,39,48,57,56,55;22,23,14,5,6,7,8;68,77,76,4,13,12,21,20,29,28;46,45,54,63,72,73,74,75,3,2,1,0,9,18,27,35,26,17,16,15,24,33,32,31,30;11,10,19;64,65,66,67,58,59,60,69,78,79,80;70,71,62,53,44,36,37;50,51,52,61;25,34,43,42,41,40,49,48,47
8:12+B,0,31,7,,31_0:30_0:29_0:28_0:27_0:67_0:68_0:21_0:20_0:19_0:18_0:26_0:88_0:89_0:94_0:95_0:38_0:39_0:59_0:60_0:56_0:57_0:58_0:61_0:52_0:51_0:64_0:65_0:66_0:75_0:76_0:69_0;74,73,72;14,13,12,11,10,9,17,25,33,41;80,81,82,83,84;90,91,92,93,85,86,87,79,71,63,55,47,46;77,78,70,62,54,53;45,37,36,35,34;44,43,42,50,49,48,40,32,24,16,8,0,1,2,3,4,5,6,7,15,23,22
W_7,0,32,3,,7_0:15_0:23_0:29_0:35_0:28_0:21_0:22_0:14_0:25_0:19_0:13_0:20_0:27_0:34_0:41_0:33_0:26_0,0|6:42|48;40,47,46,4,3,10,9,16;48,6,5,12,11,18,17,24,31,30,37,36,43,42,0;32,39,38,45,44,2,1,8
X_8,0,33,7,,7:56,8|9:0|9:1|9:2|9:2|10:8|17:16|17:10|11:54|61:54|62:54|63:54|55:46|55:46|47:53|61:52|53:16|25:38|47:38|39:30|39:24|25:24|33:44|52:44|51:12|19:11|19:12|20:20|21:43|51:42|43:34|42:21|29;17,25,26,35,36,45,53,54;44,43,34,33,32,24,16,8,0,1,2,11,12,21,22,23,15,6,5;60,59,58,57;49,50,51,52,61,62,63,55,47,39,31,30,29,20,19,10,9;18,27,28,37,38,46;42,41,40,48;14,13,4,3
W_8,0,34,7,,6:14:15:7:1:9:8:0:48:56:57:49:54:62:63:55;22,23,16,24;36,35,34,42,50,58,2,10,18;12,13,5,61,53,45;51,59,3,11,19,20,21,29,30,31,39,32;43,44,52,60,4;33,41,40,47,46,38,37;28,27,26,25,17
12:15+B,0,35,12,,4_0:7_0:8_0:9_0:10_0:11_0:3_0:2_0:1_0:0_0:171_0:176_0:177_0:178_0:179_0:170_0:169_0:168_0:157_0:156_0:144_0:166_0:167_0:155_0:12_0:24_0:36_0:48_0:60_0:72_0:49_0:37_0:25_0:13_0:38_0:26_0:14_0:15_0:20_0:45_0:58_0:83_0:59_0:71_0:46_0:47_0:35_0:34_0:33_0:21_0:22_0:23_0,113|125:114|126:91|103:92|104:103|115:104|116:105|117:115|127:112|124:111|123:100|112:99|111:98|110:88|100:87|99:89|101:90|102:101|113:102|114:97|109:86|98:110|122:116|128:117|129:106|118:93|105:75|87:76|88:77|89:78|90:79|91:80|92:123|135:124|136:125|137:126|138:127|139:128|140:129|141:122|134;141,140,139;152,151,150,138,137,136,135,134,146,158,159,160,172,173,174,175;17,16,28;30,29,41,40,39,27;117,116,115,114,113,112,111,110,109,121,122;95,94,82,70;5,6,18,19,31,43,42,54,53,52,51,50,62,61,73,85,97,98,99,100,101,102,103,104,105,106,107,119,118,130,129,128,127,126,125,124,123;131,143,142,154,153,165,164,163,162,161,149,148,147;65,66,67,55,56,44,32;84,96,108,120,132,133,145;64,76,77,78,79,80,68;63,75,74,86,87,88,89,90,91,92,93,81,69,57
9,0,36,10,10:16:40:64:70,,31|32:30|31:30|39:39|48:48|49:49|50:41|50:32|41:2|11:11|20:19|20:18|19:25|26:24|25:15|24:6|15:61|62:60|61:60|69:69|78:54|55:55|56:56|65:65|74;32,23,14,15,16,17,8;50,59,68,69,70,71,80;2,3,12,11,10,9,18,27,36,37,38,39,40,41,42,51,60;30,21,22,13,4,5,6,7,16,25;26,35,44,53,62;0,1,10,19,28,29,20;56,47,48;72,63,64,65,66,57,58,49,40,31;24,33,34,43,52,61,70,79,78,77,76,67;54,45,46,55,64,73,74,75
W_7,0,37,7,,,11|12:18|19:8|9:15|16:28|29:35|36:36|43:37|44:38|45:39|46:40|47:40|41:33|34;33,32,31;40,39,38,37,36,29,22,21,28,35,42,0,1,2,3,4;43,44,45,46,47,5,12,19,26,25;8,7,13,6,48;17,24,23,30;41,34,27,20,14,15;18,11,10,9,16
11,0,38,12,27:57:63:93,,13|24:14|25:15|26:17|28:18|29:19|30:30|31:41|42:52|53:74|75:85|86:96|97:96|107:94|105:95|106:92|103:91|102:90|101:89|90:78|79:67|68:45|46:34|35:23|24;91,80,69;24,25,36,47;3,2,1,0,11,22,33,44,55,66,77,88,99,110,111,112,113;90,79,68,57,46,35;10,9,8,7,6,5,4,15,14,13,12,23,34,45,56,57,58,59,48;37,38,27,16,17,18,19,20;21,32,43;61,72,83,84,85,74,63,52,41;31,42,53,54,65,76,87,98,109,120,119,118,117,116,115,114,103,102,101,100,89,78,67;82,93,104,105,106,107,108,97,86,75,64,63,62,73;26,27,28,39;96,95,94,93,92,81,70,71,60,49,50,51,40,29,30
X_19,0,39,11,,10:29:67:86:257:276:333:352:295:350:331:293:274:255:84:65:27:8:106:107:127:109:90:71:52:53:54:73:92:93:75:113:131:132:170:169:149:148:147:166:185:204:241:240:258:254:234:233:194:175:156:137:119:101:102:30:12:32:51:50:68:26:6:24:43:44:64:7:11:13:14:33:34:15:35:16:17:18:36:37:55:56:74:99:41:42:61:80:40:78:77:57:95:115:114:152:153:135:136:59:58:38:39:19:0:20:1:2:22:21:3:4:23:5:62:81:100:82:83:63:87:69:70:89:108:88:172:193:173:174:154:155:212:192:191:171:209:229:228:249:267:266:268:287:251:270:289:307:286:285:305:326:345:344:325:306:324:304:323:342:343:232:347:348:349:328:310:311:353:354:355:336:316:315:292:273:253:252:271:272:291:290:309:308:327:346:296:297:317:318:337:356:277:259:278:242:224:207:189:206:205:187:188:168:167:186:227:245:246:260:299:280:261:279:298:319:301:282:263:283:284:302:303:321:320:338:357:358:339:340:359:341:360:322:141_0B:122_0B:140_0B:143_0B:124_0B:144_0B:182_0B:164_0B:183_0B:200_0B:219_0B:220_0B:198_0B:217_0B:216_0B:177_0B:158_0B:178_0B;351,332,312,330,329;94,112,111,110,91,72;288,269,250,230,248,247;31,49,48,66,85,104,103,121,120,139,159;208,226,225,244,264,265;133,134,116,97,96,76;25,45,46,47,28,9;335,334,314,313,294,275,256,238,239,221,202,203,184,165,145,163,162,180,179,197,196,195,176,157,138,118,117,98,79,60;201,181,199,218,237,236,235,215,214,213,231,211,210,190;222,223,243,262,281,300;160,161,142,123,105,125,126,146,128,129,130,150,151
W_9,0,40,9,,,1|73:2|74:3|75:4|76:5|77:6|78:7|79:9|17:18|26:27|35:36|44:45|53:54|62:63|71;24,33,34,35,26,17,8,0,72,63,54,45,36,37;4,5,6,7,16,25;80,71,70,69;11,20,21,30,39,48,57,66,75,76,77,78,79;19,28,29,38,47,56,65;46,55,64,73,74;32,23,14,15;68,59,60,61,62,53,44,43,42,41,40,31,22,13,12,3,2,1,10,9,18,27;67,58,49,50,51,52
X_11:10,0,41,8,,109:107:105:103:101:99:100:88:108:98:10:9:1:0,37|38:38|39:39|51:51|62:61|62:61|71:59|71:58|59:47|58:37|47:47|48:48|58:48|59:59|60:37|48:37|49:39|49:50|51:39|50:50|62:50|61:60|61;34,23,12,2,3,4,5,6,7,8,20,21,32;11,22,33,44,55,67,78,79,91,81,82,72,84,74,63,64,53,41,30,29,28,27,16;39,40,51,52,62,73,61;37,26,38,49,50;93,83,95,85,86,75;25,36,47,46,58,69,59;66,77,89,90,102,92,104,94,106,96,97,87,76,65,54,43,42,31,19,18,17;15,14,13,24,35,45,56,57,68,80,70,71,60,48
11,0,42,9,,48_0B:49_0B:50_0B:61_0B:60_0B:59_0B:70_0B:71_0B:72_0B;14,13,12,23;75,64,53,42,31,20,19,18,17,16,15,26,25,24,35,34,33;51,62,73,84,83,82,81,80,69;78,89,100,101,102,103,114,115,116,117,118,119,120,109,98,87,76,65,54,43,32,21,10,9,8,7,6,5,4,3,2,1,0,11,22;44,55,66,77,88,99,110,111,112,113;86,97,108,107,106,105,104,93,92,91,90,79,68,67,56,45,46;28,29,30;27,38,39,40,41,52,63,74,85,96,95,94;57,58,47,36,37
X_13,0,43,14,,156:158:160:162:164:166:168:11:12:1:0:143:157:167:155:165:153:154:142:159:145:144:130:13:14:2:3:9:10:24:25,66|67:80|92:109|122:111|124:88|102:75|76:46|59:30|43:30|44:31|44:31|32:19|32:33|46:32|33:34|46:34|47:62|63:63|76:64|76:102|103:102|115:101|115:112|125:124|125:124|137:123|136:123|137:123|135:122|135:121|122:108|121:93|105:92|105:91|92:52|66:53|66:53|54:44|57:44|45:32|45:45|46:76|77:77|89:89|90:90|102:75|89:88|89:110|122:110|123:110|124:65|79:65|66:78|92:79|80:67|79:78|79;63,50,38;82,96,97,98,99;137,125,126,114,101,102,89,76,62,75,87,86,85,84;37,23,22;39,26,27,15,16,4,5,6,20;7,8,21,35,36,49,61,60,59,45,57,56;31,30,42,41,54,66,79,92,93,106,120,121,135,148,147,146,132,131,117;104,118,119,133,134;58,70,69,81;105,91,78,65,52,53,40,28,29,17,18,19,33,34,48,47,46,32,44,43,55,68,67,80,94,107,108,122,123,124,112,113,100,88;95,109,110,111;74,73,72,71,83;161,149,163,151,152,140,141,129,116;136,150,138,139,127,128,115,103,90,77,64,51
15+B,0,44,15,,15_0:0_0:1_0:6_0:7_0:8_0:22_0:13_0:14_0:29_0:134_0:149_0:164_0:179_0:194_0:209_0:224_0:218_0:219_0:220_0:221_0:222_0:223_0:216_0:215_0:214_0:213_0:212_0:211_0:210_0:195_0:180_0:165_0:150_0:135_0:120_0:136_0:152_0:168_0:184_0:200_0:204_0:190_0:176_0:162_0:148_0:163_0:178_0:193_0:208_0:207_0:177_0:192_0:191_0:206_0:205_0:199_0:197_0:198_0:183_0:182_0:167_0:166_0:151_0:181_0:196_0;63,48,49,34,19;217,202,201,186,185;131,130,145,144,159;23,24,9,10,11,26,41,42;187,172,171,170,169,154,153,138,137;113,98,97,82,67,52,51,50,35;44,59,74,89,104,119,118,133;173,158,157,156,155,140,139,124,123,122,121,106,105,90,75,60,45,30,31,16,17,2;69,54,55,56,57,72,87,102,117,132,147,146,161,160,175,174,189,188,203;46,61,76,91,92,107,108,109,110,125,126,141,142,143;79,64,65,66,81,96,111,112,127,128,129,114,115,116,101,86;39,40,25;99,100,85,70,71;84,83,68,53,38,37,36,21,20,5,4,3,18,33,32,47,62,77,78,93,94,95,80;12,27,28,43,58,73,88,103
X_15:11+B,0,45,13,,7:6:23:21:24:9:5:25:26:27:43:44:10:11:12:13:28:29:14:20:19:18:17:31:30:15:0:1:16:2:3:4:156:158:159:160:155:154:162:163:149:164:152:151:135:150;144,145,161,147,148,134,119,104,89,74,59,58,42,41;91,106,121,122,138,139;61,62,78;94,95,96,97;127,113,98,83,84,70,86,101,116;112,111,110;69,68,82;100,115,130,146,132,133,118,103,88,73,57,56,40,39,38,52,51,50,49,48,32;80,79,93,108,109,125,126,142,128,129,114,99,85;75,90,105,120,136,137,153;33,34,35,36,37,22,8;143,157,141,140,124,123,107,92,77,76,60,45,46,47,63,64,65;81,66,67,53,54,55,71,72,87,102,117,131
12:15+B,0,46,12,,4_0:7_0:8_0:9_0:10_0:11_0:3_0:2_0:1_0:0_0:171_0:176_0:177_0:178_0:179_0:170_0:169_0:168_0:157_0:156_0:144_0:166_0:167_0:155_0:12_0:24_0:36_0:48_0:60_0:72_0:49_0:37_0:25_0:13_0:38_0:26_0:14_0:15_0:20_0:45_0:58_0:83_0:59_0:71_0:46_0:47_0:35_0:34_0:33_0:21_0:22_0:23_0,96|97:108|109:109|121:110|122:111|123:111|112:99|100:88|100:89|101:90|102:91|103:103|104:115|116:116|128:117|129:118|130:118|119:106|107:102|114:114|115:101|113:112|113:124|125:126|127:127|139:128|140:129|141:124|136:123|135:122|134:121|133:130|142:85|86:97|98:98|99:98|110:86|87:75|87:76|88:77|89:78|90:79|91:80|92:92|93:104|105:105|117:93|94:105|106;6,18,19,31,32,44,56,57,69,70,82,94,95,107,119,131,143,142,154;158,159,160,161,162;27,39,51,50,62,61,73;52,64,63;134,135,136,137,125,113,114;43,55,67,68;153,152,151,150,149,148,147,146,145,133,132,120,121,122,123,124,112,100,101,102,103,115,127,128,129,130;98,86,74,75,76,77,65,53,41,40,28,16,17,5;126,138,139,140,141;108,96,84,85,97,109,110,111,99,87,88,89,90,91,92,104,116,117,118,106;29,30,42,54,66,78,79,80,81,93,105;165,164,163,175,174,173,172
X_9,0,47,7,,1:3:5:7:0:72:2:74:6:78:8:80:10:73:16:79:9:63:17:71;56,55,46,36,27;40,31,30,21,13,23,24,33,42,51;60,59,50,41,32,22;20,29,39,48,49,58;34,43,52,61,70,69,77,76,75,65,64,54,45;18,19,11,12,4,14,15,25,26,35,44,53,62;68,67,66,57,47,38,37,28
W_9,0,48,8,,6_0:7_0:16_0:17_0:8_0:26_0:2_0:10_0:18_0:9_0:0_0:1_0:54_0:63_0:72_0:73_0:74_0:64_0:78_0:79_0:80_0:71_0:62_0:70_0;25,34,33,32,41,40,49;23,24,15;29,38,37,36,45;46,47,48,39,30,31,22;55,56,65,66,75,3,12,11;21,20,19,28,27,35,44,53,52,61,60,69,68,77,5,14;57,58,59,50,51,42,43;13,4,76,67
14:13+B,0,49,8,,0_0:1_0:2_0:4_0:6_0:7_0:8_0:9_0:10_0:11_0:12_0:13_0:27_0:41_0:55_0:69_0:83_0:97_0:111_0:181_0:167_0:153_0:168_0:169_0:173_0:174_0:154_0:140_0:126_0:56_0:42_0:28_0:14_0:15_0:29_0:43_0:141_0:155_0:142_0:96_0:95_0:80_0:65_0:64_0:63_0:49_0:35_0:21_0:22_0:36_0:50_0:51_0:37_0:23_0:24_0:38_0:52_0:66_0:81_0:67_0:82_0:68_0:54_0:53_0:39_0:40_0:26_0:25_0:156_0:170_0:171_0:172_0:159_0:160_0:161_0:175_0:176_0:177_0:178_0:179_0:180_0:166_0:152_0:138_0:139_0:125_0:110_0:109_0:94_0:79_0:78_0:77_0:62_0:48_0:34_0:20_0:5_0:18_0:32_0:46_0:3_0:16_0:30_0:44_0:57_0:70_0:84_0:98_0:112_0:127_0:128_0:143_0:87_0B:101_0B:148_0B:149_0B;134,133,147,146,145,144,158,157;47,33,19;122,108,107,93,92,91,90,76,75,61,60,59,58,72,86,100;165,151,137,123,124;106,105,104,103,89;45,31,17;117,116,102,88,74,73;71,85,99,113,114,115,129,130,131,132,118,119,120,121,135,136,150,164,163,162
X_13,0,50,9,,7:22:8:23:37:38:25:24:10:9:11:12:164:165:153:154:142:155:168:167:166:160:159:145:144:130:156:143:157:158:5:4:16:15:27:26:13:14:2:3:1:0:58_0B:70_0B:69_0B:82_0B:83_0B:71_0B:72_0B:73_0B:84_0B:85_0B:96_0B:95_0B:109_0B:97_0B:98_0B:86_0B:99_0B:111_0B:110_0B;18,31,32,46,47,61;131,117,104,91,78,65,52,39,40,28,29,17;125,137,150;6,19,33,34,48,49,63,76,89,102,115,128,127;30,42,41,53,66,79,92,105,118,119,132;62,75,88,101,114,126,139,138;44,43,55,54,67,80,93,106,120,133,146;147,134,121,108,107,94,81,68,56,57,45,59,60,74,87,100,113,112,124,123,136,149;20,21,35,36,50,51,64,77,90,103,116,129,141,140,152,151,163,162,161,148,135,122
W_9,0,51,9,40,,2|3:11|12:20|21:5|6:14|15:23|24:6|78:7|79:8|80:59|60:68|69:77|78:74|75:65|66:56|57:2|74:1|73:0|72;68,67,58,49,40,31,32;73,72,80,79,78;9,18,27,36,45,54,63,64,65,74;56,55,46,37,28,19,10;30,39,40,41;34,25,16;61,52,43,42,33,24,15,6,7,8,0,1,2,11,20,29,38,47,48,57,66,75,3,12,21,22,23,14,5,77;76,4,13;17,26,35,44,53,62,71,70,69,60,51,50,59
X_9,0,52,8,,72:74:76:78:80:10_0B:19_0B:11_0B:15_0B:16_0B:25_0B:61_0B:70_0B:60_0B:55_0B:64_0B:56_0B;21,20,28,27,36,45,54;34,43,52,51,59,68,67,75,65,73,63;57,47,46,37,29,30,31,41,33,24,23,14,4;32,22,13,12,3;18,9,0,1,2;42,50,40,39,38;77,69,79,71,62,53,44,35,26,17,8,7,6,5;66,58,49,48
15:16+B,0,53,14,,14_0:13_0:12_0:29_0:44_0:59_0:28_0:89_0:104_0:119_0:134_0:149_0:179_0:209_0:224_0:239_0:194_0:102_0:117_0:133_0:118_0:103_0:238_0:223_0:208_0:164_0:193_0:237_0:222_0:236_0:235_0:229_0:228_0:227_0:226_0:225_0:212_0:211_0:210_0:196_0:181_0:165_0:150_0:180_0:195_0:90_0:75_0:60_0:45_0:30_0:15_0:0_0:76_0:92_0:108_0:109_0:110_0:111_0:97_0:98_0:82_0:66_0:51_0:36_0:22_0:8_0:96_0:81_0:95_0:94_0:93_0:77_0:78_0:79_0:80_0:65_0:64_0:63_0:62_0:61_0:46_0:47_0:48_0:49_0:50_0:35_0:34_0:33_0:32_0:31_0:16_0:19_0:17_0:18_0:20_0:21_0:7_0:6_0:5_0:4_0:3_0:2_0:1_0,41|56:56|57:159|160:187|202:186|201:185|200:184|185:169|184:55|56:188|203:188|189:174|175:174|189;107,106,91;132,147,148,163,178,177,192,207,206,221;202,203,204,189,190,191;53,54,39,24,9,10,11,26,27;57,72,87,88;69,70,55;126,125,124,123,122,121,120,105;25,40,41,42,43,58,73,74;183,184,199,200,201,216,217,218;162,161,146,131,116,101,86,71,56;176,175,160,145,144,159,174,173,188;135,136,137,138,139,140,141,142,127,112,113,114,99,84,83,68,67,52,37,38,23;205,220,219,234,233,232,231,230,215,214,213,198,197,182,167,168,169,170,185,186,187,172,157,158,143,128,129,130,115,100,85;166,151,152,153,154,155,156,171
X_7:10+B,0,54,7,,63:65:67:69:21:29:30:36:35:28:32:33:27:34:41:40;10,11,19;8,15,16,24,25,26,20,13,12;3,4,5,6;54,46,45,37,43,42,49,56,64;51,59,60,68,62;66,58,57,50,44;52,53,61,55,48,47,39,38,31,23,22,14,7,0,1,2,9,17,18
W_8,0,55,6,,6_0:14_0:13_0:5_0:2_0:10_0:9_0:1_0:63_0:55_0:48_0:56_0;22,23,15;7,0,8,16,17,18,19,20,21;31,24,25,26,27,35,43,44,52;11,3,59,51,50,42,34,33,32,39,38,30,29;58,57,49,41,40,47,46,54,62,61,60,4,12;28,36,37,45,53
15:17,0,56,16,,240_0:226_0:225_0:211_0:227_0:243_0:242_0:241_0:245_0:231_0:217_0:233_0:249_0:248_0:247_0:232_0:246_0:251_0:237_0:223_0:239_0:254_0:253_0:252_0:238_0:0_0:1_0:2_0:3_0:4_0:14_0:13_0:12_0:11_0:10_0:17_0:16_0:15_0:31_0:30_0:45_0:60_0:27_0:29_0:28_0:43_0:44_0:59_0:74_0:84_0B:85_0B:100_0B:99_0B:114_0B:115_0B:130_0B:129_0B:125_0B:124_0B:109_0B:94_0B:79_0B:80_0B:95_0B:110_0B;222,221,236,235,250;220,205,204,189,188,187,186,185,200,199,214,213,212,197,182,167,168;192,193,194,209,224;210,195,196,181,166,151,136,121,106,91,92,77,62,47,48,49,50,51,52,53,54,69,70,71,72,87,102,103,118;83,82,81,96,111,112,127,142,157,156,155,154,153,152,137,122,107;86,101,116,131,146,147,162,163;37,36,35,34;244,229,228;234,219,218,203,202,201,216,215,230;5,6,7,8,9,24,25,26,41,42;198,183,184,169,170,171,172,173,158,143,128,113,98,97;68,67,66,65,64,63,78,93,108,123,138,139,140,141,126;117,132,133,134,119,104,89,88,73,58,57,56,55,40,39,38,23,22,21,20,19,18,33,32;145,144,159,174,175,190,191,206,207,208;180,165,150,135,120,105,90,75,76,61,46;160,161,176,177,178,179,164,149,148
W_9,0,57,10,20,,10|19:19|28:10|11:11|12:12|21:21|30:29|30:28|29:37|38:55|56:46|47:64|65:65|66:56|57:47|48:38|39:22|31:23|32:24|33:25|34:16|25:14|23:15|24:13|22;43,52,61,70,79,78,6,15;23,22,21,20,19,18,27,28,37;0,72,63,54,62,53,44;5,77,68,69,60,51,42;14,13,12,3,75,74,73,64,55,46,45,36;66,57,48,49;35,34,33,32,31,30;4,76,67,58,59,50,41,40,39;65,56,47,38,29,20,11,2,1,10,9,17,26,25,24;71,80,8,7,16
X_13+B,0,58,12,,156:158:166:168:145:144:130:153:154:142:157:143:167:155:5:7:28:36:117:129:4:8:16:22:39:40:15:2:3:51:50:23:131:132:146:134:138:152:140:141:38:37:25:24:12:11:10:9:1:0:14:13:26:27:135:137;160,161,162,163,164;159,147,148,149;83,84,97,110,124,125,139,127,128,115,102,89,76,62,61,47,46,32,44,57;107,95,82,69,70,58,72,73,86,99;114,113,100,87;45,59,60,74,75,88,101;52,65,78,91,104;165,151,150,136,123,122,121,133;41,53,66,79,92,105,118,119,120,108,109,96;34,33,19,31,30,43,56,68,81,94;116,103,90,77,64,63,49,48,35,21,20,6,18,17,29,42,55,54,67,80,93,106;71,85,98,111,112,126
W_6,0,59,4,,0_0:5_0:35_0:30_0,14|15:20|21:14|20:15|21;22,21,27,26,20,19,13,14;32,33,34,28,29;31,1,7,8,9,15,16,17,23;25,24,18,12,6,11,10,4,3,2
W_9,0,60,10,20,,1|73:6|78:7|79:9|17:18|26:54|62:63|71:0|72:0|8:2|74:8|80:72|80;1,10,19,20,21;77,68,69,70,71,62,53,44,36,37,38,39,30,31,22,13,12,3,2;80,79,78;73,74,75,76,4,5,14,15,16,17,26,35;40,41,32,23,24,25,34,43,52,61,60,59,58,67,66,65,64,63,72;45,54,55,56;33,42,51,50,49;6,7,8;46,47,48,57;0,9,18,27,28,29,20,11
8:12+B,0,61,9,,31_0:30_0:29_0:28_0:27_0:67_0:68_0:21_0:20_0:19_0:18_0:26_0:88_0:89_0:94_0:95_0:38_0:39_0:59_0:60_0:56_0:57_0:58_0:61_0:52_0:51_0:64_0:65_0:66_0:75_0:76_0:69_0;79,71,70,62,54,53,45,37,36,35,34,33,41;16,8,0,1,2,3,4,5,6,7,15,23;22,14,13,12,11,10,9,17,25,24,32,40,48,49,50,42,43,44;46,47,55,63;74,73,72;83,91,92;93,85,84;87,86,78,77;90,82,81,80
W_7,0,62,4,,7_0:15_0:23_0:29_0:35_0:28_0:21_0:22_0:14_0:25_0:19_0:13_0:20_0:27_0:34_0:41_0:33_0:26_0,0|6:42|48;16,9,8,1,0,42;32,39,38,45,44,2;40,47,46,4,3,10;48,6,5,12,11,18,17,24,31,30,37,36,43
X_8,0,63,7,,7:56,8|9:0|9:1|9:2|9:2|10:8|17:16|17:10|11:54|61:54|62:54|63:54|55:46|55:46|47:53|61:52|53:16|25:38|47:38|39:30|39:24|25:24|33:44|52:44|51:12|19:11|19:12|20:20|21:43|51:42|43:34|42:21|29;38,37,28,27;54,46,45,36,35,26,18,17;50,59,60,61,62,63,55,47,39,31,30,29,20,19,10,9;48,40,41,34,43,44,53;58,57,49,42,51,52;14,13,4,3,2,1,0,8,16,24,32,33,25;11,12,21,22,23,15,6,5
W_8,0,64,8,,6:14:15:7:1:9:8:0:48:56:57:49:54:62:63:55;13,12,20,28,29;37,38,30,31,24,25,26;42,50,58,2,3,4,5,61,53,52;33,32,39;10,11,19,27;41,40,47,46,45,44,36,35,34;43,51,59,60;21,22,23,16,17,18
12:15+B,0,65,12,,4_0:7_0:8_0:9_0:10_0:11_0:3_0:2_0:1_0:0_0:171_0:176_0:177_0:178_0:179_0:170_0:169_0:168_0:157_0:156_0:144_0:166_0:167_0:155_0:12_0:24_0:36_0:48_0:60_0:72_0:49_0:37_0:25_0:13_0:38_0:26_0:14_0:15_0:20_0:45_0:58_0:83_0:59_0:71_0:46_0:47_0:35_0:34_0:33_0:21_0:22_0:23_0,113|125:114|126:91|103:92|104:103|115:104|116:105|117:115|127:112|124:111|123:100|112:99|111:98|110:88|100:87|99:89|101:90|102:101|113:102|114:97|109:86|98:110|122:116|128:117|129:106|118:93|105:75|87:76|88:77|89:78|90:79|91:80|92:123|135:124|136:125|137:126|138:127|139:128|140:129|141:122|134;143,142,154;41,53,65,77,76;106,105,104,103,102,101,100,99,98,97,96,84;6,5,17,29,30,42,54,66,78,79,80,81,93,92,91,90,89,88,87,86,85,73,61,62,50,51,39,27;162,150,151,152;131,130,129,128,127,126,125,124;172,173,161,149;43,55,67,68,69,70,82,94,95,107,119,118,117,116,115,114,113,112,111,110,109,121,122,123;108,120,132,133,134,135,147;174,175,163,164,165,153,141,140,139,138,137,136,148,160,159,158,146,145;18,19,31,32,44,56,57;16,28,40,52,64,63,75,74
9,0,66,10,10:16:40:64:70,,31|32:30|31:30|39:39|48:48|49:49|50:41|50:32|41:2|11:11|20:19|20:18|19:25|26:24|25:15|24:6|15:61|62:60|61:60|69:69|78:54|55:55|56:56|65:65|74;8,7,16,25,34,43,52,51,50;65,64,63,72;80,79,70,61;3,2,1,10,19,28,29,20;60,59,68,69,70,71,62,53,44,35,26,17,16,15,14,23,32;6,5,4,13,12,11,10,9,0;18,27,36,37,38,39,40,41,42,33,24;56,47,48;54,45,46,55,64,73,74,75,66,57,58,49,40,31,22,21,30;67,76,77,78
W_7,0,67,5,,,11|12:18|19:8|9:15|16:28|29:35|36:36|43:37|44:38|45:39|46:40|47:40|41:33|34;39,40,33,26,27,34,41,35,42,43,44,2,9,16,23,30,37,36;38,31,32;25,24,17,10,3,45,46,47,48,6,13,7,14,21,28;29,22,15,8,1,0;18,11,4,5,12,19,20
11,0,68,7,27:57:63:93,,13|24:14|25:15|26:17|28:18|29:19|30:30|31:41|42:52|53:74|75:85|86:96|97:96|107:94|105:95|106:92|103:91|102:90|101:89|90:78|79:67|68:45|46:34|35:23|24;79,90,91,92,93,94,95,96;3,2,1,0,11,22,33,44,55,66,67,78,89,100,101,102,103,104,93,82,81,80,69,68,57,46,35,24,25,26,27,28,39;30,41,52,63,74,85,84,83,72,71;37,36,47,58,57,56,45,34,23,12,13,14,15,4,5,6,7,8,9,10,21,32,43,54,65,76,87,98,109,120,119,118,117;73,62,63,64,75,86,97,108,107,106,105,116,115,114,113,112,111,110,99,88,77;29,40,51,50,61,60;70,59,48,49,38,27,16,17,18,19,20,31,42,53
X_19,0,69,11,,10:29:67:86:257:276:333:352:295:350:331:293:274:255:84:65:27:8:106:107:127:109:90:71:52:53:54:73:92:93:75:113:131:132:170:169:149:148:147:166:185:204:241:240:258:254:234:233:194:175:156:137:119:101:102:30:12:32:51:50:68:26:6:24:43:44:64:7:11:13:14:33:34:15:35:16:17:18:36:37:55:56:74:99:41:42:61:80:40:78:77:57:95:115:114:152:153:135:136:59:58:38:39:19:0:20:1:2:22:21:3:4:23:5:62:81:100:82:83:63:87:69:70:89:108:88:172:193:173:174:154:155:212:192:191:171:209:229:228:249:267:266:268:287:251:270:289:307:286:285:305:326:345:344:325:306:324:304:323:342:343:232:347:348:349:328:310:311:353:354:355:336:316:315:292:273:253:252:271:272:291:290:309:308:327:346:296:297:317:318:337:356:277:259:278:242:224:207:189:206:205:187:188:168:167:186:227:245:246:260:299:280:261:279:298:319:301:282:263:283:284:302:303:321:320:338:357:358:339:340:359:341:360:322:141_0B:122_0B:140_0B:143_0B:124_0B:144_0B:182_0B:164_0B:183_0B:200_0B:219_0B:220_0B:198_0B:217_0B:216_0B:177_0B:158_0B:178_0B;25,45,46,47,28,9;76,96,97,98,79,60;94,112,111,130,150,151;265,264,244,262,281,300;335,334,314,332,351;162,163,145,126,125,105,104,85,66,48,49,31;199,179,197,196,215,235,236,256,275,294,313,312,330,329;208,226,225,243,223,222,221,239,238,237,218;72,91,110,129,128,146,165,184,203,202,201,181,180,161,142,123,103,121,120,138,118,117,116,134,133;247,248,230,250,269,288;160,159,139,157,176,195,214,213,231,211,210,190
W_9,0,70,10,,,1|73:2|74:3|75:4|76:5|77:6|78:7|79:9|17:18|26:27|35:36|44:45|53:54|62:63|71;33,24,25;73,64,55,46,37,28,19,20;5,4,3,12,11,10,9,18,27,36,45,54,63,72,80,71;40,39,30,21;42,43,34,35,26,17,16;31,22,13;62,61,70,79;44,53,52,51,60,69,78,77,76,75,74,65,56,47,38,29;58,59,68;2,1,0,8,7,6,15,14,23,32,41,50,49,48,57,66,67
X_11:10,0,71,10,,109:107:105:103:101:99:100:88:108:98:10:9:1:0,37|38:38|39:39|51:51|62:61|62:61|71:59|71:58|59:47|58:37|47:47|48:48|58:48|59:59|60:37|48:37|49:39|49:50|51:39|50:50|62:50|61:60|61;58,69,59;61,73,62;37,26,27;16,15,25,36,35,45,56,67,78,79,91,81,82,72,84,74,63,52,51,40,39;48,60,71,70,80,68,57,46,47;3,2,12,11;50,49,38,28,17,18,19,31,42,43,54,65,76,87,97,96,106,94,104,92,102,90,89,77,66,55,44,33,22,23;32,21,20,8,7,6,5;29,30,41,53,64,75,86,85,95,83,93;4,14,13,24,34
11,0,72,11,,48_0B:49_0B:50_0B:61_0B:60_0B:59_0B:70_0B:71_0B:72_0B;55,56,45,34,23,12,1,2,3,4,15,26,25,36;44,33,22,11,0;51,40,39,38,37;8,9,10,21,32,43,54,65,76,87,98,109,120,119,118,117;105,116,115,114,113,112,111,110,99,88,77,66,67,68,57,46;35,24,13,14;17,28,29;27,16,5,6,7,18,19,30,41,52,63,74,85,96,95,94,93,104,103,102;106,107,108,97,86,75,64,53,42,31,20;62,73,84,83,82,81,92,91,90,101;47,58,69,80,79,78,89,100
X_13,0,73,11,,156:158:160:162:164:166:168:11:12:1:0:143:157:167:155:165:153:154:142:159:145:144:130:13:14:2:3:9:10:24:25,66|67:80|92:109|122:111|124:88|102:75|76:46|59:30|43:30|44:31|44:31|32:19|32:33|46:32|33:34|46:34|47:62|63:63|76:64|76:102|103:102|115:101|115:112|125:124|125:124|137:123|136:123|137:123|135:122|135:121|122:108|121:93|105:92|105:91|92:52|66:53|66:53|54:44|57:44|45:32|45:45|46:76|77:77|89:89|90:90|102:75|89:88|89:110|122:110|123:110|124:65|79:65|66:78|92:79|80:67|79:78|79;60,73,85,84,96,82;51,38,37,23,22,8,7,6,18,17,29,28,40;58,70,56,68,81;33,34,48,49,62,75,88,100,113,112,124,123,122,108,107,93;55,41,53;5,4,16,15,27,26,39,52,65,78,91,105,106,120,121,135,136,137,125,126,114,101,102,89,76;104,117,131,132,146,147,161;118,119,133,134,148,149,163,151,152,140,141,129,116;44,32,46,47,61,74,87,86,98,97;99,111,110,109,95,94,80,67,54,66,79,92;69,83,71,72,59,45,57,43,42,30,31,19,20,21,35,36,50,63,64,77,90,103,115,128,127,139,138,150
15+B,0,74,13,,15_0:0_0:1_0:6_0:7_0:8_0:22_0:13_0:14_0:29_0:134_0:149_0:164_0:179_0:194_0:209_0:224_0:218_0:219_0:220_0:221_0:222_0:223_0:216_0:215_0:214_0:213_0:212_0:211_0:210_0:195_0:180_0:165_0:150_0:135_0:120_0:136_0:152_0:168_0:184_0:200_0:204_0:190_0:176_0:162_0:148_0:163_0:178_0:193_0:208_0:207_0:177_0:192_0:191_0:206_0:205_0:199_0:197_0:198_0:183_0:182_0:167_0:166_0:151_0:181_0:196_0;145,144,143,128,127,112,111,96,95,80;46,61,76,91,106,121,122,137,138,153,154,169,170,185;171,156,155,140,139,124,123,108,107,92,77,62,47,32,33,18;147,132,133,118,119;49,48,63,78,93,94,109,110,125,126,141,142,157,172,187,186,201;129,114,113,98,97,82,81,66,65,64,79;105,90,75,60,45,30,31,16,17,2,3,4,5,20,21,36,37;117,116,101,86,85,70,69,54,53,38,23,24,25,26,41,42,57,58,73,88,103,104;217,202,203;19,34,35,50,51,52,67,68,83,84,99,100,115,130,131,146,161,160,175,174,189,188;39,40,55,56,71,72,87,102;173,158,159;89,74,59,44,43,28,27,12,11,10,9
X_15:11+B,0,75,12,,7:6:23:21:24:9:5:25:26:27:43:44:10:11:12:13:28:29:14:20:19:18:17:31:30:15:0:1:16:2:3:4:156:158:159:160:155:154:162:163:149:164:152:151:135:150;145,146,131,117,102,101,86;88,73,57,56,55,54,53;34,33,32,46,45,60,75,90,105,120,136,137,153,139;48,47,61,76,91,106,121,122,138;85,100,116;64,79,94,110,111,127,113,129;62,77,92,107,123,124,140,141,157,143,144,130,115,114,99,84,70,71,72,87,103,118,133,132,147,161;35,50,49,63,78,93,108,109,125,126,142,128;112,96,95;148,134,119,104,89,74,59,58,42,41,40,39,38,52,67,68,69;83,82,66,51,36,37,22,8;65,80,81,97,98
12:15+B,0,76,12,,4_0:7_0:8_0:9_0:10_0:11_0:3_0:2_0:1_0:0_0:171_0:176_0:177_0:178_0:179_0:170_0:169_0:168_0:157_0:156_0:144_0:166_0:167_0:155_0:12_0:24_0:36_0:48_0:60_0:72_0:49_0:37_0:25_0:13_0:38_0:26_0:14_0:15_0:20_0:45_0:58_0:83_0:59_0:71_0:46_0:47_0:35_0:34_0:33_0:21_0:22_0:23_0,96|97:108|109:109|121:110|122:111|123:111|112:99|100:88|100:89|101:90|102:91|103:103|104:115|116:116|128:117|129:118|130:118|119:106|107:102|114:114|115:101|113:112|113:124|125:126|127:127|139:128|140:129|141:124|136:123|135:122|134:121|133:130|142:85|86:97|98:98|99:98|110:86|87:75|87:76|88:77|89:78|90:79|91:80|92:92|93:104|105:105|117:93|94:105|106;40,41,29,30,31,32;126,138,139,140,141;105,93,81,82,94,95,107,119,131,143,142,154,153,165,164,163,162,161,160,159,158;50,62,61,73;152,151,150,149,148,147,146,145,133,132,120,108,96,84,85,97,109,110,111,99,87,88,89,90,91,92,104,116,117,118,106;19,18,6;121,122,123,124,112,100,101,102,103,115,127,128,129,130;63,64,65,66,67,55;175,174,173,172;134,135,136,137,125,113,114;70,69,57;98,86,74,75,76,77,78,79,80,68,56,44,43,42,54,53,52,51,39,27,28,16,17,5
X_9,0,77,6,,1:3:5:7:0:72:2:74:6:78:8:80:10:73:16:79:9:63:17:71;54,64,65;58,57,47,46,37,28,20,21,22,32,33,42;39,40,50,51,60,69;41,31,30,29,38,48,49,59,68,67;61,52,43,34,24,23,13,12,11,19,18,27,36,45,55,56,66,75,76,77;70,62,53,44,35,26,25,15,14,4
W_9,0,78,7,,6_0:7_0:16_0:17_0:8_0:26_0:2_0:10_0:18_0:9_0:0_0:1_0:54_0:63_0:72_0:73_0:74_0:64_0:78_0:79_0:80_0:71_0:62_0:70_0;59,50,49,40,39;37,36,44,53;61,60,69,68,77,5,4,3,12,11,20,19,28,27,35,34,33,42,41;21,22,13,14,15;45,46,55,56,65,66,75,76;67,58,57,48,47,38,29,30,31,32,23,24,25;43,52,51
14:13+B,0,79,9,,0_0:1_0:2_0:4_0:6_0:7_0:8_0:9_0:10_0:11_0:12_0:13_0:27_0:41_0:55_0:69_0:83_0:97_0:111_0:181_0:167_0:153_0:168_0:169_0:173_0:174_0:154_0:140_0:126_0:56_0:42_0:28_0:14_0:15_0:29_0:43_0:141_0:155_0:142_0:96_0:95_0:80_0:65_0:64_0:63_0:49_0:35_0:21_0:22_0:36_0:50_0:51_0:37_0:23_0:24_0:38_0:52_0:66_0:81_0:67_0:82_0:68_0:54_0:53_0:39_0:40_0:26_0:25_0:156_0:170_0:171_0:172_0:159_0:160_0:161_0:175_0:176_0:177_0:178_0:179_0:180_0:166_0:152_0:138_0:139_0:125_0:110_0:109_0:94_0:79_0:78_0:77_0:62_0:48_0:34_0:20_0:5_0:18_0:32_0:46_0:3_0:16_0:30_0:44_0:57_0:70_0:84_0:98_0:112_0:127_0:128_0:143_0:87_0B:101_0B:148_0B:149_0B;58,59,45,31,17;76,75,89,88,102,116;119,118,132,131,130,129,115,114,100,86,72,73,74,60,61,47,33,19;124,123,122,108;162,163,164,150;165,151,137,136;157,158,144,145,146,147,133,134,120,106,105;113,99,85,71;135,121,107,93,92,91,90,104,103,117
X_13,0,80,11,,7:22:8:23:37:38:25:24:10:9:11:12:164:165:153:154:142:155:168:167:166:160:159:145:144:130:156:143:157:158:5:4:16:15:27:26:13:14:2:3:1:0:58_0B:70_0B:69_0B:82_0B:83_0B:71_0B:72_0B:73_0B:84_0B:85_0B:96_0B:95_0B:109_0B:97_0B:98_0B:86_0B:99_0B:111_0B:110_0B;56,68,81,94,93;148,161,162,163,151,152,140,141,129,116,103,90,77,64,51,50,36;117,131,132,146,147;133,134,135,136,137,125,126,114,101,88,75,62,61,47,34,33,19;55,54,67,80;108,107,106,105;44,30,17,18,6,20,21,35,48;104,118,119,120,121,122,123,124,112,113,100,87,74,60,59,46,32,31;149,150,138,139,127,128,115,102,89,76,63,49;91,92,79,66,53,41,42,43,57,45;78,65,52,39,40,28,29
W_9,0,81,10,40,,2|3:11|12:20|21:5|6:14|15:23|24:6|78:7|79:8|80:59|60:68|69:77|78:74|75:65|66:56|57:2|74:1|73:0|72;20,11,10,9,18,26,35,44,53,62,71,70;76,77,68,59,58,57,48,47,56,65,74,73,72,63,54,45,36,27,28,19;69,78,79,80;42,51,60,61;64,55,46,37,38,39,40,41,50;67,66,75,3,12,21,30,29;25,16,17;49,40,31,22,13,4,5;14,23,32;2,1,0,8,7,6,15,24,33,34,43,52
X_9,0,82,9,,72:74:76:78:80:10_0B:19_0B:11_0B:15_0B:16_0B:25_0B:61_0B:70_0B:60_0B:55_0B:64_0B:56_0B;44,43,34,24,23;39,31,41,33;21,20,28,37,46,47,57;32,22,13,14,6,7,8,17,26,35;40,50,42,52,53,62,71,79,69,68,58,66,65;77,67,75;73,63,54,45,36,27,18,9,0,1,2,12;30,29,38,48,49,59,51;3,4,5
15:16+B,0,83,14,,14_0:13_0:12_0:29_0:44_0:59_0:28_0:89_0:104_0:119_0:134_0:149_0:179_0:209_0:224_0:239_0:194_0:102_0:117_0:133_0:118_0:103_0:238_0:223_0:208_0:164_0:193_0:237_0:222_0:236_0:235_0:229_0:228_0:227_0:226_0:225_0:212_0:211_0:210_0:196_0:181_0:165_0:150_0:180_0:195_0:90_0:75_0:60_0:45_0:30_0:15_0:0_0:76_0:92_0:108_0:109_0:110_0:111_0:97_0:98_0:82_0:66_0:51_0:36_0:22_0:8_0:96_0:81_0:95_0:94_0:93_0:77_0:78_0:79_0:80_0:65_0:64_0:63_0:62_0:61_0:46_0:47_0:48_0:49_0:50_0:35_0:34_0:33_0:32_0:31_0:16_0:19_0:17_0:18_0:20_0:21_0:7_0:6_0:5_0:4_0:3_0:2_0:1_0,41|56:56|57:159|160:187|202:186|201:185|200:184|185:169|184:55|56:188|203:188|189:174|175:174|189;74,73,58,43,42,27,26,25;107,122,137,138,139,140,141,142;53,68,83,84,99,114,113,112,127,126,125,124,123;23,24,9,10,11;171,172,173,174,159,144,145,146,147,148,163,178,177,192,207,206,221;205,220,219,234,233,232,231,230;105,120,135;67,52,37,38,39,54,69,70,85,100,115,130,129,128,143,158,157,156,155,154,153,152;91,106,121,136,151,166,167,182,197,198,213,214,215,216,217,218;57,72,87,88;56,71,86,101,116,131,132;41,40,55;160,175,190,189,204,203,202,201,200,199,184,183,168,169,170,185,186,187,188;162,161,176,191
X_7:10+B,0,84,8,,63:65:67:69:21:29:30:36:35:28:32:33:27:34:41:40;1,0,7,15;8,9,16,24,25,26,20,13,6,5;57,51,52,46,54,55,62;11,4,3;14,22,23,31,38,37,43,42,49,56,64,58,59,53,61;2,10,17,18,19,12;50,44,45,39,47,48;68,60,66
W_8,0,85,7,,6_0:14_0:13_0:5_0:2_0:10_0:9_0:1_0:63_0:55_0:48_0:56_0;35,43,51;26,27,28,36,44,52,60,61;7,15,23,31,24,25,33,34,42,50;39,32,40,41;22,30,38,46,47;4,12,20,21,29,37,45,53,54,62;0,8,16,17,18,19,11,3,59,58,57,49
15:17,0,86,15,,240_0:226_0:225_0:211_0:227_0:243_0:242_0:241_0:245_0:231_0:217_0:233_0:249_0:248_0:247_0:232_0:246_0:251_0:237_0:223_0:239_0:254_0:253_0:252_0:238_0:0_0:1_0:2_0:3_0:4_0:14_0:13_0:12_0:11_0:10_0:17_0:16_0:15_0:31_0:30_0:45_0:60_0:27_0:29_0:28_0:43_0:44_0:59_0:74_0:84_0B:85_0B:100_0B:99_0B:114_0B:115_0B:130_0B:129_0B:125_0B:124_0B:109_0B:94_0B:79_0B:80_0B:95_0B:110_0B;72,87,102,117,132,147,162,177,192;23,22,21;56,55,40,39,38,37,36,35,34,49,48,63,62,77,92,107,122,137,152,167,182,183,184,199,214,229,244;236,221,222,207,208,193,178,163,148,133,118,103,88,73,58,57,42,41,26,25,24,9,8,7,6,5,20,19,18,33,32,47,46,61,76,91,106,121,136,151,166,181,196,197,212;75,90,105,120,135,150,165,180,195,210;160,161,176,191,206;230,215,200,185,170,155,154;172,187,202,203,218,219,234;123,108,93,78;156,171,186,201,216;228,213,198;89,104,119,134,149,164,179,194,209,224;250,235,220,205,190,175,174,159,144,145,146,131,116,101,86,71,70,69,54,53,52,51,50,65,64;82,97,112,127,142,157;169,168,153,138,139,140,141,126,111,96,81,66,67,68,83,98,113,128,143,158,173,188,189,204
W_9,0,87,9,20,,10|19:19|28:10|11:11|12:12|21:21|30:29|30:28|29:37|38:55|56:46|47:64|65:65|66:56|57:47|48:38|39:22|31:23|32:24|33:25|34:16|25:14|23:15|24:13|22;54,45,36;16,17,26,35,34,33,32,31,30,39,48,57,66,67;76,75,74,65,56,47,38,29,20,11;80,79,70,61,52,43,42,41,40,49,58,59,68,77,5,4,13,12;10,9,0,8,7,6,15,14;25,24,23,22,21,20,19,18,27,28,37,46,55,64,73;1,2,3;78,69,60,51,50;72,63,71,62,53,44
X_13+B,0,88,11,,156:158:166:168:145:144:130:153:154:142:157:143:167:155:5:7:28:36:117:129:4:8:16:22:39:40:15:2:3:51:50:23:131:132:146:134:138:152:140:141:38:37:25:24:12:11:10:9:1:0:14:13:26:27:135:137;159,147,148,149,163,164,165;160,161,162;46,45,57,56,68,67,80,93,107,95;97,98,99,113,101;33,32,44,43,55,54,66,79,92,105,106,120,108,109,96,84,85,86,100;19,31,30;42,29,17,18,6,20,21,35,48,49,63,64,77,90,103,116,128,127,139,125,124,123,136,150,151;59,58,70,69,81,94;82,83,71,72,73,87,88,89,76,62,61;75,74,60,47,34;41,53,52,65,78,91,104,118,119,133,121,122,110,111,112,126,114,115,102
W_6,0,89,6,,0_0:5_0:35_0:30_0,14|15:20|21:14|20:15|21;1,7,6,11,17;16,10,4;3,33,34,28,29,24,25,19;14,13,12,18,23,22,21,27,26,20;8,9,15;2,32,31
W_9,0,90,8,31,,1|73:6|78:7|79:9|17:18|26:54|62:63|71:0|72:0|8:2|74:8|80:72|80;74,65,56,47,48,49,50,51;41,32,31,30;19,10,11,2,3,75,66,57,58,59,60;1,0,9,18,27,28,29,20,21,12,13,14,15,16;45,54,63;53,62,71,80,79,78,77,5,6,7,8,17,26;72,73,64,55,46,37,38,39,40,31,22,23,24,33,42,43,52,61,70,69,68,67,76,4;25,34,35,44,36
8:12+B,0,91,7,,31_0:30_0:29_0:28_0:27_0:67_0:68_0:21_0:20_0:19_0:18_0:26_0:88_0:89_0:94_0:95_0:38_0:39_0:59_0:60_0:56_0:57_0:58_0:61_0:52_0:51_0:64_0:65_0:66_0:75_0:76_0:69_0;81,80,72;84,83,82,74,73;53,54,62,70,78,77,85,93,92,91,90;41,33,34,35,36,37;22,23,15,7;6,14,13,12,11,10,9,17,25,24,32,40,48,49,50,42,43,44,45,46,47,55,63,71,79,87,86;5,4,3,2,1,0,8,16
W_7,0,92,4,,7_0:15_0:23_0:29_0:35_0:28_0:21_0:22_0:14_0:25_0:19_0:13_0:20_0:27_0:34_0:41_0:33_0:26_0,0|6:42|48;36,37,30,31,24,17,18,11,12,5,6,48;8,1,2,3,4,46,47,40;16,9,10;0,42,43,44,45,38,39,32
X_8,0,93,8,,7:56,8|9:0|9:1|9:2|9:2|10:8|17:16|17:10|11:54|61:54|62:54|63:54|55:46|55:46|47:53|61:52|53:16|25:38|47:38|39:30|39:24|25:24|33:44|52:44|51:12|19:11|19:12|20:20|21:43|51:42|43:34|42:21|29;53,44,36,28,20;9,17,25,33,32,40,49,50,51,52,61,62,63,55,47,39,31,30,38,46,54;19,27,35,43;21,22,29,37,45;23,15,6,5,4,3,2,1,0,8,16,24;60,59,58,57,48;10,18,26,34,41,42;14,13,12,11
W_8,0,94,7,,6:14:15:7:1:9:8:0:48:56:57:49:54:62:63:55;51,52,60,61,5,13,21,22,30;18,17,25,24,32,39,38,37,29,28,27;20,12,4,3,59,58,50,42,43,35;36,44,45,53;31,23,16;19,11,10,2;26,34,33,41,40,47,46
12:15+B,0,95,13,,4_0:7_0:8_0:9_0:10_0:11_0:3_0:2_0:1_0:0_0:171_0:176_0:177_0:178_0:179_0:170_0:169_0:168_0:157_0:156_0:144_0:166_0:167_0:155_0:12_0:24_0:36_0:48_0:60_0:72_0:49_0:37_0:25_0:13_0:38_0:26_0:14_0:15_0:20_0:45_0:58_0:83_0:59_0:71_0:46_0:47_0:35_0:34_0:33_0:21_0:22_0:23_0,113|125:114|126:91|103:92|104:103|115:104|116:105|117:115|127:112|124:111|123:100|112:99|111:98|110:88|100:87|99:89|101:90|102:101|113:102|114:97|109:86|98:110|122:116|128:117|129:106|118:93|105:75|87:76|88:77|89:78|90:79|91:80|92:123|135:124|136:125|137:126|138:127|139:128|140:129|141:122|134;150,151,152;63,51,39,27,28,16;110,111,112,113,114,115,116,117,118,130,129,128,127,126;6,18,30;75,76,64,65,66,67,68;125,124,123,122,121,109;84,96,108,120,132,133,134,135,147,148,149,161,162,163,164,165,153,154;95,107,119,131,143,142,141,140,139,138,137,136;32,31,19;55,54,53,52,40;175,174,173,172,160,159,158,146,145;5,17,29,41,42,43,44,56,57,69,70,82,94,106,105,104,103,102,101,100,99,98,97,85,73,61;77,78,79,80,81,93,92,91,90,89,88,87,86,74,62,50
9,0,96,10,10:16:40:64:70,,31|32:30|31:30|39:39|48:48|49:49|50:41|50:32|41:2|11:11|20:19|20:18|19:25|26:24|25:15|24:6|15:61|62:60|61:60|69:69|78:54|55:55|56:56|65:65|74;49,40,31,22,13,4,5,6,7,16,25;8,17,16,15,14,23,24;30,21,20;2,3,12,11,10,9,18,27,36,45,54;32,33,34,43,52,61,70,79,80;72,63,64,65,66,57,56;50,51,42,41,40,39;0,1,10,19,28,29,38,47,48;60,59,58,67,76,75,74,73,64,55,46,37;26,35,44,53,62,71,70,69,68,77,78
W_7,0,97,8,,,11|12:18|19:8|9:15|16:28|29:35|36:36|43:37|44:38|45:39|46:40|47:40|41:33|34;5,4,11,18,17,24;10,3,45,46,47;19,20,14,21,28,35,42;43,44,2,9,16,23;33,40,39,38,37,30;8,1,0,6,48,41,34,27,26,25,32,31;36,29,22,15;7,13,12
11,0,98,12,27:57:63:93,,13|24:14|25:15|26:17|28:18|29:19|30:30|31:41|42:52|53:74|75:85|86:96|97:96|107:94|105:95|106:92|103:91|102:90|101:89|90:78|79:67|68:45|46:34|35:23|24;69,68,57,46,35,24,25,26,27,28,29,30;113,112,111,110,99,88,77,66,55,44,33,22,11,0,1,2,3,4,5,6;42,31,20,19,18,17,16,27,38,37,36,47;45,34,23,12,13,14,15;48,49,60;73,84,83,94,93,92,91,90,79;53,54,43,32,21,10,9,8,7;80,81,70,71,72,61,50,39,40,41;51,62,63,64,65,76,87,98;109,120,119,118,117,116,115,114,103,102,101,100,89,78,67,56,57,58,59;82,93,104,105,106,107,108,97,86,75;52,63,74,85,96,95
X_19,0,99,11,,10:29:67:86:257:276:333:352:295:350:331:293:274:255:84:65:27:8:106:107:127:109:90:71:52:53:54:73:92:93:75:113:131:132:170:169:149:148:147:166:185:204:241:240:258:254:234:233:194:175:156:137:119:101:102:30:12:32:51:50:68:26:6:24:43:44:64:7:11:13:14:33:34:15:35:16:17:18:36:37:55:56:74:99:41:42:61:80:40:78:77:57:95:115:114:152:153:135:136:59:58:38:39:19:0:20:1:2:22:21:3:4:23:5:62:81:100:82:83:63:87:69:70:89:108:88:172:193:173:174:154:155:212:192:191:171:209:229:228:249:267:266:268:287:251:270:289:307:286:285:305:326:345:344:325:306:324:304:323:342:343:232:347:348:349:328:310:311:353:354:355:336:316:315:292:273:253:252:271:272:291:290:309:308:327:346:296:297:317:318:337:356:277:259:278:242:224:207:189:206:205:187:188:168:167:186:227:245:246:260:299:280:261:279:298:319:301:282:263:283:284:302:303:321:320:338:357:358:339:340:359:341:360:322:141_0B:122_0B:140_0B:143_0B:124_0B:144_0B:182_0B:164_0B:183_0B:200_0B:219_0B:220_0B:198_0B:217_0B:216_0B:177_0B:158_0B:178_0B;133,134,116,97,96,76;190,210,211,230,248,247;329,330,312,332,351;208,226,225,243,223,222,203,184,165,145,163;94,112,111,130,150,151;25,45,46,47,28,9;300,281,262,244,264,265;60,79,98,117,118,138,157,176,195,196,197;335,334,314,313,294,275,256,238,239,221,202,201,181,162,161,142,123,105,125,126,146,128,129,110,91,72;31,49,48,66,85,104,103,121,120,139,159,160,180;179,199,218,237,236,235,215,214,213,231,250,269,288
W_9,0,100,8,,,1|73:2|74:3|75:4|76:5|77:6|78:7|79:9|17:18|26:27|35:36|44:45|53:54|62:63|71;52,61,60,59,58,57,48,39,40,41,32,33,24,15,14,13,12,21;1,0,72;77,78,79,80,8,17,26,25;30,31,22,23;34,35,44,53,62,71,70,69,68,67,76,75,74,73,64,63,54,45,36,27,18,9,10;55,46,37,28,19,20,11,2,3,4,5,6,7,16;43,42,51,50,49;29,38,47,56,65,66
X_11:10,0,101,11,,109:107:105:103:101:99:100:88:108:98:10:9:1:0,37|38:38|39:39|51:51|62:61|62:61|71:59|71:58|59:47|58:37|47:47|48:48|58:48|59:59|60:37|48:37|49:39|49:50|51:39|50:50|62:50|61:60|61;61,73,62;48,60,71,70,80,68,57;21,32,43,54,65,76,87,97,96,106,94,104;25,24,34,22,11,12,2,3,4,16,27,28,39;46,56,67,78,79,91,81,82,72,84,74,63,52,51,40,29,17,6,5;33,45,35;44,55,66,77,89,90,102,92,93,83,95,85,86,75,64,53,42,31,20,8,7;59,69,58;47,36,37;41,30,19,18;23,13,14,15,26,38,49,50
11,0,102,11,,48_0B:49_0B:50_0B:61_0B:60_0B:59_0B:70_0B:71_0B:72_0B;97,108,119,118,117,116,115,114,103,92,91,90,101,100;75,64,53,42,43,32,21,10,9,8,7,6,5,4,3,2,13;104,93,94,95,84,73,62,51,40,39,38,37,36,47,46,57;54,65,76,87,86,85,74;89,78,79,80,81,82,83;1,0,11;105,106,107,96;31,20,19,18,17,16,15,14;63,52,41,30,29,28,27,26,25,24,35,34,45,56,67,68,69,58;12,23,22,33,44,55,66,77,88,99,110,111,112,113,102;98,109,120
X_13,0,103,12,,156:158:160:162:164:166:168:11:12:1:0:143:157:167:155:165:153:154:142:159:145:144:130:13:14:2:3:9:10:24:25,66|67:80|92:109|122:111|124:88|102:75|76:46|59:30|43:30|44:31|44:31|32:19|32:33|46:32|33:34|46:34|47:62|63:63|76:64|76:102|103:102|115:101|115:112|125:124|125:124|137:123|136:123|137:123|135:122|135:121|122:108|121:93|105:92|105:91|92:52|66:53|66:53|54:44|57:44|45:32|45:45|46:76|77:77|89:89|90:90|102:75|89:88|89:110|122:110|123:110|124:65|79:65|66:78|92:79|80:67|79:78|79;34,35,22,8,20;21,33,19,18,17,29,28,40,39,52,65,78,91,104,117,131,132,146,147,161,149,163,151,152,140,141,129,116;128,115,103,90,77,64,51,50,36,48,61,60,72,85,84,96;63,49,62,76,89,102,101,114,126,125,137;7,6,5,4,16,15,27,26;113,112,124,123,122,108,107,94,81,69,70,57,45;87,100,99,111,110,109,95,82,83,71,58,59,47,46,32,44,43,56,68,67,80,93,106,120,121,135,136,150,138,139,127;148,134,133,119,118,105;38,37,23;55,42,30,31;97,98,86,73,74,75,88;53,41,54,66,79,92
15+B,0,104,14,,15_0:0_0:1_0:6_0:7_0:8_0:22_0:13_0:14_0:29_0:134_0:149_0:164_0:179_0:194_0:209_0:224_0:218_0:219_0:220_0:221_0:222_0:223_0:216_0:215_0:214_0:213_0:212_0:211_0:210_0:195_0:180_0:165_0:150_0:135_0:120_0:136_0:152_0:168_0:184_0:200_0:204_0:190_0:176_0:162_0:148_0:163_0:178_0:193_0:208_0:207_0:177_0:192_0:191_0:206_0:205_0:199_0:197_0:198_0:183_0:182_0:167_0:166_0:151_0:181_0:196_0;49,48,47,46,61,76,91,92,93,94,109,110,111,112,127,128,143,144,145,130,131,116,117,118,119;72,71,56,55,40;95,96,97,82,67;133,132,147,146,161,160,159,158,157,142,141,126,125,124,123,108,107;153,154,169,170,185,186,201;217,202,187;39,54,53,52,51,66,81,80,79,78,77;62,63,64,65,50,35,34;189,174,175;99,84,85,86,87,88,73;32,33,18,19;70,69,68,83,98,113,114,129;115,100,101,102,103,104,89,74,59,44,43,28,27,12,11,10,9;58,57,42,41,26,25,24,23,38,37,36,21,20,5,4,3,2,17,16,31,30,45,60,75,90,105,106,121,122,137,138,139,140,155,156,171,172,173,188,203
X_15:11+B,0,105,9,,7:6:23:21:24:9:5:25:26:27:43:44:10:11:12:13:28:29:14:20:19:18:17:31:30:15:0:1:16:2:3:4:156:158:159:160:155:154:162:163:149:164:152:151:135:150;147,161,145,144,128,142,126,125,109,123,107,92,77,62,63,64,65,66,82,68,84,85,86,87,102,116;139,153,137,136,120,105,90,75,60,45,46,32,33,34,35,36,52;143,157,141,140,124,138,122,121,106,91,76,61,47,48,49,50,51,67,53,54,55,56,57,73,88,103,118;8,22,37,38,39,40,41,42,58,59,74,89,104,119,133,117,131,146;72,71,70,69;95,96,112,98,114,115;101,100,99,83,97,81,80,79,94,110,111,127,113,129,130;78,93,108;132,148,134
12:15+B,0,106,12,,4_0:7_0:8_0:9_0:10_0:11_0:3_0:2_0:1_0:0_0:171_0:176_0:177_0:178_0:179_0:170_0:169_0:168_0:157_0:156_0:144_0:166_0:167_0:155_0:12_0:24_0:36_0:48_0:60_0:72_0:49_0:37_0:25_0:13_0:38_0:26_0:14_0:15_0:20_0:45_0:58_0:83_0:59_0:71_0:46_0:47_0:35_0:34_0:33_0:21_0:22_0:23_0,96|97:108|109:109|121:110|122:111|123:111|112:99|100:88|100:89|101:90|102:91|103:103|104:115|116:116|128:117|129:118|130:118|119:106|107:102|114:114|115:101|113:112|113:124|125:126|127:127|139:128|140:129|141:124|136:123|135:122|134:121|133:130|142:85|86:97|98:98|99:98|110:86|87:75|87:76|88:77|89:78|90:79|91:80|92:92|93:104|105:105|117:93|94:105|106;79,78,77,65,53,54,42,30,18,19;143,142,154,153,152,151,150,149,148,147;43,55,56,57,69,70,82,94,106,118,117,116,104,92,91,90,89,88,87,99,111,110,109,97;76,64,52,40,41,29;98,86,74,75,63;6,5,17,16,28,27,39,51,50,62,61,73,85,84,96,108,120,132,133,145,146,158,159,160,161,162,163,164,165;125,137,136,135,134;66,67,68,80,81,93,105;172,173,174,175;113,114,126,138,139,140,141;31,32,44;95,107,119,131,130,129,128,127,115,103,102,101,100,112,124,123,122,121
X_9,0,107,7,,1:3:5:7:0:72:2:74:6:78:8:80:10:73:16:79:9:63:17:71;67,58,49,50,41,33,24,23,13,21,11,19,18,27,36,45,54;52,61,60,68,77,76,75,65,56,47,38;64,55,46,37,29,39;69,70,62,53,44,35,26,25,15,14,4,12;66,57,48,40,31;59,51,42,43,34;28,20,30,22,32
W_9,0,108,7,,6_0:7_0:16_0:17_0:8_0:26_0:2_0:10_0:18_0:9_0:0_0:1_0:54_0:63_0:72_0:73_0:74_0:64_0:78_0:79_0:80_0:71_0:62_0:70_0;34,35,44,36,37,38,39,40,49;21,22,23,32,33;55,56,65;29,30,31;43,42,41,50,59,58,67,76,4,13,14,15,24,25;61,52,53,45,46,47,48,57,66,75,3,12,11,20,19,28,27;51,60,69,68,77,5
14:13+B,0,109,9,,0_0:1_0:2_0:4_0:6_0:7_0:8_0:9_0:10_0:11_0:12_0:13_0:27_0:41_0:55_0:69_0:83_0:97_0:111_0:181_0:167_0:153_0:168_0:169_0:173_0:174_0:154_0:140_0:126_0:56_0:42_0:28_0:14_0:15_0:29_0:43_0:141_0:155_0:142_0:96_0:95_0:80_0:65_0:64_0:63_0:49_0:35_0:21_0:22_0:36_0:50_0:51_0:37_0:23_0:24_0:38_0:52_0:66_0:81_0:67_0:82_0:68_0:54_0:53_0:39_0:40_0:26_0:25_0:156_0:170_0:171_0:172_0:159_0:160_0:161_0:175_0:176_0:177_0:178_0:179_0:180_0:166_0:152_0:138_0:139_0:125_0:110_0:109_0:94_0:79_0:78_0:77_0:62_0:48_0:34_0:20_0:5_0:18_0:32_0:46_0:3_0:16_0:30_0:44_0:57_0:70_0:84_0:98_0:112_0:127_0:128_0:143_0:87_0B:101_0B:148_0B:149_0B;162,163,164,150,136,135,121;71,85,86;119,118,132,131,130,129,115,114;100,99,113;19,33,47,61,60,59,45,31,17;165,151,137;89,88,102,116;58,72,73,74,75,76,90,91,92,93,107,108,122,123,124;117,103,104,105,106,120,134,133,147,146,145,144,158,157
X_13,0,110,9,,7:22:8:23:37:38:25:24:10:9:11:12:164:165:153:154:142:155:168:167:166:160:159:145:144:130:156:143:157:158:5:4:16:15:27:26:13:14:2:3:1:0:58_0B:70_0B:69_0B:82_0B:83_0B:71_0B:72_0B:73_0B:84_0B:85_0B:96_0B:95_0B:109_0B:97_0B:98_0B:86_0B:99_0B:111_0B:110_0B;141,129,116,103,90;80,94,107,108,122,123,124,112,113,100,88;77,76,63,49,48,34,33,19,31,30,42,55,54,67,79,92,93,106,120,121,135,136,137,125;64,51,50,36,35,21,20,6,18,17,29,28,40,39,52,65,78,91,104,117,131,132,146,147,161,162,163,151,152,140,127,128,115;66,53,41;43,57,45,59,60,74,87;102,89,75,62,61,47,46,32,44;105,118,119,133,134,148,149,150,138,139,126,114,101;56,68,81
W_9,0,111,7,40,,2|3:11|12:20|21:5|6:14|15:23|24:6|78:7|79:8|80:59|60:68|69:77|78:74|75:65|66:56|57:2|74:1|73:0|72;35,44,53,52,51,60,69,78,79,80,72,73,74,65,56,47,38,39,40,41;66,67,68,77,5,14,23,32,33,24,15,16,17,9,18,27,36,45,54,62;2,11,20,29,30,21,12,3,75,76;6,7,8,0,1,10,19,28,37,46,55,64,63,71,70,61;4,13,22,31,40,49,48,57;58,59,50;42,43,34,25,26
X_9,0,112,7,,72:74:76:78:80:10_0B:19_0B:11_0B:15_0B:16_0B:25_0B:61_0B:70_0B:60_0B:55_0B:64_0B:56_0B;3,12,21,20,28,37,46,47;66,57,48,40,41;5,4,13,22,30,29,38;58,49,50,42,33;2,1,0,9,18,27,36,45,54,63,73,65,75;68,59,51,52,43,34,24,32,31,39;67,77,69,79,71,62,53,44,35,26,17,8,7,6,14,23
15:16+B,0,113,14,,14_0:13_0:12_0:29_0:44_0:59_0:28_0:89_0:104_0:119_0:134_0:149_0:179_0:209_0:224_0:239_0:194_0:102_0:117_0:133_0:118_0:103_0:238_0:223_0:208_0:164_0:193_0:237_0:222_0:236_0:235_0:229_0:228_0:227_0:226_0:225_0:212_0:211_0:210_0:196_0:181_0:165_0:150_0:180_0:195_0:90_0:75_0:60_0:45_0:30_0:15_0:0_0:76_0:92_0:108_0:109_0:110_0:111_0:97_0:98_0:82_0:66_0:51_0:36_0:22_0:8_0:96_0:81_0:95_0:94_0:93_0:77_0:78_0:79_0:80_0:65_0:64_0:63_0:62_0:61_0:46_0:47_0:48_0:49_0:50_0:35_0:34_0:33_0:32_0:31_0:16_0:19_0:17_0:18_0:20_0:21_0:7_0:6_0:5_0:4_0:3_0:2_0:1_0,41|56:56|57:159|160:187|202:186|201:185|200:184|185:169|184:55|56:188|203:188|189:174|175:174|189;91,106,105,120,135;39,38,37,52,67,68,83,84,99,114,113,112,127,126,125,140,139,154,153,152;107,122,121;155,156,141,142,143,128,129,130,115,100,85,70,69,54,53;124,123,138,137,136,151,166,167,182,197,198,213,214,215,216,217,218;25,24,23;56,71,72,57,42,27,26,11,10,9;171,172,157,158,159,144,145,146,131,116,101,86,87,88;132,147,148,163,178;74,73,58,43;189,190,191,176;55,40,41;174,173,188,187,186,185,170,169,168,183,184,199,200,201,202,203,204,205;175,160,161,162,177,192,207,206,221,220,219,234,233,232,231,230
X_7:10+B,0,114,7,,63:65:67:69:21:29:30:36:35:28:32:33:27:34:41:40;58,64,56,49,42,43,37,38,31,25,18,17,16,15,7,0,1,2,3,4,5,6,13,20;68,62,55,48,47,39,45;50,44,52,46,54,61,60,66;26,19,12;57,51,59,53;14,22,23,24;11,10,9,8
W_8,0,115,6,,6_0:14_0:13_0:5_0:2_0:10_0:9_0:1_0:63_0:55_0:48_0:56_0;28,36,44,43;58,59,3,11,19,20,21,22,23,15;47,40,41,42,34;12,4,60,61,62,54,46,38,39,32,33;57,49,50,51,52,53,45,37,29,30,31,24,25;35,27,26,18,17,16,8,0,7
15:17,0,116,14,,240_0:226_0:225_0:211_0:227_0:243_0:242_0:241_0:245_0:231_0:217_0:233_0:249_0:248_0:247_0:232_0:246_0:251_0:237_0:223_0:239_0:254_0:253_0:252_0:238_0:0_0:1_0:2_0:3_0:4_0:14_0:13_0:12_0:11_0:10_0:17_0:16_0:15_0:31_0:30_0:45_0:60_0:27_0:29_0:28_0:43_0:44_0:59_0:74_0:84_0B:85_0B:100_0B:99_0B:114_0B:115_0B:130_0B:129_0B:125_0B:124_0B:109_0B:94_0B:79_0B:80_0B:95_0B:110_0B;204,189,190,175,160,161,162,147,132,117,102,87,72;172,171,170,169,168,167,182,181;150,135,120,105,90,75;18,19,20,5,6,7,8,9;230,215,216;54,69,70,71,86,101,116,131,146,145,144,159,174,173,188,187,186,185,184,183,198,197,196,195,210;244,229,228;224,209,208;42,41,26,25,24,23,22,21,36,51,66,81,96,111,126,141,140,139,138,123,108,93,78;234,235,250;212,213,214,199,200,201,202,203,218,219,220,205,206,191,176,177,178,163,148,133,118,103,88,73,58,57,56,55,40,39,38,53,68,83,98,113,128,143,158,157,156,155,154,153,152,137,122,107,92,77,62,63,48,49;142,127,112,97,82,67,52,37;236,221,222,207,192,193,194,179,164,149,134,119,104,89;180,165,166,151,136,121,106,91,76,61,46,47,32,33,34,35,50,65,64
W_9,0,117,7,20,,10|19:19|28:10|11:11|12:12|21:21|30:29|30:28|29:37|38:55|56:46|47:64|65:65|66:56|57:47|48:38|39:22|31:23|32:24|33:25|34:16|25:14|23:15|24:13|22;40,41,42,43,44,36,45,54,63,72,0;11,20,29,38,47,56,65,74,73,64,55,46,37,28,27,18;19,20,21,22,23,24,25,26,35,34,33,32,31,30,39,48,49,58,59,60,61,70;16,15,14,13,12,3,75,76,77,78,79,80,71,62,53,52,51,50;57,66,67,68,69;2,1,10,9;17,8,7,6,5,4
X_13+B,0,118,9,,156:158:166:168:145:144:130:153:154:142:157:143:167:155:5:7:28:36:117:129:4:8:16:22:39:40:15:2:3:51:50:23:131:132:146:134:138:152:140:141:38:37:25:24:12:11:10:9:1:0:14:13:26:27:135:137;165,151,150,149,148,147,159;164,163,162,161,160;136,123,122,108,107,93,80,67,68,56;18,6,20,21,35,48,49,63,64,77,90,103,115,114,126,112,111,97,96,82;83,84,98,99,113,101,102,89,76,62,61,47,34,33,19;87,73,72,58,57;30,31,32,46,59,60,74,75,88,100,86,85,71,70,69,81,94,95,109,110,124,125,139,127,128,116;45,44,43,55,54,66,79,92,105,106,120,121;17,29,42,41,53,52,65,78,91,104,118,119,133
W_6,0,119,5,,0_0:5_0:35_0:30_0,14|15:20|21:14|20:15|21;15,16,17,12,18,19,20,26;2,32,33,27;7,1,31,25,24,29,23,22,21;13,14,8,9,10,11,6;28,34,4,3
W_9,0,120,10,10,,1|73:6|78:7|79:9|17:18|26:54|62:63|71:0|72:0|8:2|74:8|80:72|80;65,56,47,38,39,30,31,22,23,14;29,20,21,12,13,4,76;8,17,26,35,27,18,9,10,11,2,3,75,66,67,68,77,78;5,6,15,24,33,32,41,40,49,48;42,43,34,25,16,7;79,70,69;80,71,62,61,60,59,58,57;72,63,54;50,51,52,53,45,46,55,64,73,74;44,36,37,28,19,10,1,0
8:12+B,0,121,6,,31_0:30_0:29_0:28_0:27_0:67_0:68_0:21_0:20_0:19_0:18_0:26_0:88_0:89_0:94_0:95_0:38_0:39_0:59_0:60_0:56_0:57_0:58_0:61_0:52_0:51_0:64_0:65_0:66_0:75_0:76_0:69_0;74,73,72,80;15,7,6,5,4,3,2,1,0,8,16,24,32,40,48,49,50;77,78,70,62,54,53,45,44,43,42,41,33,25,17,9,10,11,12,13,14,22,23;90,91,92,93;37,36,35,34;81,82,83,84,85,86,87,79,71,63,55,47,46
W_7,0,122,4,,7_0:15_0:23_0:29_0:35_0:28_0:21_0:22_0:14_0:25_0:19_0:13_0:20_0:27_0:34_0:41_0:33_0:26_0,0|6:42|48;47,46,4,3,10,9,16;32,39,40;38,45,44,2,1,8;48,6,5,12,11,18,17,24,31,30,37,36,43,42,0
X_8,0,123,8,,7:56,8|9:0|9:1|9:2|9:2|10:8|17:16|17:10|11:54|61:54|62:54|63:54|55:46|55:46|47:53|61:52|53:16|25:38|47:38|39:30|39:24|25:24|33:44|52:44|51:12|19:11|19:12|20:20|21:43|51:42|43:34|42:21|29;45,36,35;5,6,15,23;10,18,26,34,43,44,53;58,57,48;3,4,13,14,22,29,20;60,59,50,49,40,32,24,16,8,0,1,2,11,12,21;54,46,38;19,27,28,37,30,31,39,47,55,63,62,61,52,51,42,41,33,25,17,9
W_8,0,124,8,,6:14:15:7:1:9:8:0:48:56:57:49:54:62:63:55;46,47,40,32;39,38,30,22;12,20,28,27;59,60,4,5,13,21,29,37,36;24,25,33,41,42,43,44,45;17,16,23,31;61,53,52,51,50,58,2,3,11,19;35,34,26,18,10
12:15+B,0,125,11,,4_0:7_0:8_0:9_0:10_0:11_0:3_0:2_0:1_0:0_0:171_0:176_0:177_0:178_0:179_0:170_0:169_0:168_0:157_0:156_0:144_0:166_0:167_0:155_0:12_0:24_0:36_0:48_0:60_0:72_0:49_0:37_0:25_0:13_0:38_0:26_0:14_0:15_0:20_0:45_0:58_0:83_0:59_0:71_0:46_0:47_0:35_0:34_0:33_0:21_0:22_0:23_0,113|125:114|126:91|103:92|104:103|115:104|116:105|117:115|127:112|124:111|123:100|112:99|111:98|110:88|100:87|99:89|101:90|102:101|113:102|114:97|109:86|98:110|122:116|128:117|129:106|118:93|105:75|87:76|88:77|89:78|90:79|91:80|92:123|135:124|136:125|137:126|138:127|139:128|140:129|141:122|134;40,52,64,63;5,6,18,19,31,32,44,56,57,69,70,82,94,95,107,119,131,143,142,154,153,165,164,163,175,174,173,172,160,159,158,146,145;109,110,111,112,113,114,115,116,117,118,130,129,128,127,126,125,124;132,133,134,135,136;43,55,67,68,80;97,98,99,100,101,102,103,104,105,106;79,78,66,54,42;139,138,137,149,148,147;17,16,28,27,39,51,50,62,61,73,85,84,96,108,120,121,122,123;161,162,150,151,152,140,141;81,93,92,91,90,89,88,87,86,74,75,76,77,65,53,41,29,30
9,0,126,10,10:16:40:64:70,,31|32:30|31:30|39:39|48:48|49:49|50:41|50:32|41:2|11:11|20:19|20:18|19:25|26:24|25:15|24:6|15:61|62:60|61:60|69:69|78:54|55:55|56:56|65:65|74;29,38,39,40,41,42,51,50;0,1,10,19,28,37,46,47,48;49,40,31,22,13,12,11,10,9,18,27,36,45,54,63,64,65,66,57,56;8,17,16,15,14,23,24;20,21,30;25,16,7,6,5,4,3,2;26,35,44,53,62,71,70,69,68,77,78;32,33,34,43,52,61,70,79,80;74,75,76,67,58,59,60;72,73,64,55
W_7,0,127,5,,,11|12:18|19:8|9:15|16:28|29:35|36:36|43:37|44:38|45:39|46:40|47:40|41:33|34;18,11,4,46,45,44,43,42,0,6,13,20,27,34;29,22,15;36,37,30,23,16,9;32,25,26,19,12,5,47,48,41;35,28,21,14,7,8,1,2,3,10,17,24,31,38,39,40,33
11,0,128,12,27:57:63:93,,13|24:14|25:15|26:17|28:18|29:19|30:30|31:41|42:52|53:74|75:85|86:96|97:96|107:94|105:95|106:92|103:91|102:90|101:89|90:78|79:67|68:45|46:34|35:23|24;73,62,63,64,53,42,31,20,19,18,17,16,27,38,39;36,35,46,57,68,69,80;47,48,37;15,14,13,12,23,34,45,56,57,58,59,70,81;91,90,79;84,83,72,61,50,51,40,41,30;49,60,71,82,93,104,105,106,107,108,97,86,75;29,28,27,26,25,24;89,100,101,102,103;6,5,4,3,2,1,0,11,22,33,44,55,66;67,78,77,88,99,110,111,112,113,114,115,116,117,118,119,120,109,98,87,76,65,54,43,32,21,10,9,8,7;92,93,94,95,96,85,74,63,52
X_19,0,129,11,,10:29:67:86:257:276:333:352:295:350:331:293:274:255:84:65:27:8:106:107:127:109:90:71:52:53:54:73:92:93:75:113:131:132:170:169:149:148:147:166:185:204:241:240:258:254:234:233:194:175:156:137:119:101:102:30:12:32:51:50:68:26:6:24:43:44:64:7:11:13:14:33:34:15:35:16:17:18:36:37:55:56:74:99:41:42:61:80:40:78:77:57:95:115:114:152:153:135:136:59:58:38:39:19:0:20:1:2:22:21:3:4:23:5:62:81:100:82:83:63:87:69:70:89:108:88:172:193:173:174:154:155:212:192:191:171:209:229:228:249:267:266:268:287:251:270:289:307:286:285:305:326:345:344:325:306:324:304:323:342:343:232:347:348:349:328:310:311:353:354:355:336:316:315:292:273:253:252:271:272:291:290:309:308:327:346:296:297:317:318:337:356:277:259:278:242:224:207:189:206:205:187:188:168:167:186:227:245:246:260:299:280:261:279:298:319:301:282:263:283:284:302:303:321:320:338:357:358:339:340:359:341:360:322:141_0B:122_0B:140_0B:143_0B:124_0B:144_0B:182_0B:164_0B:183_0B:200_0B:219_0B:220_0B:198_0B:217_0B:216_0B:177_0B:158_0B:178_0B;31,49,48,47,28,9;247,248,230,211,210,190;265,264,244,225,226,208;335,334,314,332,351;94,112,111,130,150,151;76,96,97,98,79,60;72,91,110,129,128,146,165,184,203,202,201,181,199,218;288,269,250,231,213,214,195,176,157,139,159,160,161,142,123,104,85,66,46,45,25;237,238,239,221,222,223,243,262,281,300;105,125,126,145,163,162,180,179,197,196,215,235,236,256,275,294,313,312,330,329;103,121,120,138,118,117,116,134,133
W_9,0,130,10,,,1|73:2|74:3|75:4|76:5|77:6|78:7|79:9|17:18|26:27|35:36|44:45|53:54|62:63|71;12,13,14,15,16,25;44,43,42,41,40,39,38,37,28;23,32,31,30,29;11,20,21,22;57,58,59,60,61;69,68,67,66,65,56,55,54,63;64,73,74,75,76,77,78,79,70;24,33,34,35,26,17,8,7,6,5,4,3,2,1,10,19;71,80,72,0,9,18;27,36,45,46,47,48,49,50,51,52,53,62
X_11:10,0,131,11,,109:107:105:103:101:99:100:88:108:98:10:9:1:0,37|38:38|39:39|51:51|62:61|62:61|71:59|71:58|59:47|58:37|47:47|48:48|58:48|59:59|60:37|48:37|49:39|49:50|51:39|50:50|62:50|61:60|61;64,75,86,85,95,83,93,81,91,79,78,67,55,44,33,34,23,13,14,15,16,17,18;66,77,89,90,102,92,104,94,106,96,97,87,76,65,54,53;62,73,61;37,36,47,46,58,69,59;29,40,51,52;48,60,71;39,28,38,49,50;20,31,42,41;22,11,12,2,3,4,5,6,7,8,19,30;43,32,21;63,74,84,72,82,70,80,68,57,56,45,35,24,25,26,27
11,0,132,9,,48_0B:49_0B:50_0B:61_0B:60_0B:59_0B:70_0B:71_0B:72_0B;89,88,99;107,108,97;82,81,80,69,68,67,56,45,46,35,24,25,26,27,28,29,30,41,52,63,74;110,111,100,101,102,103,104,93,94;83,84,73,62,51,40,39,38,37,36,47,58,57;85,86,75,64,53,42,31,20,19,18,17,16,15,14,13,12,23,34;117,118,119,120,109,98,87,76,65,54,43,32,21,10,9,8,7,6,5,4,3,2,1,0,11,22,33;44,55,66,77,78,79,90,91,92;96,95,106,105,116,115,114,113,112
X_13,0,133,14,,156:158:160:162:164:166:168:11:12:1:0:143:157:167:155:165:153:154:142:159:145:144:130:13:14:2:3:9:10:24:25,66|67:80|92:109|122:111|124:88|102:75|76:46|59:30|43:30|44:31|44:31|32:19|32:33|46:32|33:34|46:34|47:62|63:63|76:64|76:102|103:102|115:101|115:112|125:124|125:124|137:123|136:123|137:123|135:122|135:121|122:108|121:93|105:92|105:91|92:52|66:53|66:53|54:44|57:44|45:32|45:45|46:76|77:77|89:89|90:90|102:75|89:88|89:110|122:110|123:110|124:65|79:65|66:78|92:79|80:67|79:78|79;91,78,65,52,39,26,27,15,16,4,5,6,7,8,22,23,37,38,51;161,147,146,132,131,118;45,57,56;71,72,59,47,46,32,44,43,55,41;75,88,100;33,34,48,49,62,76,89,102,101,113,99,111,110,109,96;152,140,141,129,116;31,30,42;97,98,86,87,74;114,126,112,124,123,122,108,95,94,80,67;136,135,121,120,107,93,92,79,66,54,68,69,70,58;163,151,138;117,104,105,106,119,133,134,148,149,150,137,125,139,127,128,115,103,90,77,64,63,50,36,35,21,20,19,18,17,29,28,40,53;81,82,83,84,85,73,60,61
15+B,0,134,13,,15_0:0_0:1_0:6_0:7_0:8_0:22_0:13_0:14_0:29_0:134_0:149_0:164_0:179_0:194_0:209_0:224_0:218_0:219_0:220_0:221_0:222_0:223_0:216_0:215_0:214_0:213_0:212_0:211_0:210_0:195_0:180_0:165_0:150_0:135_0:120_0:136_0:152_0:168_0:184_0:200_0:204_0:190_0:176_0:162_0:148_0:163_0:178_0:193_0:208_0:207_0:177_0:192_0:191_0:206_0:205_0:199_0:197_0:198_0:183_0:182_0:167_0:166_0:151_0:181_0:196_0;104,119,118,133,132,147,146,161,160,175,174,189;41,40,39,54,53,52,51,50,49,48,63,78,93,94,95,80,81;103,102,101,100,99,98,113,112,127;185,186,201;42,57,56,55;35,34,33,32,47,62,77,92,107,108,123,138,153,154,169,170,171;115,114,129,128,143,142,141,126,125;217,202,187,172,157,156,155,140,139,124,109,110,111,96,97,82,83,84,85,86,87,88,89,74,59,44,43,28,27,12,11,10,9;117,116,131,130,145,144,159,158,173,188,203;58,73,72,71,70,69,68,67,66,65,64,79;26,25,24,23,38,37,36,21,20,5,4,3,2;19,18,17,16,31,30,45,60,75,90,105;137,122,121,106,91,76,61,46
X_15:11+B,0,135,8,,7:6:23:21:24:9:5:25:26:27:43:44:10:11:12:13:28:29:14:20:19:18:17:31:30:15:0:1:16:2:3:4:156:158:159:160:155:154:162:163:149:164:152:151:135:150;78,93,108,109,125,126,127,113,114;124,123,107,92,77,62,63,64,80,81;99,100,115,131,117,102,87,72,71,55,54;153,137,136,120,105,90,75,60,45,46,32,33,34,50,51,67,68,84,85,101,116;95,96,97,82,66,65,49,48,47,61,76,91,106,121,122,138,139,140,141,157,143,144,145,161,147,148,134,119,104,89,74,59,58,42,41;35,36,52,53,69,70,86;8,22,37,38,39,40,56,57,73,88,103,118,133,132,146,130,129,128,142;79,94,110,111,112,98,83
12:15+B,0,136,13,,4_0:7_0:8_0:9_0:10_0:11_0:3_0:2_0:1_0:0_0:171_0:176_0:177_0:178_0:179_0:170_0:169_0:168_0:157_0:156_0:144_0:166_0:167_0:155_0:12_0:24_0:36_0:48_0:60_0:72_0:49_0:37_0:25_0:13_0:38_0:26_0:14_0:15_0:20_0:45_0:58_0:83_0:59_0:71_0:46_0:47_0:35_0:34_0:33_0:21_0:22_0:23_0,96|97:108|109:109|121:110|122:111|123:111|112:99|100:88|100:89|101:90|102:91|103:103|104:115|116:116|128:117|129:118|130:118|119:106|107:102|114:114|115:101|113:112|113:124|125:126|127:127|139:128|140:129|141:124|136:123|135:122|134:121|133:130|142:85|86:97|98:98|99:98|110:86|87:75|87:76|88:77|89:78|90:79|91:80|92:92|93:104|105:105|117:93|94:105|106;44,43,42,41,40,52,51,50,62,61,73,85,84,96,108,120,121,122,123,124,112,100,101,102,103,115,127,128,129,130,131,119,107,95;32,31,19,18;154,153,165,164,163,175,174,173,172;126,138,139;105,93,81,80,79,67;97,109,110,111,99,87,88,89,90,91,92,104,116,117,118,106,94,82,70,69,68;30,29,28,27,39;143,142,141,140,152,151,150,162,161,160,159,158,146,134,135,136,137,125,113,114;53,65,64,63;6,5,17,16;145,133,132;149,148,147;57,56,55,54,66,78,77,76,75,74,86,98
X_9,0,137,8,,1:3:5:7:0:72:2:74:6:78:8:80:10:73:16:79:9:63:17:71;22,30,39,48,49;18,27,36;21,20,29,38,47,55,64;42,51,59,58,57,56,65,75,76,77,69,70,62,53,44,35,26,25,24;50,40,31,32,23,13;66,67,68,60,61,52,43;41,33,34;15,14,4,12,11,19,28,37,46,45,54
W_9,0,138,9,,6_0:7_0:16_0:17_0:8_0:26_0:2_0:10_0:18_0:9_0:0_0:1_0:54_0:63_0:72_0:73_0:74_0:64_0:78_0:79_0:80_0:71_0:62_0:70_0;31,30,29;44,35,27,28,19;55,46,37,36;45,53,52,61,60,69,68,77,5,14,13,12,3,75,66,57,48,49,40;11,20,21,22,23,32,33;15,24,25,34,43;41,42,51;4,76,67,58,59,50;39,38,47,56,65
14:13+B,0,139,8,,0_0:1_0:2_0:4_0:6_0:7_0:8_0:9_0:10_0:11_0:12_0:13_0:27_0:41_0:55_0:69_0:83_0:97_0:111_0:181_0:167_0:153_0:168_0:169_0:173_0:174_0:154_0:140_0:126_0:56_0:42_0:28_0:14_0:15_0:29_0:43_0:141_0:155_0:142_0:96_0:95_0:80_0:65_0:64_0:63_0:49_0:35_0:21_0:22_0:36_0:50_0:51_0:37_0:23_0:24_0:38_0:52_0:66_0:81_0:67_0:82_0:68_0:54_0:53_0:39_0:40_0:26_0:25_0:156_0:170_0:171_0:172_0:159_0:160_0:161_0:175_0:176_0:177_0:178_0:179_0:180_0:166_0:152_0:138_0:139_0:125_0:110_0:109_0:94_0:79_0:78_0:77_0:62_0:48_0:34_0:20_0:5_0:18_0:32_0:46_0:3_0:16_0:30_0:44_0:57_0:70_0:84_0:98_0:112_0:127_0:128_0:143_0:87_0B:101_0B:148_0B:149_0B;113,99,85,71;157,158,144,145,146,147;108,122,121,120,106,105,104,103;17,31,45,59,58;165,151,137,123,124;19,33,47,61,60;107,93,92,91,90,76,75,74,73,72,86,100,114,115,129,130,131,132,133,134,135,136,150,164,163,162;119,118,117,116,102,88,89
X_13,0,140,11,,7:22:8:23:37:38:25:24:10:9:11:12:164:165:153:154:142:155:168:167:166:160:159:145:144:130:156:143:157:158:5:4:16:15:27:26:13:14:2:3:1:0:58_0B:70_0B:69_0B:82_0B:83_0B:71_0B:72_0B:73_0B:84_0B:85_0B:96_0B:95_0B:109_0B:97_0B:98_0B:86_0B:99_0B:111_0B:110_0B;78,91,104,117,131,132,146,147,161,162,163,151,152,140,141,129,116,103,90,77,64,51;112,124,123;108,121,133,119,118,105,92,79,65,52,39,40,28,29,17,18,6,20,21,35,36,49;50,63,76;74,87,100,113,126,125,137,136,135,122;120,107,94,81,68,56,57,45,59,60,61,62,75,88,101,114;106,93,80;66,53,41,42,30,31,19,33,34;89,102,115,128,127;139,138,150,149,148,134;48,47,46,32,44,43,55,54,67
W_9,0,141,10,40,,2|3:11|12:20|21:5|6:14|15:23|24:6|78:7|79:8|80:59|60:68|69:77|78:74|75:65|66:56|57:2|74:1|73:0|72;62,71,70;6,7,8,0,1,2,11,20,19,28;75,3,12,21;47,48,39,40,41,32,33,24,15,16,17,9,10;56,55,46;18,26,25,34,43,42,51,50;57,66,67,76,4,13;27,35,44,53,52,61,60,69,78,79,80,72,73;74,65,64,63,54,45,36,37,38,29,30,31,40,49,58,59,68,77;22,23,14,5
X_9,0,142,9,,72:74:76:78:80:10_0B:19_0B:11_0B:15_0B:16_0B:25_0B:61_0B:70_0B:60_0B:55_0B:64_0B:56_0B;34,33,41,31,30;44,52,51,59;68,69,79,71,62,53;5,4,3,2,1,0,9,18,28,37,46;48,49,58;24,23,14,6,7,8,17,26,35,43,42,50,40,39,38,47,57,66,67,77;13,22,32;12,21,20,29;75,65,73,63,54,45,36,27
15:16+B,0,143,14,,14_0:13_0:12_0:29_0:44_0:59_0:28_0:89_0:104_0:119_0:134_0:149_0:179_0:209_0:224_0:239_0:194_0:102_0:117_0:133_0:118_0:103_0:238_0:223_0:208_0:164_0:193_0:237_0:222_0:236_0:235_0:229_0:228_0:227_0:226_0:225_0:212_0:211_0:210_0:196_0:181_0:165_0:150_0:180_0:195_0:90_0:75_0:60_0:45_0:30_0:15_0:0_0:76_0:92_0:108_0:109_0:110_0:111_0:97_0:98_0:82_0:66_0:51_0:36_0:22_0:8_0:96_0:81_0:95_0:94_0:93_0:77_0:78_0:79_0:80_0:65_0:64_0:63_0:62_0:61_0:46_0:47_0:48_0:49_0:50_0:35_0:34_0:33_0:32_0:31_0:16_0:19_0:17_0:18_0:20_0:21_0:7_0:6_0:5_0:4_0:3_0:2_0:1_0,41|56:56|57:159|160:187|202:186|201:185|200:184|185:169|184:55|56:188|203:188|189:174|175:174|189;175,160,145,144,159,174,173,188,187,186,185,170,155,156;216,217,218,203,204,189,190,191,176;135,120,105;11,10,9;126,125,124,123,138,153;43,58,73,74;41,40,55;121,136,151,166;146,161,162,177,192,207,206,221;178,163,148,147,132,131,116,101,86,87,88;69,70,85,100,115,130,129,128,143,158,157,172,171;205,220,219,234,233,232,231,230,215,214,213,198,197,182,167,152,137,122,107,106,91;202,201,200,199,184,183,168,169,154,139,140,141,142,127,112,113,114,99,84,83,68,67,52,37,38,23,24,25,26,27,42,57,72,71,56;53,54,39
X_7:10+B,0,144,7,,63:65:67:69:21:29:30:36:35:28:32:33:27:34:41:40;51,59,60,68;11,10,9,8;13,20,26,25,24,23,22,14,7,0,1,2,3,4,5;57,50,44,52,53,61,62;6,12,19,18,17,16,15;48,47,39,38,31;55,54,46,45,37,43,42,49,56,64,58,66
W_8,0,145,7,,6_0:14_0:13_0:5_0:2_0:10_0:9_0:1_0:63_0:55_0:48_0:56_0;42,43,35,27;26,25,24,31,30,29,37,45;34,33,32,39,38,46;3,59,58,57,49,41,40,47;53,52,51,50;0,8,16,17,18,19,11,12,4,60,61,62,54;44,36,28,20,21,22,23,15,7
15:17,0,146,14,,240_0:226_0:225_0:211_0:227_0:243_0:242_0:241_0:245_0:231_0:217_0:233_0:249_0:248_0:247_0:232_0:246_0:251_0:237_0:223_0:239_0:254_0:253_0:252_0:238_0:0_0:1_0:2_0:3_0:4_0:14_0:13_0:12_0:11_0:10_0:17_0:16_0:15_0:31_0:30_0:45_0:60_0:27_0:29_0:28_0:43_0:44_0:59_0:74_0:84_0B:85_0B:100_0B:99_0B:114_0B:115_0B:130_0B:129_0B:125_0B:124_0B:109_0B:94_0B:79_0B:80_0B:95_0B:110_0B;234,219,218,203,202,201,216,215,230,229,244;220,235,250;180,165,166,151,152,137,122;120,105,90,75,76,77,62,63,48,49,34,35,36,37,52,53,54,69,70,71,72,87;150,135,136,121,106,107,108,123,138,139,140,141,126,111,96,81,66,67,68,83,98,113,128,143,158,159,160,161,176,191,206,205,204,189,188,187,186,185,200,199,214,213,228;208,193,178,163,148,133,118;224,209,194,179,164,149,134,119,104,89,88,73,58,57,42,41,26,25,24,9,8,7,6,5;190,175,174,173,172,171,170,169,184,183,198,197,212;61,46,47,32,33,18,19,20,21,22,23,38,39,40,55,56;103,102,117,132,147,162,177,192,207,222,221,236;91,92,93,78;64,65,50,51;82,97,112,127,142,157,156,155,154,153,168,167,182,181,196,195,210;144,145,146,131,116,101,86
W_9,0,147,8,20,,10|19:19|28:10|11:11|12:12|21:21|30:29|30:28|29:37|38:55|56:46|47:64|65:65|66:56|57:47|48:38|39:22|31:23|32:24|33:25|34:16|25:14|23:15|24:13|22;38,47,56,65,74,73,64,55;15,16,7,8,80;30,39,40,41,42,43,44,36,27,18,19,20,21,22,23,24,25;28,37,46,45,53,52,51,50,49,48,57,66,75,3,12,13,14,5,6,78,79,70,71;77,68,69,60;4,76,67,58,59;61,62,54,63,72,0;31,32,33,34,35,26,17,9,10,1,2,11,20,29
X_13+B,0,148,10,,156:158:166:168:145:144:130:153:154:142:157:143:167:155:5:7:28:36:117:129:4:8:16:22:39:40:15:2:3:51:50:23:131:132:146:134:138:152:140:141:38:37:25:24:12:11:10:9:1:0:14:13:26:27:135:137;53,52,65,78,91,104,118,119,133,121,122,110,97,84,85,73;165,164,163,149,148,147;159,160,161,162;72,71,83,69,81;139,125,124,123,136,150,151;100,88,75,74,60,59,46,32,44,57;45,58,70,56,68,67,80,93,107,95;116,128,127;98,111,112,126,114,115,103,90,77,64,63,49,48,35,21,20,6,18,17,29,42,41,54,66,79,92,105,106,120,108,109,96,82,94;87,86,99,113,101,102,89,76,62,61,47,34,33,19,31,30,43,55
W_6,0,149,5,,0_0:5_0:35_0:30_0,14|15:20|21:14|20:15|21;6,7,1,2,32;24,25,31;3,33,34,28,29,23,18,19,13,14;8,9,15,16,22,21,27,26,20;12,17,11,10,4
W_9,0,150,9,57,,1|73:6|78:7|79:9|17:18|26:54|62:63|71:0|72:0|8:2|74:8|80:72|80;7,8,17,26;69,70,61,52,43,34,35,27;45,54,63,72,73,74,65,66,57,48,39;64,55,46,37,36,44,53,62,71,80,79,78,77;29,20,21,22,23,14;38,47,56,57,58,49,40,31,30;28,19,10,11,12,13,4,5,6,15,16,25;60,51,42;24,33,32,41,50,59,68,67,76,75,3,2,1,0,9,18
