10,0,1,6,,,1|11:2|12:3|13:4|14:6|16:7|17:8|18:10|11:18|19:20|21:28|29:30|31:38|39:48|49:50|51:60|61:68|69:70|71:78|79:80|81:81|91:82|92:83|93:85|95:86|96:87|97:88|89:88|98;67,57,56,55,54,53,52,51,41,40,50,60,70,80,90,91,92,93;69,79,89,99,98,97,96,95,94,84,83,82,81,71,61,62,63,64,65,66,76,77;38,28,18,17,16,15,5,4,3,2,1,0,10,20,30;68,78,88,87,86,85,75,74,73,72;22,23,33,34,35,36,46,47,48,58,59,49,39,29,19,9,8,7,6;37,27,26,25,24,14,13,12,11,21,31,32,42,43,44,45
10,0,2,7,,,1|11:2|12:3|13:4|14:6|16:7|17:8|18:10|11:18|19:20|21:28|29:30|31:38|39:48|49:50|51:60|61:68|69:70|71:78|79:80|81:81|91:82|92:83|93:85|95:86|96:87|97:88|89:88|98;11,12,13,14,15,5,6,7,8,9,19,29,39,49;31,21,22,23,24,34,44,43;76,77,67,57,47,48,38,28;16,26,25,35,45,55,54,53,52,51;33,32,42,41,40,30,20,10,0,1,2,3,4;72,73,74,75,85,86,87,88,78,68,58,59,69,79,89,99,98,97,96,95;18,17,27,37,36,46,56,66,65,64,63,62,61,71,81,82,83,84,94,93,92,91,90,80,70,60,50
10,0,3,7,,,1|11:2|12:3|13:4|14:6|16:7|17:8|18:10|11:18|19:20|21:28|29:30|31:38|39:48|49:50|51:60|61:68|69:70|71:78|79:80|81:81|91:82|92:83|93:85|95:86|96:87|97:88|89:88|98;6,7,8,9,19,29,39,49,59,58,68,78,88,87,86;72,62,52,42,43,44,34,35,36,37,27;22,23,24,25,26,16,17,18,28,38,48,47;30,20,10,0,1,2,3,4,5,15,14,13,12,11,21,31,32,33;85,75,76,77,67,57;46,45,55,54,53,63,73,83,82,81,71,61,51,41,40,50,60,70,80,90,91,92,93;56,66,65,64,74,84,94,95,96,97,98,99,89,79,69
10,0,4,7,,,1|11:2|12:3|13:4|14:6|16:7|17:8|18:10|11:18|19:20|21:28|29:30|31:38|39:48|49:50|51:60|61:68|69:70|71:78|79:80|81:81|91:82|92:83|93:85|95:86|96:87|97:88|89:88|98;6,7,8,9,19,29,39,49,59,58,68,78,88,87,86,76,66,56,46,36,35;69,79,89,99,98,97,96,95,94,84,83,82,72,62,63;81,71,61,51,52,42,32,22,12,13,14,24,25,26,27,37;85,75,65,55,45,44,34;93,92,91,90,80,70,60,50,40,41,31,21,11;30,20,10,0,1,2,3,4,5,15,16,17,18,28,38,48,47,57,67,77;73,74,64,54,53,43,33,23
10,0,5,8,,,1|11:2|12:3|13:4|14:6|16:7|17:8|18:10|11:18|19:20|21:28|29:30|31:38|39:48|49:50|51:60|61:68|69:70|71:78|79:80|81:81|91:82|92:83|93:85|95:86|96:87|97:88|89:88|98;13,12,11,21,31,41,40,50,60,70,80,90,91,92,93;24,14,15,5,4,3,2,1,0,10,20,30;23,22,32,42,52,51,61;66,76,86,87,88,78,68,58,59,49,39,29,19,9,8,7,6;28,27,37,36,46,56,55,65,75,85,84,94,95,96,97,98,99,89,79,69;38,48,47,57,67,77;34,33,43,53,63,62,72,71;81,82,83,73,74,64,54,44,45,35,25,26,16,17,18
10,0,6,7,,,1|11:2|12:3|13:4|14:6|16:7|17:8|18:10|11:18|19:20|21:28|29:30|31:38|39:48|49:50|51:60|61:68|69:70|71:78|79:80|81:81|91:82|92:83|93:85|95:86|96:87|97:88|89:88|98;17,18,28,38,48,58,59,49,39,29,19,9,8,7,6;23,22,21,31,41,40,50,60,70,80,90,91,92,93;72,62,63,53,43,44,45,35,25;30,20,10,0,1,2,3,4,5,15,16,26,36,46;77,76,75,74,73,83,82,81,71,61,51,52,42,32,33,34,24,14,13,12,11;65,66,67,68,78,88,87,86,85,84,94,95,96,97,98,99,89,79,69;27,37,47,57,56,55,54,64
10,0,7,7,,,1|11:2|12:3|13:4|14:6|16:7|17:8|18:10|11:18|19:20|21:28|29:30|31:38|39:48|49:50|51:60|61:68|69:70|71:78|79:80|81:81|91:82|92:83|93:85|95:86|96:87|97:88|89:88|98;11,12,22,23,33,34,44,54,64,74,73,72,62,52,51,41,40,30,20,10,0,1,2,3,4;85,75,65,55,45,35,25,24,14,13;61,71,81,82,83,84,94,93,92,91,90,80,70,60,50;49,39,29,19,9,8,7,6,5,15,16,26,36,46,56,66,76,77;95,96,97,98,99,89,79,69,59,58,48,38,28,18,17;86,87,88,78,68,67,57,47,37,27;63,53,43,42,32,31,21
10,0,8,6,,,1|11:2|12:3|13:4|14:6|16:7|17:8|18:10|11:18|19:20|21:28|29:30|31:38|39:48|49:50|51:60|61:68|69:70|71:78|79:80|81:81|91:82|92:83|93:85|95:86|96:87|97:88|89:88|98;24,25,26,16,17,18,28,38,48,58,59,49,39,29,19,9,8,7,6;93,92,91,90,80,70,60,50,40,41,31,21,11;36,46,56,66,65,64,63,62,72;30,20,10,0,1,2,3,4,5,15,14,13,12,22,32,42,43,44;23,33,34,35,45,55,54,53,52,51,61,71,81,82,83,73,74,75,76,77,67,57,47,37,27;68,78,88,87,86,85,84,94,95,96,97,98,99,89,79,69
10,0,9,7,,,1|11:2|12:3|13:4|14:6|16:7|17:8|18:10|11:18|19:20|21:28|29:30|31:38|39:48|49:50|51:60|61:68|69:70|71:78|79:80|81:81|91:82|92:83|93:85|95:86|96:87|97:88|89:88|98;48,38,37,36,35,34,33,43,53,63,62,72;30,20,10,0,1,2,3,4,5,15,16,17,18,28;69,79,89,99,98,97,96,95,94,84,85,75,65,55,54,44;45,46,47,57,67,77;27,26,25,24,23,22,32,42,52,51,61,71,81,82,83,73,74,64;56,66,76,86,87,88,78,68,58,59,49,39,29,19,9,8,7,6;14,13,12,11,21,31,41,40,50,60,70,80,90,91,92,93
10,0,10,7,,,1|11:2|12:3|13:4|14:6|16:7|17:8|18:10|11:18|19:20|21:28|29:30|31:38|39:48|49:50|51:60|61:68|69:70|71:78|79:80|81:81|91:82|92:83|93:85|95:86|96:87|97:88|89:88|98;35,36,37,47,57,67,77,76;48,38,28,18,17,16,15,5,6,7,8,9,19,29,39,49;82,81,71,61,51,41,40,30,20,10,0,1,2,3,4;27,26,25,24,14,13,12,11,21,31,32,42,52,62,63,64,74;34,44,45,46,56,66;95,96,97,98,99,89,79,69,59,58,68,78,88,87,86,85,75,65,55,54,53,43,33,23,22;72,73,83,84,94,93,92,91,90,80,70,60,50
11,0,11,8,,,1|12:2|13:3|14:4|15:6|17:7|18:8|19:9|20:11|12:20|21:22|23:31|32:33|34:42|43:44|45:53|54:66|67:75|76:77|78:86|87:88|89:97|98:99|100:100|111:101|112:102|113:103|114:105|116:106|117:107|118:108|109:108|119;39,38,37,36,47,58,69,80;108,97,86,75,74,63,62,61;45,34,23,12,13,14,15,16,5,4,3,2,1,0,11,22,33,44;29,40,51,50,49,48,59,70,81,82,83,94,95;30,41,52,53,64,65,54,43,32,21,10,9,8,7,6;114,113,112,111,110,99,88,77,66,55,56,67,78,89,100,101,102,103;76,87,98,109,120,119,118,117,116,115,104,105,106,107,96,85,84,73,72,71,60;93,92,91,90,79,68,57,46,35,24,25,26,27,28,17,18,19,20,31,42
11,0,12,7,,,1|12:2|13:3|14:4|15:6|17:7|18:8|19:9|20:11|12:20|21:22|23:31|32:33|34:42|43:44|45:53|54:66|67:75|76:77|78:86|87:88|89:97|98:99|100:100|111:101|112:102|113:103|114:105|116:106|117:107|118:108|109:108|119;90,91,92,93,94,105,106,107,108,97,86,75,64,65,54,43,32,21,10,9,8,7,6;114,113,112,111,110,99,88,77,66,55,56,45,34,23,12,13,14,15,26,37,48,59;76,87,98,109,120,119,118,117,116,115,104,103,102,101,100,89,78,67,68,57,46,35;41,40,39,50,61,72,71,70,69,58,47,36,25,24;60,49,38,27,28,29,30,31,42,53,52,63,74,85,96,95;20,19,18,17,16,5,4,3,2,1,0,11,22,33,44;51,62,73,84,83,82,81,80,79
11,0,13,8,,,1|12:2|13:3|14:4|15:6|17:7|18:8|19:9|20:11|12:20|21:22|23:31|32:33|34:42|43:44|45:53|54:66|67:75|76:77|78:86|87:88|89:97|98:99|100:100|111:101|112:102|113:103|114:105|116:106|117:107|118:108|109:108|119;15,14,13,12,23,34,45,56,55,44,33,22,11,0,1,2,3,4;95,96,85,74,63,52,53,42;29,18,19;116,117,118,119,120,109,98,87,76,65,64,75,86,97,108,107,106,105,94,93,92,91,90,79,68,57,46,35,24,25,26,27,38;60,49,50,39,28,17,16,5,6,7,8,9,10,21,32,43,54;67,78,89,100,101,102,103,104,115,114,113,112,111,110,99,88,77,66;61,72,71,70,59,48;20,31,30,41,40,51,62,73,84,83,82,81,80,69,58,47,36,37
11,0,14,8,,,1|12:2|13:3|14:4|15:6|17:7|18:8|19:9|20:11|12:20|21:22|23:31|32:33|34:42|43:44|45:53|54:66|67:75|76:77|78:86|87:88|89:97|98:99|100:100|111:101|112:102|113:103|114:105|116:106|117:107|118:108|109:108|119;116,117,118,119,120,109,98,87,76,65,64,75,86,97,108;107,96,85,74,63,62,61;54,43,32,21,10,9,8,7,6,5,16,17,18,19,20,31,42,41,40,39,38,37,36,47,58,69,80;53,52,51,50,49,48,59,70,81,82,83,94;66,77,88,99,110,111,112,113,114,115,104,93,92,91,90,79;30,29,28,27,26,25,24,35,46,57,68,67,78,89,100,101,102,103;15,14,13,12,23,34,45,56,55,44,33,22,11,0,1,2,3,4;60,71,72,73,84,95,106,105
11,0,15,8,,,1|12:2|13:3|14:4|15:6|17:7|18:8|19:9|20:11|12:20|21:22|23:31|32:33|34:42|43:44|45:53|54:66|67:75|76:77|78:86|87:88|89:97|98:99|100:100|111:101|112:102|113:103|114:105|116:106|117:107|118:108|109:108|119;12,13,24,35,36,47,58,69,70,71,72;91,80,81,82,83,84,73,62;49,38,39,28,17,18,19,20,31,42,53,64,65,54,43,32,21,10,9,8,7,6;25,14,15;41,52,63,74,75,86,97,108,107,106,105,104,115,116,117,118,119,120,109,98,87,76;23,34,45,46,57,68,79,90;30,29,40,51,50,61,60,59,48,37,26,27,16,5,4,3,2,1,0,11,22,33,44;85,96,95,94,93,92,103,102,101,100,89,78,67,56,55,66,77,88,99,110,111,112,113,114
11,0,16,8,,,1|12:2|13:3|14:4|15:6|17:7|18:8|19:9|20:11|12:20|21:22|23:31|32:33|34:42|43:44|45:53|54:66|67:75|76:77|78:86|87:88|89:97|98:99|100:100|111:101|112:102|113:103|114:105|116:106|117:107|118:108|109:108|119;53,42,31,20,19,18,17,28,27,26,25,24,35;100,89,78,67,56,55,66,77,88,99,110,111,112,113,114;76,87,98,109,120,119,118,117,116,115,104,105,106,107,96,85,74,63,52,41,30,29;71,70,69,80,91,102,103;60,61,72,83,82,81;101,90,79,68,57,58,59,48,49,50;6,7,8,9,10,21,32,43,54,65,64,75,86,97,108;92,93,94,95,84,73,62,51,40,39,38,37,36,47,46,45,34,23,12,13,14,15,16,5,4,3,2,1,0,11,22,33,44
11,0,17,9,,,1|12:2|13:3|14:4|15:6|17:7|18:8|19:9|20:11|12:20|21:22|23:31|32:33|34:42|43:44|45:53|54:66|67:75|76:77|78:86|87:88|89:97|98:99|100:100|111:101|112:102|113:103|114:105|116:106|117:107|118:108|109:108|119;41,30,29,28,27,26,15,14,13,12,23,34;6,7,8,9,10,21,32,43,54,65,64,75,86,97,108;79,90,91,92,93,94,105,106,107,96,85,74,63,62,61;58,47,36;67,78,89,100,101,102,103,104,115,116,117,118,119,120,109,98,87,76;114,113,112,111,110,99,88,77,66,55,56,45,46,35,24,25;57,68,69,80,81,82,83;70,59,48,37,38,39,40,51,52,53,42,31,20,19,18,17,16,5,4,3,2,1,0,11,22,33,44;50,49,60,71,72,73,84,95
11,0,18,8,,,1|12:2|13:3|14:4|15:6|17:7|18:8|19:9|20:11|12:20|21:22|23:31|32:33|34:42|43:44|45:53|54:66|67:75|76:77|78:86|87:88|89:97|98:99|100:100|111:101|112:102|113:103|114:105|116:106|117:107|118:108|109:108|119;101,100,89,78,67,56,55,44,33,22,11,0,1,2,3,4;41,40,51,62,73,84,83,82,71,70,59,48,37,36,35;12,13,14,15,26,27,38,49,60;20,19,18,17,16,5,6,7,8,9,10,21,32,43,54;25,24,23,34,45,46,47,58,69,80,81,92,93,94,95,96,85,74,63,52,53;66,77,88,99,110,111,112,113,114,115,104,103,102,91,90,79,68,57;116,117,118,119,120,109,98,87,76,65,64,75,86,97,108,107,106,105;42,31,30,29,28,39,50,61,72
11,0,19,8,,,1|12:2|13:3|14:4|15:6|17:7|18:8|19:9|20:11|12:20|21:22|23:31|32:33|34:42|43:44|45:53|54:66|67:75|76:77|78:86|87:88|89:97|98:99|100:100|111:101|112:102|113:103|114:105|116:106|117:107|118:108|109:108|119;29,30,41,52,63,74,85,96,95,94,93,92,103,102,101,100,89,78,67,56,55,66,77,88,99,110,111,112,113,114;60,49,38,27,26,25;37,48,59,70,71,72,61;12,23,24,35,36,47,58,69,80,81,82,83,84,73,62,51,40;76,87,98,109,120,119,118,117,116,115,104,105,106,107,108,97,86,75;44,33,22,11,0,1,2,3,4,5,16,15,14,13;34,45,46,57,68,79,90,91;50,39,28,17,18,19,20,31,42,53,64,65,54,43,32,21,10,9,8,7,6
11,0,20,8,,,1|12:2|13:3|14:4|15:6|17:7|18:8|19:9|20:11|12:20|21:22|23:31|32:33|34:42|43:44|45:53|54:66|67:75|76:77|78:86|87:88|89:97|98:99|100:100|111:101|112:102|113:103|114:105|116:106|117:107|118:108|109:108|119;91,92,93,82,71,60,49,38,39;41,30,19,18,17,16,5,6,7,8,9,10,21,32,43,54;116,117,118,119,120,109,98,87,76,65,64,75,86,97,108,107,106,95,84,73,62,51,40,29,28,27,26,25,36,47,58,69,68,67,78,89,100,101,102,103;50,61,72,83,94,105,104,115,114,113,112,111,110,99,88,77,66;96,85,74,63,52,53,42,31,20;12,23,34,45,56,55,44,33,22,11,0,1,2,3,4;37,48,59,70,81,80,79,90;57,46,35,24,13,14,15
12,0,21,8,,,1|13:2|14:3|15:4|16:5|17:7|19:8|20:9|21:10|22:12|13:22|23:24|25:34|35:36|37:46|47:48|49:58|59:70|71:72|73:84|85:94|95:96|97:106|107:108|109:118|119:120|121:121|133:122|134:123|135:124|136:126|138:127|139:128|140:129|141:130|131:130|142;115,116,117,105,93,81,69,70,58;78,77,76,88,100,112,124;110,98,86,74,62,50,49,37,25,13,14,15,16,17,29,30,31,32,33;71,59,47,35,23,11,10,9,8,7,6,18,19,20,21,22,34,46,45,57;38,39,51,52,53,54,55,67,79,91,90,89,101,113,125,137,136,135,134,133,132,120,108,96,84,72;66,65,64,63,75,87,99,111,123,122;138,139,140,141,142,143,131,119,107,95,83,82,94,106,118,130,129,128,127,126,114,102,103,104,92,80,68,56,44,43,42,41,40,28,27,26;121,109,97,85,73,61,60,48,36,24,12,0,1,2,3,4,5
12,0,22,9,,,1|13:2|14:3|15:4|16:5|17:7|19:8|20:9|21:10|22:12|13:22|23:24|25:34|35:36|37:46|47:48|49:58|59:70|71:72|73:84|85:94|95:96|97:106|107:108|109:118|119:120|121:121|133:122|134:123|135:124|136:126|138:127|139:128|140:129|141:130|131:130|142;42,54,55,67,79,91;39,51,63,75,87,86,98,110,122,123,124;138,139,140,141,142,143,131,119,107,95,83,82,70,69,68,80,92,104,103,102,90,89,77;121,109,97,85,73,74,62,50,38,26,27,28,40,52,64,76,88,100,101,113,114,115,116,117,105;71,59,47,35,23,11,10,9,8,7,6,18,19,20,21,22,34,46,58,57,56,44,43;17,16,15,14,13,25,37,49,61,60,48,36,24,12,0,1,2,3,4,5;112,111,99;45,33,32,31,30,29,41,53,65,66,78;72,84,96,108,120,132,133,134,135,136,137,125,126,127,128,129,130,118,106,94,93,81
12,0,23,8,,,1|13:2|14:3|15:4|16:5|17:7|19:8|20:9|21:10|22:12|13:22|23:24|25:34|35:36|37:46|47:48|49:58|59:70|71:72|73:84|85:94|95:96|97:106|107:108|109:118|119:120|121:121|133:122|134:123|135:124|136:126|138:127|139:128|140:129|141:130|131:130|142;26,38,39,51,52,64,65,66,67;104,92,91,90,89,88,87,86,74,73,61,60,48,36,24,12,0,1,2,3,4,5;22,21,20,19,18,6,7,8,9,10,11,23,35,47,59,71;53,54,55,56,68,69;85,97,98,99,100,101,102,103,115,116,117,105,93,81,80,79,78,77,76,75,63,62,50,49,37,25,13,14,15,27,28,40,41,42,43,44,45,57;138,139,140,141,142,143,131,119,107,95,83,82,94,106,118,130,129,128,127,126,114,113,112,111,110,109,121;72,84,96,108,120,132,133,134,135,136,137,125,124,123,122;70,58,46,34,33,32,31,30,29,17,16
12,0,24,10,,,1|13:2|14:3|15:4|16:5|17:7|19:8|20:9|21:10|22:12|13:22|23:24|25:34|35:36|37:46|47:48|49:58|59:70|71:72|73:84|85:94|95:96|97:106|107:108|109:118|119:120|121:121|133:122|134:123|135:124|136:126|138:127|139:128|140:129|141:130|131:130|142;62,50,49,37,25,26,27,28,29,30,31,19,20,21,22;109,97,85,73,61,60,72,84,96,108,120,132,133,134,135,136;13,14,15,16,17,18,6,5,4,3,2,1,0,12,24,36,48;34,33,32,44,56,68,80,92,104,103,115,114,113;65,64,76,88,87,99,111,123,124;105,117,116;38,39,40,41,42,43,55,67,79,91,90,102;46,58,70,82,83,71,59,47,35,23,11,10,9,8,7;121,122,110,98,86,74,75,63,51,52,53,54,66,78,77,89,101,100,112;45,57,69,81,93,94,106,118,130,129,128,127,126,125,137,138,139,140,141,142,143,131,119,107,95
12,0,25,9,,,1|13:2|14:3|15:4|16:5|17:7|19:8|20:9|21:10|22:12|13:22|23:24|25:34|35:36|37:46|47:48|49:58|59:70|71:72|73:84|85:94|95:96|97:106|107:108|109:118|119:120|121:121|133:122|134:123|135:124|136:126|138:127|139:128|140:129|141:130|131:130|142;52,51,63,75,87,86,98,97,109;94,106,118,130,129,128,127,126,125,137,136,135,134,133,132,120,108,96,84,72;17,16,15,14,13,25,37,49,61,60,48,36,24,12,0,1,2,3,4,5;138,139,140,141,142,143,131,119,107,95,83,82,70,58,57,45,33,32,31,30,29,28,27,26,38,50,62,74,73,85;110,111,99,100,101,102,103,104,92,80,68,56,44,43,42,54,66,78,77;121,122,123,124,112,113,114,115,116,117,105,93,81,69;39,40,41,53,65,64;46,34,22,21,20,19,18,6,7,8,9,10,11,23,35,47,59,71;76,88,89,90,91,79,67,55
12,0,26,8,,,1|13:2|14:3|15:4|16:5|17:7|19:8|20:9|21:10|22:12|13:22|23:24|25:34|35:36|37:46|47:48|49:58|59:70|71:72|73:84|85:94|95:96|97:106|107:108|109:118|119:120|121:121|133:122|134:123|135:124|136:126|138:127|139:128|140:129|141:130|131:130|142;5,4,3,2,1,0,12,24,36,48,60,61,73,74,86,98,110,111,112,113,114,126,127,128,129,130,118,106,94,82,83,95,107,119,131,143,142,141,140,139,138;31,32,33,45,57,56,68,80,92,104;44,43,55,67,79,78,77,65,53,41,40,39,38,26,14;85,97,109,121,122,123,124,125,137,136,135,134,133,132,120,108,96,84,72;62,63,75,87,99,100,101,102;28,27,15;66,54,42,30,29,17,16;13,25,37,49,50,51,52,64,76,88,89,90,91,103,115,116,117,105,93,81,69,70,58,46,34,22,21,20,19,18,6,7,8,9,10,11,23,35,47,59,71
12,0,27,9,,,1|13:2|14:3|15:4|16:5|17:7|19:8|20:9|21:10|22:12|13:22|23:24|25:34|35:36|37:46|47:48|49:58|59:70|71:72|73:84|85:94|95:96|97:106|107:108|109:118|119:120|121:121|133:122|134:123|135:124|136:126|138:127|139:128|140:129|141:130|131:130|142;71,59,47,35,23,11,10,9,8,7,6,18,19,31,32,33,45,57,56,55,54,53,52;101,89,90,91,103,115,127,126,125,137,136,135,134,133,132,120,108,96,84,72;41,40,39,51,50,62,74,73,85,97;117,105,93,81,69,68,67,66,65,64,63,75,87,86,98,110,109;5,4,3,2,1,0,12,24,36,48,60,61,49,37,25,13,14,15,16,17;94,106,118,130,129,128,116,104,92,80,79,78,77,76,88,100,99,111;121,122,123,124,112,113,114,102;44,43,42,30,29,28,27,26,38;138,139,140,141,142,143,131,119,107,95,83,82,70,58,46,34,22,21,20
12,0,28,9,,,1|13:2|14:3|15:4|16:5|17:7|19:8|20:9|21:10|22:12|13:22|23:24|25:34|35:36|37:46|47:48|49:58|59:70|71:72|73:84|85:94|95:96|97:106|107:108|109:118|119:120|121:121|133:122|134:123|135:124|136:126|138:127|139:128|140:129|141:130|131:130|142;116,115,114,102,101,89,77;118,106,94,93,81,69,68,56,44,45,46,34,22,21,20,19,18,6,7,8,9,10,11,23,35,47,59,71;33,32,31,30,29,17,16,15,14,13,25,37,49,61,60,48,36,24,12,0,1,2,3,4,5;110,111,99,100,88,76;98,86,87,75,63,64,65,66,78,90,91,103,104,105,117,129,130;57,58,70,82,83,95,107,119,131,143,142,141,140,139,138;39,51,52,53,54,55,67,79,80,92;113,112,124,123,122,121,109,97,85,73,74,62,50,38,26,27,28,40,41,42,43;128,127,126,125,137,136,135,134,133,132,120,108,96,84,72
12,0,29,8,,,1|13:2|14:3|15:4|16:5|17:7|19:8|20:9|21:10|22:12|13:22|23:24|25:34|35:36|37:46|47:48|49:58|59:70|71:72|73:84|85:94|95:96|97:106|107:108|109:118|119:120|121:121|133:122|134:123|135:124|136:126|138:127|139:128|140:129|141:130|131:130|142;39,51,63,75,87,99,100,101,102;71,59,47,35,23,11,10,9,8,7,6,18,19,20,21,22,34,46,45,44,43,42,41,53,65;138,139,140,141,142,143,131,119,107,95,83,82,70,58,57,56,55,54,66,78,77;130,129,128,127,126,114,113,112,111,110,98,86,74;73,85,97,109,121,122,123,124,125,137,136,135,134,133,132,120,108,96,84,72;68,69,81,93,94,106,118,117,116,115,103,91,90,89,88,76,64,52,40,28,27,26,38,50,62;67,79,80,92,104,105;5,4,3,2,1,0,12,24,36,48,60,61,49,37,25,13,14,15,16,17,29,30,31,32,33
12,0,30,8,,,1|13:2|14:3|15:4|16:5|17:7|19:8|20:9|21:10|22:12|13:22|23:24|25:34|35:36|37:46|47:48|49:58|59:70|71:72|73:84|85:94|95:96|97:106|107:108|109:118|119:120|121:121|133:122|134:123|135:124|136:126|138:127|139:128|140:129|141:130|131:130|142;103,104,92,93,94,106,118,130,129,128,127,126,125,137,136,135,134,133,132,120,108,96,84,72;111,110,98,86,87,75,63,51,39,27,28,29,30,31,19,20,21,22,34,46,58,70,69,68,67,66,78;71,59,47,35,23,11,10,9,8,7,6,18,17,16,15,14,13;37,49,61,60,48,36,24,12,0,1,2,3,4,5;99,100,88,76,64,52,40,41,42,43,44,32,33;105,117,116,115,114,113,112,124,123,122,121,109,97,85,73,74,62,50,38,26,25;101,89,77,65,53,54,55,56,57,45;138,139,140,141,142,143,131,119,107,95,83,82,81,80,79,91,90,102
