11+B,0,1,8,,0:1:9:10:11:12:20:21:99:100:108:109:110:111:119:120;51,50,39,38,37,48,47;72,73,74,75,64,53,42,31,30,19,8,7,6,5,4,3,2;18,17,16,15,14,13,24,23,22,33,44,55,56,67,78,79;98,97,96,107,106,105,104,103,102,91,80,69,68;81,92,93,94,95,84,85,86,87,76,65,54,43,32;49,60,61,62,63,52,41,40,29,28,27,26,25,36,35,34,45;46,57,58,59,70,71,82,83;66,77,88,89,90,101,112,113,114,115,116,117,118
11+B,0,2,8,,0:1:9:10:11:12:20:21:99:100:108:109:110:111:119:120;53,64,75,86,85,84,95,106,105,116,115,114,113,112,101;92,81,82,71,72,73,74,63,52,41,42,43,32;25,14,15,16,17,18,29,40,51,62,61,60,59,70;68,57,46,47,48,49,50,39,28,27,26;67,78,79,80,69,58;117,118,107,96,97,98,87,76,65,54;44,33,22,23,24,13,2,3,4,5,6,7,8,19,30,31;83,94,93,104,103,102,91,90,89,88,77,66,55,56,45,34,35,36,37,38
11+B,0,3,10,,0:1:9:10:11:12:20:21:99:100:108:109:110:111:119:120;14,15,26,37,38,39,50,61,62;22,23,34,35,46,57,68,69;117,118,107,96,97,98,87,76,65,54,43,42,41;36,47,48,49,60,71,72,73,74,63;116,105,106,95,84,85,86,75,64,53,52,51,40,29,18,17,6;32,31,30,19,8,7;28,27,16,5,4,3,2,13,24,25;33,44,45,56,67,78,79,80,91,102,103;58,59,70,81,82,83,94;92,93,104,115,114,113,112,101,90,89,88,77,66,55
11+B,0,4,8,,0:1:9:10:11:12:20:21:99:100:108:109:110:111:119:120;91,80,81,82,71,72;34,45,56,67,78,79,90,101,102,103,92,93,94,83;39,28,27,26,37,48,47,58;112,113,114,115,104,105,106,95,84,73,62,61,50,49,38;97,86,75,64,53,52,51;89,88,77,66,55,44,33,22,23,24,13,2,3,4,5,6,7,8,19,30,31,32,43,54,65,76,87,98;63,74,85,96,107,118,117,116;42,41,40,29,18,17,16,15,14,25,36,35,46,57,68,69,70,59,60
11+B,0,5,9,,0:1:9:10:11:12:20:21:99:100:108:109:110:111:119:120;36,35,24,13,2,3,4,5,6,7,18,29,40,51,62,73,72,71,70,69,68,79,78;83,94,93,92,103,102;101,112,113,114,115,104,105,106,95,84,85,74,63,52,41;86,75,64,53,42,31,30,19,8;15,16,17,28,39,50,61;22,33,44,55,66,77,88,89,90,91,80,81,82;14,25,26,27,38,49,60,59,58,57,56,67;116,117,118,107,96,97,98,87,76,65,54,43,32;37,48,47,46,45,34,23
11+B,0,6,10,,0:1:9:10:11:12:20:21:99:100:108:109:110:111:119:120;113,114,103,92,93,94,83;52,63,64,65,54,43,32,31;86,85,84,95,106,105,104,115;38,49,60,59,70,69,68;16,15,14,25,36,35,34;112,101,102,91,80,79,78,67,56,45,46;57,58,47,48,37,26,27,28,17,18,19,30,41,42,53;81,82,71,72,61,50,39,40,29;51,62,73,74,75,76,87,98,97,96,107,118,117,116;90,89,88,77,66,55,44,33,22,23,24,13,2,3,4,5,6,7,8
11+B,0,7,8,,0:1:9:10:11:12:20:21:99:100:108:109:110:111:119:120;102,91,80,79,78,77,66,55,44,33,22,23,24,13,2,3,4,5,6,7,8;86,85,96,107,118,117,116;83,94,93,104,115,114,113,112,101,90,89,88;103,92,81,82,71,72,61,62,63;34,35,36,25,14,15,16,17,18,19,30,31,32;49,60,59,70,69,68,67,56,45,46;57,58,47,48,37,38,39,50,51,52,53,64,75,74,73,84,95,106,105;97,98,87,76,65,54,43,42,41,40,29,28,27,26
11+B,0,8,10,,0:1:9:10:11:12:20:21:99:100:108:109:110:111:119:120;41,42,53,64,75,86,85,84,73,62;106,95,94,83,72,61,50,49,38,27;93,82,71,60,59,58;2,13,24,23,22,33;45,56,67,78,79,80;115,114,113,112,101,90,89,88,77,66,55,44;102,103,104,105,116,117,118,107,96,97,98,87,76,65,54,43,32,31,30,29,18;19,8,7,6,5,16,15,26,37,48,47,46,57,68,69,70,81,92,91;74,63,52,51,40,39,28,17;34,35,36,25,14,3,4
11+B,0,9,8,,0:1:9:10:11:12:20:21:99:100:108:109:110:111:119:120;27,16,15,4,3,2,13,24,35,34,45,56,67,78,79,80,81,82,71,60,61,62,63,52;42,41,30,19,8,7,6,5;26,37,38,39,28,17;115,116,117,118,107,96,97,98,87,76,65,54,43,32,31;14,25,36,47,46,57,68,69,70;53,64,75,86,85,84,95,106,105,104,103,114,113,112,101,90,89,88,77,66,55,44,33,22,23;58,59,48,49,50,51,40,29,18;102,91,92,93,94,83,72,73,74
11+B,0,10,8,,0:1:9:10:11:12:20:21:99:100:108:109:110:111:119:120;32,31,42,53,64,63,62,61;75,74,73,72,83,94,105,104,103,102,91,80;49,50,51,52,41,30,19,8,7,6,5,4,3,2,13,24,23,22,33;43,54,65,76,87,86,85,84,95,106;92,93,82,71,60,59,58,57,56,67;28,27,26,37,48,47,46;38,39,40,29,18,17,16,15,14,25,36,35,34,45,44,55,66,77,78,79,68,69,70,81;98,97,96,107,118,117,116,115,114,113,112,101,90,89,88
12+B,0,11,10,,0:1:10:11:12:13:22:23:120:121:130:131:132:133:142:143;40,28,29,30,31,43,55,54,66,65;102,90,78,79,67,68,69,70,71;97,98,99,111,123,124,125,126,127,128,116,104,105,93,81,82,83,95,107,119;46,45,44,32,20,19,18,17,16,15,27,26,25,24,36,48,49,61,73,85;101,89,77;56,57,58,59,47,35,34,33,21,9,8,7,6,5,4,3,2,14;60,72,84,96,108,109,110,122,134,135,136,137,138,139,140,141,129,117,118,106,94;80,92,91,103,115,114,113,112,100,88,87,86,74,62,50;76,64,52,53,41,42;75,63,51,39,38,37
12+B,0,12,11,,0:1:10:11:12:13:22:23:120:121:130:131:132:133:142:143;111,112,100,88,76,64,65,66,67;24,36,48,60,72,84,96,108,109,110,122,134,135,136,137,138,126;41,42,30,18,6,7,8;51,63,75,87,99,98,97,85,73,61,49,37,25,26,14,2,3,4,16;123,124,125,113,101,89,77,78;5,17,29,28,40,52,53,54,55,43,31,19,20,21,9;139,127,115,103,91,92,93,81,69,57,45,46;15,27,39,38,50,62,74,86;140,128,116,104,105,106,94,82,70,58;114,102,90;79,80,68,56,44,32,33,34,35,47,59,71,83,95,107,119,118,117,129,141
12+B,0,13,8,,0:1:10:11:12:13:22:23:120:121:130:131:132:133:142:143;17,16,15,27,39,40,52,64;24,25,37,49,61,73,85,97,98,99,111,123,124,125,126,127,128,129,117,118,119,107,95,83,71,59,47,35;141,140,139,138,137,136,135,134,122,110,109,108,96,84,72,60,48,36;28,29,41,53,54,55,56,68,80,79,78,90,89,88;67,66,65,77,76,75,63,51;101,102,103,91,92,93,81,69,57,45,44,43,42,30,18,19,20,21;31,32,33,34,46,58,70,82,94,106,105,104,116,115,114,113,112,100;87,86,74,62,50,38,26,14,2,3,4,5,6,7,8,9
12+B,0,14,10,,0:1:10:11:12:13:22:23:120:121:130:131:132:133:142:143;86,87,75,76,77,78,66,54,55,56,57;136,135,134,122,110,109,108,96,84,72;128,116,115,103,102,101,113,112,111,99,98,97,85,73;114,126,127;69,68,80,92,104,105,106,94;60,61,49,37,38,39,27,15,16,17,18,19,20,21,33,34,35,47,59,71,83,95,107,119,118,117,129,141,140,139,138,137,125,124,123;43,42,41,53,65,64,63;74,62,50,51,52,40,28,29,30,31,32,44,45,46,58,70,82,81,93;67,79,91,90,89,88,100;48,36,24,25,26,14,2,3,4,5,6,7,8,9
12+B,0,15,8,,0:1:10:11:12:13:22:23:120:121:130:131:132:133:142:143;44,32,20,19,18,17,16,15,27,39,38,37,36,48,60,72,84,96,108,109,110,122,134,135,136,137,138,139,140,141,129;42,41,53,65,64,63,62,61,73,85,97,98,99,100,101,102,90,91,92,93,94,82;74,75,76;55,43,31,30,29,28,40,52,51,50,49;112,113,114,115,103,104,105,106;35,34,46,58,70,69,81,80,79,78,77,89,88,87,86;24,25,26,14,2,3,4,5,6,7,8,9,21,33,45,57,56,68,67,66,54;111,123,124,125,126,127,128,116,117,118,119,107,95,83,71,59,47
12+B,0,16,8,,0:1:10:11:12:13:22:23:120:121:130:131:132:133:142:143;115,114,113,112,100,88,76,64,52,51,50,62,74;47,59,71,83,95,107,119,118,117,129,141,140,139,138,137,136,135,134,122,110,109,108,96,84,72,60,48,36,24,25,26;40,41,53,65,77,89,101,102,103,91,92,93,81,69,57,45,33,21,9;66,54,42,30,29,28,27,39,38,37,49,61;63,75,87,86,85,73;67,55,43,31,19,18,17,16,15;90,78,79,80,68,56,44,32,20,8,7,6,5,4,3,2,14;97,98,99,111,123,124,125,126,127,128,116,104,105,106,94,82,70,58,46,34,35
12+B,0,17,8,,0:1:10:11:12:13:22:23:120:121:130:131:132:133:142:143;63,75,87,99,111,123,124,125,126,127,128;46,34,33,21,9,8,7,6,5,4,3;93,92,91,90,78,77;35,47,59,58,57,45,44,32,20;2,14,15,16,17,18,19,31,43,55,56,68,69,70,71,83,95,107,119,118,117,129,141,140,139,138,137,136,135,134,122,110,109,108;89,101,102,103,104,105,106,94,82,81,80,79,67,66,65,53,41,40,39,38,37,49,61,73,85,97;98,86,74,62,50,51,52,64,76,88,100,112,113,114,115,116;96,84,72,60,48,36,24,25,26,27,28,29,30,42,54
12+B,0,18,9,,0:1:10:11:12:13:22:23:120:121:130:131:132:133:142:143;9,21,20,32,44,43,55,54;8,7,19,31,30,42,41,53;113,125,124,123,111,99,98,97,85,73,61,49,50,51,52,40,28,29;112,100,101;75,76,77,78,79,80,81,69,57,45,33,34,35,47,59,71,83,95,107,119,118,117,129,141;128,116,104,105,106,94,82,70,58,46;140,139,127,115,103,91,92,93;56,68,67,66,65,64,63,62,74,86,87,88,89,90,102,114,126,138,137,136,135,134,122,110,109,108,96,84,72,60,48,36,24,25,26,14,2,3,4,5;6,18,17,16,15,27,39,38,37
12+B,0,19,9,,0:1:10:11:12:13:22:23:120:121:130:131:132:133:142:143;7,8,9,21,33,34,35,47,59,71,83,95,107,119,118,117,129,128,127,126,125,124,123,111,99,98,97,85,73,61,60,48;15,16,17,29,30,31,32;64,52,53,54,55,56,68,80;112,100,88,87,86,74,62,50,49;141,140,139,138,137,136,135,134,122,110,109,108,96,84,72;20,19,18,6,5,4,3,2,14,26,25;24,36,37,38,39,51,63,75,76,77,65,66,67;102,103,91,92,93,81,69,57;79,78,90,89,101,113,114,115,116,104,105,106,94,82,70,58,46,45,44,43,42,41,40,28,27
12+B,0,20,8,,0:1:10:11:12:13:22:23:120:121:130:131:132:133:142:143;112,100,88,76,75,63,51,39,27,15,16,17,18,19,20;139,127,115,103,91,92,93,81,69,68,67,66,54,53,41;60,72,84,96,108,109,110,122,134,135;128,116,104,105,106,94,82,70,58,57,56,55;125,113,101,89,77,65,64,52,40,28,29,30,31,32;35,34,33,21,9,8,7,6,5,4,3,2,14,26,25,24,36,48,49,61,73,85,97,98;42,43,44,45,46,47,59,71,83,95,107,119,118,117,129,141,140;37,38,50,62,74,86,87,99,111,123,124,136,137,138,126,114,102,90,78,79,80
13+B,0,21,10,,0:1:11:12:13:14:24:25:143:144:154:155:156:157:167:168;83,70,57;55,54,67,80,93,106,119,120,133,146,147,148,149,150,151,152,139;22,35,34,33,46,59,72;110,97,98,99,100,87,74,61,62;44,43,56,69,82,95,96,109,122,123,124,111,112,113,114,101,88,75,76,63;7,6,5,4,3,2,15,28,27,26,39,52,65,78,91,104,117,130,131,132,145,158,159,160,161,162,163,164,165,166,153,140,141,142,129,116,103;64,51,38,37,36,23,10,9,8,21,20,19,18,17,16;50,49,48,47,60,73,86,85,84,71,58,45,32,31,30,29;77,90,89,102,115,128,127,126,125,138,137,136,135,134,121,108,107,94,81,68;42,41,40,53,66,79,92,105,118
13+B,0,22,10,,0:1:11:12:13:14:24:25:143:144:154:155:156:157:167:168;10,23,36,37,38,51,64,77,90,103,116,129,142,141,140,153,166,165,164,163,162,161,160,159,158,145,132,131,118,105,92,79,66,53,40,41,42,29,30,31,18,5,4,3,2;130,117,104,91,78,65,52,39,26,27,28,15,16,17;68,69,82,83,84,85,86,99;61,74,87,100,113,112,111,124,123,122,121;96,95,94,81,80,67,54,55,56,57,70,71,72,73,60,47,34,21;119,106,93;43,44,45,32,19,6;58,59,46,33,20,7,8,9,22,35,48,49,50,63,76,89,102,115,128;134,135,136,137,138,125,126,127,114,101,88,75,62;98,97,110,109,108,107,120,133,146,147,148,149,150,151,152,139
13+B,0,23,9,,0:1:11:12:13:14:24:25:143:144:154:155:156:157:167:168;125,138,137,136,135,134,121,108,107,106,93,80,67,54;77,90,103;123,124,111,112,113,126,127;128,115,114,101,100,99,98,97,110,109,122;116,129,142,141,140,153,166,165,164,163,162,161,160,159,158,145,132,131,130,117,104,91,78,65,52,39,26,27,28,15,2,3,4;102,89,88,87,86,85,84,71,58;5,6,7,8,9,10,23,36,37,38,51,64,63,76,75,74,73,72,59,46,45,44,57,70,83,96,95,94,81,68,55,42,41,40,53,66,79,92,105,118,119,120,133,146,147,148,149,150,151,152,139;62,61,60,47,34,33,32,31,30,43,56,69,82;29,16,17,18,19,20,21,22,35,48,49,50
13+B,0,24,9,,0:1:11:12:13:14:24:25:143:144:154:155:156:157:167:168;34,33,32,31,30,43,56,55,54,53,52,39,26,27,28,15,2,3,4,5,6,7,8,9,10,23;150,151,152,139,126,113,100,99,86;133,146,147,148,149,136,137,138,125,112,111,98,85,72,73,74,87,88,101,114,127,140,141;69,68,67,66,79,92,105,118,119,120,107,94,95,96;65,78,91,104,117,130,131,132,145,158,159,160,161,162,163,164,165,166,153;106,93,80,81,82,83,70,57,44,45,46,47,48,49,50,63;135,134,121,108,109,110,97,84,71,58,59,60,61,62,75,76,89,102,115,128,129,142;122,123,124;116,103,90,77,64,51,38,37,36,35,22,21,20,19,18,17,16,29,42,41,40
13+B,0,25,11,,0:1:11:12:13:14:24:25:143:144:154:155:156:157:167:168;52,39,26,27,28,15,2,3,4,5,6,7,8,9,10,23,36,37,38;146,147,148,149,150,137,138,125,112,99,86,73,74,75,76,63,50,51;135,136,123,124,111,98,97;110,109,122,121,134,133,132,145,158,159,160,161,162,163,164,165,166,153,140,141,142,129,116,103,102,101,114,113;54,55,56,43,30,31,32,33,34,47,60,61,62;105,92,79,80,67,68;151,152,139,126,127,128,115;131,130,117,104,91,78,65,66,53,40,41,42,29,16,17,18,19,20,21,22,35,48,49;120,107,108,95,96,83,84,71,58;118,119,106,93,94,81,82,69,70,57,44,45,46,59,72,85;64,77,90,89,88,87,100
13+B,0,26,9,,0:1:11:12:13:14:24:25:143:144:154:155:156:157:167:168;33,34,47,60,73,72,71;62,75,74,87,86,85,84,83,70,57,58,59,46;118,105,92,79,66,53,40,41,28,15,16,17;23,10,9,8,7,6,19,32,45,44,43,56,69,82,95,96,97;114,113,112,125,124,123,122,121,134;68,81,94,107,108,109,110,111,98,99,100,101,88,89,76,63,50,49,48,61;27,26,39,52,65,78,91,104,117,130,131,132,145,158,159,160,161,162,149,150,151,152,139,126,127,128,115,102,103,90,77,64,51,38,37,36,35,22,21,20;138,137,136,135,148,147,146,133,120,119,106,93,80,67,54,55,42,29,30,31,18,5,4,3,2;116,129,142,141,140,153,166,165,164,163
13+B,0,27,10,,0:1:11:12:13:14:24:25:143:144:154:155:156:157:167:168;135,134,133,120,119,118,105,92,79,66,67;47,46,45,44,43,56,69,82,83,84,97,98;146,147,148;125,112,99,86,85,72,71,70;26,39,52,65,78,91,104,117,130,131,132,145,158,159,160,161,162,163;49,50,63,76,89,102,115,128,127,126,113,100,87,74,73,60,59,58,57;10,9,8,7,6,5,4,3,2,15,28,27,40,53,54,55,68,81,94,95,96,109,110,111,124,137,138,139,152;114,101,88,75,62,61,48,35,34,33,32,31,30;164,151,150,149,136,123,122,121,108,107,106,93,80;165,166,153,140,141,142,129,116,103,90,77,64,51,38,37,36,23,22,21,20,19,18,17,16,29,42,41
13+B,0,28,12,,0:1:11:12:13:14:24:25:143:144:154:155:156:157:167:168;107,108,95,96,83,70,57,44,45;73,74,87;55,54,53,52,39,26,27,28,15,2,3,4,5,6,7,8,9,10,23,36,37,38,51,64,77,90,103,116,129,142;94,93,106,119,132,145,158,159,160,161,162,163,164,151,152,139,126;58,71,84,97,110,109,122,121;134,135,136,123,124,111,98;19,32,31,30,43,56,69,68,67,66,65,78,91,104,117,130,131;120,133,146,147,148,149,150,137,138,125,112,113;141,128,115,102,89,76,63,50,49,48,35,22,21,20,33,46,59,72,85,86,99,100;18,17,16,29,42,41,40;82,81,80,79,92,105,118;34,47,60,61,62,75,88,101,114,127,140,153,166,165
13+B,0,29,11,,0:1:11:12:13:14:24:25:143:144:154:155:156:157:167:168;58,71,84,85,86,87;51,50,49,48,35,22,21,20,19,18,31;146,133,120,107,94,81,82,83,70,57;44,45,46,59,72,73,74,75,76,89,102,115,128,127,126,125,124,123,136,149,150,151,152;38,37,36,23,10,9,8,7,6,5;15,2,3,4,17,30,43,56,55,54,53,66,79,92,105,118;114,113,112,111,110,109,122,135,148,161,162,163,164,165,166,153;42,41,40;119,106,93,80,67,68,69;88,101,100,99,98,97,96,95,108,121,134,147,160,159,158,145,132,131,130,117,104,91,78,65,52,39,26,27,28,29,16;32,33,34,47,60,61,62,63,64,77,90,103,116,129,142,141,140,139,138,137
13+B,0,30,10,,0:1:11:12:13:14:24:25:143:144:154:155:156:157:167:168;130,131,132,133,134,135,122,123,124,111,98,85,72;145,158,159,160,161,162,163,150,151,152,139,126,127,128,115,102,89,76,63,50;125,138,137,136,149,148,147,146;5,4,3,2,15,28,27,26,39,52,65,78,91,104,117,118,119,120,121,108,109;20,21,22,35,48,61,74,87,100;53,54,55,56,57,44,45,46,47,60,73,86,99,112,113,114,101,88,75,62,49,36,23,10,9,8,7,6,19,18,17,16,29;59,58,71,70,69,68,67,66,79,92,105,106,107,94,95,96;37,38,51,64,77,90,103,116,129,142,141,140,153,166,165,164;93,80,81,82,83,84,97,110;34,33,32,31,30,43,42,41,40
