10,0,1,7,,,22|23:22|32:23|33:32|33:53|54:53|63:54|64:63|64;0,10,20,21,22,12,13,23,24,34,33;53,43,44,45,35,25,15,14,4,3,2,1,11;99,98,97,96,95,94,93,92,91,81,71,61,51,41;54,55,56,46,36,26,16,17,18;90,80,70,60,50,40,30,31,32,42,52,62,72,82,83,84,85,86,87,88,89,79,69,59,49;28,27,37,47,57,67,66,65,64,74,73,63;5,6,7,8,9,19,29,39,38,48,58,68,78,77,76,75
10,0,2,6,,,52|62:53|54:53|63:54|64:55|65:63|64;31,21,22,23,24,25,26,36,46,47,57,67,77,76,75;45,35,34,33,32,42,41,40,30,20,10,0,1,2,3,4,5,6,7,8,9,19;72,82,92,93,94,95,96,97,98,99,89,79,69,59,49,39,29,28,18,17,16,15,14,13,12,11;91,81,71,61,62,63,73,74,64,65,66,56,55;83,84,85,86,87,88,78,68,58,48,38,37,27;54,44,43,53,52,51,50,60,70,80,90
10,0,3,6,,,44|45:53|63:54|55:54|64:55|65:56|66:64|65:74|75;64,63,62,52,53,43,33,23,24,25,26,27,37,38,39,29,19,9,8,7,6,5,4,3,2,1,0,10,20;88,78,68,58,57,56,55,45;22,32,42,41,51,61,71,72,73,74,84,85,75,65;66,67,77,87,97,98,99,89,79,69,59,49,48,47,46,36,35,34,44,54;28,18,17,16,15,14,13,12,11,21,31,30,40,50,60,70,80,90,91,92;81,82,83,93,94,95,96,86,76
10,0,4,6,,,31|32:31|41:32|42:33|34:33|43:34|44:41|42:43|44;20,10,0,1,2,3,4,14,15,16,17,27,37,47,57,67,66,65,64,63,62,52,42;25,26,36,46,56,55,54,53,43;5,6,7,8,18,28,38,48,58,68,78,88,87,86,85,84,83,82,81;9,19,29,39,49,59,69,79,89,99,98,97,96,95,94,93,92,91,90,80,70,60,50,40,30,31,21,22,32,33;44,45,35,34,24,23,13,12,11;77,76,75,74,73,72,71,61,51,41
10,0,5,5,,,54|55:63|73:64|65:64|74:65|75:66|76:74|75:84|85;85,86,87,88,78,68,58,48,47,37,27,26,25,24,23,22,21;92,91,90,80,70,60,50,40,41,42,43,53;84,74,73,72,62,63,64,54,44,45,55,65,66;75,76,77,67,57,56,46,36,35,34,33,32,31,30,20,10,0,1,2,3,4,5,6,7,8,9,19,29,39,49,59,69,79,89,99,98,97,96,95,94,93,83,82,81,71,61,51,52;38,28,18,17,16,15,14,13,12,11
10,0,6,5,,,36|37:46|47:46|56:47|57:56|57:66|67;14,24,23,22,32,42,52,62,72,82,83,84,85,86,87,88,78,68;66,56,55,45,46,36,26,27,37,47,48,49,39,29,19,9,8,7,6,5,4,3,2,1,0,10,20,30,40,50,60,70,80,90;65,64,54,44,34,35,25,15,16,17,18,28,38;13,12,11,21,31,41,51,61,71,81,91,92,93,94,95,96,97,98,99,89,79,69,59,58;33,43,53,63,73,74,75,76,77,67,57
10,0,7,5,,,37|38:47|48:47|57:48|58:57|58:67|68;36,46,56,57,67,77,76,75,74,73,72,71,61,51,41,31,21,11,1,0;81,82,83,84,85,86,87,88,78,68,58;47,37,27,26,25,35,45,55,54,53,43,33,23,13,3,4,5,6,7,8,9,19,29,39;66,65,64,63,62,52,42,32,22,12,2;10,20,30,40,50,60,70,80,90,91,92,93,94,95,96,97,98,99,89,79,69,59,49,48,38,28,18,17,16,15,14,24,34,44
10,0,8,7,,,26|27:26|36:27|37:36|37:42|43:42|52:43|53:52|53;75,76,77,78,79,69,59,49,39,29,19,9,8,7,6,5,4,3,2,1,0,10,20;99,98,97,96,95,94,93,92,91,90,80,70,60,50,40,30,31,21,11,12,13,14,15;36,46,45,44,34,24,23,22;48,58,68,67,66,65,64,74,73,72,62,52;27,17,16,26,25,35;43,33,32,42,41,51,61,71,81,82,83,84,85,86,87,88,89;63,53,54,55,56,57,47,37,38,28,18
10,0,9,5,,,45|46:45|55:46|56:55|56;46,47,57,56,66,76,77,78,79,89,99,98,97,96,95,94,93,92,91,90,80,70,60,50,40,30,20,10,0,1,2,3,4,5,6,7,8,9,19;88,87,86,85,75,65,55,54,44,45;18,17,16,15,14,13,12,11,21,31,41,51,61,71,81,82,83,84,74,64,63,53,43,33,34,35;69,59,49,39,29,28,27,26,25,24,23,22,32,42,52,62,72,73;36,37,38,48,58,68,67
10,0,10,5,,,47|48:57|58:57|67:58|68:67|68:77|78;66,67,77,87,88,78,68,69,59,49,39,29,19,9;81,71,61,51,41,31,21,11,12,13,14,15,16,17,27,37,38,48,58;47,57,56,55,65,75,76,86;85,84,74,64,54,44,45,46,36,26,25,24,23,22,32,42,52,62,72,82,92,91,90,80,70,60,50,40,30,20,10,0,1,2,3,4,5,6,7,8,18,28;79,89,99,98,97,96,95,94,93,83,73,63,53,43,33,34,35
11,0,11,7,,,23|24:34|35:34|45:35|46:45|46:56|57;48,37,26,27,28,29,30,41,52;50,61,62,63,64,75,76,87,98,109,120,119,118,117,116,115,114,113,112,111,110;59,60,49,38,39,40,51;58,69,70,71,72,73,74,85,86,97,108,107,106,105,104,103,102,101,100,99,88,77,66,55;34,23,12,13,24,35,36,47,46,57,68,79,80,81,82,83,84;65,54,43,32,21,10,9,8,7,6,5,4,3,2,1,0,11,22,33,44,45,56,67,78,89,90,91,92,93,94,95,96;53,42,31,20,19,18,17,16,15,14,25
11,0,12,8,,,40|41:51|52:51|62:52|63:62|63:70|71:70|81:71|82:73|74:81|82;42,31,20;3,2,1,0,11,22,23,34,45,56,67,78,89,100,101;6,7,8,9,10,21,32,43,54,65,76,75,86,97,108,107,106;12,13,24,35,46,57,68,79,90,91,102;33,44,55,66,77,88,99,110,111,112,113,114,103,92,81,80,69,58,47,36,25,14,15,4,5;29,28,39,38,49,60,71,72;70,59,48,37,26,27,16,17,18,19,30,41,52,53,64,63,74,85,96,95,94,105;40,51,50,61,62,73,84,83,82,93,104,115,116,117,118,119,120,109,98,87
11,0,13,7,,,74|75:74|85:75|86:85|86;24,25,26,27,28,29,30,41,52,63,74,73;78,77,66,55,44,33,22,11,0,1,2,3,4,5,6,7,8,9,10,21,32,43,54,65,76,87,98,109,120,119,118,117,116,115,104,93,94,95;67,56,45,46,47,48;105,106,107,108,97,86;96,85,84,83,82,81,92,103,114,113,112,111,110,99,88,89,90,79,68,57,58,59,60,49,50;72,61,62,51,40,39,38,37,36,35,34,23,12,13,14,15,16,17,18,19,20,31,42,53,64,75;71,70,69,80,91,102,101,100
11,0,14,7,,,24|25:35|36:35|46:36|47:46|47:57|58:69|70:69|80:70|81:80|81;96,95,106,105,116,115,114,113,112,111,110,99,88,77,66,55,44,33,22,23,12,13,14,25,36,37,38,39,40,29,30;85,84,83,94,93,104,103,102,101,100;70,59,60,61,62,63,64,65,76,87,98,109,120,119,118,117;107,108,97,86,75,74,73,72,71,82,81,92,91,90,89,78,67,56;24,35,34,45,46,57,68,79,80;16,5,6,7,8,9,10,21,32,43,54,53,52,51,50,49,48,47,58,69;11,0,1,2,3,4,15,26,27,28,17,18,19,20,31,42,41
11,0,15,6,,,57|58:67|78:68|69:68|79:69|80:70|81:79|80:90|91;119,120,109,98,87,76,65,54,43,32,21,20,19,18,17,16,15,14,13,12,23,34,45,56;105,106,95,96,85,74,63,52,41,40,39;104,115,116,117,118,107,108,97,86,75,64,53,42,31,30,29,28,27,26,25,24,35,46,57,68,67,66,55,44,33,22,11,0,1,2,3,4,5,6,7,8,9,10;77,78,89,100,111,112,113,114,103,92,93,94,83,72,61,60,59,48;84,73,62,51,50,49,38,37,36,47,58,69,70,71,82,81,80,91,102,101,90,79;88,99,110
11,0,16,7,,,12|13:23|24:23|34:24|35:34|35:45|46;1,12,23;41,40,39,38,27,16,17,18,19,20,21,32,43,54,65,76,87,98,109,120,119,118,117,116,115,114,113,112,111,110,99,88,77,66,55,44,33,22,11,0;64,63,52,51,50,49,60,59,70;10,9,8,7,6,5,4,3,2,13,24,25,36,35,46,57,68,79,90,91,92,93,94,83,84,73,74,75,86,97,108,107;14,15,26,37,48,47,58,69,80,81,82,71,72,61,62;28,29,30,31,42,53;85,96,95,106,105,104,103,102,101,100,89,78,67,56,45,34
11,0,17,6,,,25|26:25|36:26|37:27|38:28|29:28|39:29|40:30|41:36|37:39|40;3,14,25;41,40,51,62,73,84,83,82,81,80;19,20,31,42,53,64,75,86,97,108,107,106,105,104,103,102,101,100,89,78,67,56,45,34,23,12;30,29,18,17,28,27,26,15,4;52,63,74,85,96,95,94,93,92,91,90,79,68,69,70,71,72,61,50,39,38,37,48,47,36;49,60,59,58,57,46,35,24,13,2,1,0,11,22,33,44,55,66,77,88,99,110,111,112,113,114,115,116,117,118,119,120,109,98,87,76,65,54,43,32,21,10,9,8,7,6,5,16
11,0,18,7,,,15|16:15|26:16|27:26|27:49|50:60|61:60|71:61|72:71|72:82|83;3,2,1,12,23,34,45,56,67,78,89,100,101;84,95,94,93,92,81,80,69,58,47,36,35,24,13,14,15,4,5,16;46,57,68,79,90,91,102,103,104,105,106,107,96,85,74,63,52,51;30,41,42,53,64,75,86,97,108,119,118,117,116,115,114,113,112,111,110,99,88,77,66,55,44,33,22,11,0;60,49,38,27,28,17,6,7,8,9,10,21;25,26,37,48,59,70,71,82;83,72,73,62,61,50,39,40,29,18,19,20,31,32,43,54,65,76,87,98,109,120
11,0,19,7,,,62|63:62|73:63|74:73|74;7,6,5,4,3,14,13,24,35,46,57,68,79,90,91,92,93,82,71,60,49,50,39,40,41,42,53,54,65,76,87,86,97;20,31,30,29,28,27,38,37,48,59,70,81,80;15,26,25,36,47,58,69;43,32,21,10,9,8,19,18,17,16;120,119,118,117,106,95,84,73;104,103,102,101,100,89,78,67,56,45,34,23,12,1,2;98,109,108,107,96,85,74,75,64,63,52,51,62,61,72,83,94,105,116,115,114,113,112,111,110,99,88,77,66,55,44,33,22,11,0
11,0,20,7,,,28|29:28|39:29|40:37|38:39|40:48|49:48|59:49|60:59|60:70|71;59,70,81,82,83,84,85,86,87,76;71,72,73,74,75,64,65,54,43,32,21,10,9,8,7,6,5,4,3,2,1,0,11,22,33,44,55,66,77,88,99,110,111,112,113,114,115,116,117,118,119,120,109,98,97,96,95,94,93,92,91,90,79,68,57,46,35,36;60,61,62,63,52,53,42,31,20,19,18,17,28;29,30,41,40,51,50,49;24,25,14,15,16,27,38,39;26,37,48,47,58,69,80;108,107,106,105,104,103,102,101,100,89,78,67,56,45,34,23,12,13
12,0,21,8,,,52|53:52|64:53|65:54|55:54|66:55|67:64|65:66|67;19,18,17,16,15,14,26,25,37,49,61,73,85,86,98,110,111,112,100,88,76,64,63,51,52,40,41,53,54;99,87,75,74,62,50,38,39,27,28,29,30,42,43,55;0,12,24,36,48,60,72,84,96,97,109,121,122,123,124,125,113,101;13,1,2,3,4,5,6,7,8,9,10,11,23,35,47,59,71,83,95,107,119,131,143,142,141,140,139,127,115,103,91,92,80,81,69,57,45,33;31,32,44,56,68,67,79,78;106,118,130,129,128,116,104;20,21,22,34,46,58,70,82,94,93,105,117;108,120,132,133,134,135,136,137,138,126,114,102,90,89,77,65,66
12,0,22,7,,,42|43:42|54:43|55:54|55:61|62:61|73:62|74:73|74;84,96,108,120,132,133,134,135,136,137,138,139,140,141,142,143,131,119,107,95,83,71,59,47,35,23,11,10,9,8,7,6,5,4,16,28,40,41,42,30,31,43,44,56;109,121,122,123,124,125,126,127,128,129,130,118,106,94,82,70,58,46,34,22,21;39,51,52,64,65,77,89,90,91;48,36,24,12,0,1,2,3,15,27,26,38,50,62,63,75,76,88;57,45,33,32,20,19,18,17,29;14,13,25,37,49,61,60,72,73,85,97,98,110,111,112,113,114,115,116,117,105,93,81,69,68,67,55;74,86,87,99,100,101,102,103,104,92,80,79,78,66,54,53
12,0,23,8,,,52|53:63|75:64|65:64|76:65|77:66|78:76|77:88|89;141,142,143,131,119,107,95,94,82,70,58,46,34,22,21,20,32,44,56,68,67,66,65,53,41,40,39;83,71,59,47,35,23,11,10,9,8,7,6,5,4,3,2,1,0,12,24,36,48,60,72,73,85,97,109,121,122,123,124,125,126,127,115,116,117,118;104,103,102,114,113,112,111,110,98,86,74,75,76,88;52,51,50,38,26,27,28,29,30,42,54;33,45,57,69,81,80,79,78,77;106,105,93,92,91,90,89,101,100,99,87;64,63,62,61,49,37,25,13,14,15,16,17,18,19,31,43,55;130,129,128,140,139,138,137,136,135,134,133,132,120,108,96,84
12,0,24,9,,,90|91:101|113:102|103:102|114:103|115:104|116:114|115:126|127;41,53,54,55,56,68,80,92,104,105,117,116;115,127,128,129,130,118,106,94,93,81,69,57,45,44,43,42,30,29,28,27,26,25,24,12,0,1,2,3,4,5,6,7,8,9,10,11,23,35;40,39,38,37,36,48,60,72,84,96,108,120,121,122,110,98,86,74,62,63,64,65,66,67,79,91,103;13,14,15,16,17,18,19,31,32,33;89,88,87,99,111,123,124,125;132,133,134,135,136,137,138,139,140,141,142,143,131,119,107,95,83,71,59,47,46,34,22,21,20;52,51,50,49,61,73,85,97,109;126,114,113,112,100,101,102,90,78,77,76,75;82,70,58
12,0,25,8,,,27|28:39|40:39|51:40|52:51|52:53|54:53|65:54|66:63|64:65|66;89,88,76,64,52,53,41,42,54,55,56,68,69,81,82,83,71,59,47,35,23,11,10;102,101,100,99,87,75,63,51,50,38,39,27;70,58,57,45,33,32,20,19,18,17,16,15,14,26;126,125,124,123,122,121,109,97,85,73,61,49,37,25,13,1,2,3,4,5,6,7,8,9,21,22,34,46;66,67,79,80,92,93,94,95,107,119,131,143,142,141,140,139,138,137,136,135,134,133,132,120,108,96,84,72,60,48,36,24,12,0;105,106,118,130,129,128,127,115,114,113,112,111,110,98,86,74,62;65,77,78,90,91,103,104,116,117;40,28,29,30,31,43,44
12,0,26,8,,,29|30:40|52:41|42:41|53:42|54:43|55:53|54:65|66;30,42,43,44,56,55,67;110,98,86,74,62,50,38,26,27,28,16,4,5,6,7,8,9,10,11,23,35,47,59;90,91,79,80,68,69,57,45,33,32,31,19,18,17,29,41,40,39,51,52,53;65,64,63,75,87,99,111,123,122,121,109,97,85,73,61,49,37,25,13,14;15,3,2,1,0,12,24,36,48,60,72,84,96,108,120,132,133,134,135,136,137,138,139,140,141,142,143,131,119,107,95,83,82,81,93,92,104,103,102,101,89,77,78,66,54;71,70,58,46,34,22,21,20;94,106,118,130,129,128,127,126,125,124;105,117,116,115,114,113,112,100,88,76
12,0,27,8,,,54|55:54|66:55|67:63|64:63|75:64|76:66|67:75|76;93,105,104,103,102,101,100,88,76;130,129,128,127,126,125,124,123,122,110,98,86;12,24,25,26,27,28,29,30,42,54,53,52,51,50,49,61,73,85,97,109,121,133,134,135,136,137,138,139,140,141,142,143,131,119,107,95,83,71,59,47,35,23,11,10;9,21,22,34,46,58,70,82,94,106,118,117,116,115,114,113,112,111,99,87,75,74,62,63;41,40,39,38,37,36,48,60,72,84,96,108,120,132;55,43,31,19,18,17,16,15,14,13,1,0;33,45,57,69,81,80,92,91,90,89,77,65,64;2,3,4,5,6,7,8,20,32,44,56,68,67,79,78,66
12,0,28,8,,,69|70:69|81:70|82:81|82:85|86:85|97:86|98:97|98;108,120,132;124,123,122,110,98,99,87,86,74,62,50,38,26;95,107,119,131,130,129,128,127,126,114;56,44,43,42,41,40,52,64,76,88,100,101,102,103,115,116,117,118;143,142,141,140,139,138,137,125,113,112,111;136,135,134,133,121,109,97,96,84,85,73,61,49,37,25,13,14,15,16,17,18,19,20,21,22,34,46,58,70;106,105,104,92,91,90,89,77,65,53,54,55,67,68,69,57,45,33,32,31,30,29,28,27,39,51,63,75;72,60,48,36,24,12,0,1,2,3,4,5,6,7,8,9,10,11,23,35,47,59,71,83,82,94,93,81,80,79,78,66
12,0,29,7,,,39|51:40|41:40|52:41|53:42|54:52|53:65|66:65|77:66|78:77|78;41,42,43,44,45,57,69,81,93,105,117,116,115,127,126,125,124,123,122,121;101,100,99,98,86,85,84,96,108,120,132,133,134,135,136,137,138,139,140,128,129,130,118,106,94,82,70,58,46,34,33,32,31,30,29,28,27,26;22,21,20,19,18,17,16,15,14,13,25,37,49,61,62,63,64,76,77;141,142,143,131,119,107,95,83,71,59,47,35,23,11,10,9,8,7,6,5,4,3,2,1,0,12,24,36,48,60,72,73,74,75,87,88,89,90,78,79,67,66;104,103,102,114,113,112,111,110,109,97;40,39,38,50,51,52;91,92,80,68,56,55,54,53,65
12,0,30,8,,,17|18:17|29:18|30:29|30:67|68:79|80:79|91:80|92:91|92:103|104;91,103,102,101,100,99,98,97,96,84,72,60,48,36,37,38,39,40;51,50,49;92,104,116,115,114,113,112,111,110,109,108,120,132,133,134,135,136,137,138,139,140,141,142,143,131,119,107,95,83,71,59,47,35,23,11,10;4,3,2,1,0,12,24,25,26,27,28,29,41,53,52,64,63,62,61,73,85,86,87,88,89,90,78,79,67,55,56,68,80;13,14,15,16,17,5,6,18,19,31,43,44;130,118,106,94,82,70,58,46,34,22,21,9;7,8,20,32,33,45,57,69,81,93,105,117,129,128,127,126,125,124,123,122,121;30,42,54,66,65,77,76,75,74
