10:12,0,1,8,,,1|11:2|12:3|13:4|14:5|15:6|16:7|17:8|18;53,63,64,65,75,85,95,105,115,116,117,118,119,109,99,89,79,69,59,49,39,29,28,27;74,73,72,62,52,42,43,33;83,84,94,104,114,113,112,111,110,100;97,87,77,67,66,56,55,54,44,34,24,23,22,32;76,86,96,106,107,108;92,82,81,71,61,51,41,31,21,11,12,13,14,15,25,35,45,46,47,57;16,17,18,19,9,8,7,6,5,4,3,2,1,0,10,20,30,40,50,60,70,80,90,91,101,102,103,93;98,88,78,68,58,48,38,37,36,26
10:12,0,2,6,,,11|21:12|22:13|23:14|24:15|25:16|26:17|27:18|28;18,17,16,15,14,13,12,11,10,20,21,22,23,24,25,26,27,28,38,48,58,68,78,88;86,76,66,56,46,45,44,43,42,41,40;83,84,74,64,63,62,61,71;109,119,118,117,116,115,114,113,112,111,110,100,90,80,70,60,50,51,52,53,54,55,65,75,85,95,96,97,87,77,67,57,47,37,36,35,34,33,32,31,30;73,72,82,81,91,101,102,103,104,105,106,107,108,98,99,89,79,69,59,49,39,29,19,9,8,7,6,5,4,3,2,1,0;92,93,94
10:12,0,3,6,,,21|31:22|32:23|33:24|34:25|35:26|36:27|37:28|38;36,35,34,44,54,64,74,75,76,66,56,57,58,48,49,39,29,28,18,17,16,15,14,13,12;65,55,45,46,47,37,38;89,99,109,119,118,117,116,115,114,113,112,111,110,100,90,80,70,60,50,40,41,42,52,62,72,82,92,93,94,95,96,97,87,77,67,68,69,59;0,10,20,30,31,32,33,43,53,63,73,83,84,85,86;19,9,8,7,6,5,4,3,2,1,11,21,22,23,24,25,26,27;79,78,88,98,108,107,106,105,104,103,102,101,91,81,71,61,51
10:12,0,4,7,,,31|41:32|42:33|43:34|44:35|45:36|46:37|47:38|48;94,93,83,82,81,71,61,51,41,42,43,44,45,46,47,48;88,98,108,107,106,105,104,103,102,112,111,110,100,90,80,70,60,50,40,30,31,32,33,34,35,36,37,38,28,18,17,16,15,14,13,12,11;92,91,101;86,76,66,67,68,69;113,114,115,116,117,118,119,109,99,89,79,78,77,87,97,96,95,85,75,65,64,63;27,26,25,24,23,22,21,20,10,0,1;2,3,4,5,6,7,8,9,19,29,39,49,59,58,57,56,55,54,53,52,62,72,73,74,84
10:12,0,5,7,,,41|51:42|52:43|53:44|54:45|55:46|56:47|57:48|58;32,33,34,35,36,37,38,39,29,19,9;105,106,107,97,87,86,85,84,83,93,92,91,81,71,61,51,52,53,54,55,56,57,58,59,49,48,47,46,45,44,43,42,41,31,21,22;73,74,75,76,77,78,88,98,108;102,101,100,90,80,70,60,50,40,30,20,10,0,1,2,3,4,14,15,16,17;110,111,112,113,103,104,94,95,96;82,72,62,63,64,65,66,67,68,69,79,89,99,109,119,118,117,116,115,114;11,12,13,23,24,25,26,27,28,18,8,7,6,5
10:12,0,6,7,,,51|61:52|62:53|63:54|64:55|65:56|66:57|67:58|68;104,103,102,101,91,90;33,23,24,25,26,27,17,7,6,5,4,3,2,1,0,10,20,30,40,50,60,70,71,72,73,83,84,85,86;18,28,38,37,36,35,34;16,15,14,13,12,11,21,31,41,51,52,53,54,55,56,57,58,59,69,79,89,99,109,119,118,117,116,115,114,113,112,111,110,100;22,32,42,43,44,45,46,47,48,49,39,29,19,9,8;65,66,67,68,78,88,98,108,107,106,105;80,81,82,92,93,94,95,96,97,87,77,76,75,74,64,63,62,61
10:12,0,7,6,,,61|71:62|72:63|73:64|74:65|75:66|76:67|77:68|78;117,116,115;1,11,12,13,14,15,16,17,18,28,38,48,47,46,36,35,34,33,32,31,30,40,50,60,70,80,90,100,110,111,112,113,114,104,105,106,107;63,62,61,51,41,42,43,44,45,55,56,57,58,59,49,39,29,19,9,8,7,6,5,4,3,2;119,118,108,98,97,96,95,94,93,103,102,101,91,81,71,72,73,74,75,76,77,78,79,69,68,67,66,65,64,54,53,52;109,99,89,88,87,86,85,84,83,82,92;0,10,20,21,22,23,24,25,26,27,37
10:12,0,8,8,,,71|81:72|82:73|83:74|84:75|85:76|86:77|87:78|88;3,2,1,0,10,20,30,31,32,33,34,44;67,77,76,75,74,73,72,71,61,51,41,42,43,53,54,55,45,46,47,37,27;52,62,63,64,65,66,56,57;108,107,106,105,104,103,102,101,91,90,80,70,60,50,40;100,110,111,112,113,114,115,116,117,118,119,109,99,98,97,96,95,94,93,92,82,81;35,36,26;83,84,85,86,87,88,89,79,69,59,49,39,29,19,9,8,7,6,5,4,14,13,12,11,21;22,23,24,25,15,16,17,18,28,38,48,58,68,78
10:12,0,9,7,,,81|91:82|92:83|93:84|94:85|95:86|96:87|97:88|98;35,36,37,38,39,49,59,69,79,89,99,109,108,107,106,105,104,103,102;110,100,90,80,81,82,83,84,85,86,87,88,78,68,58,48,47,46;72,71,70,60,50,40,30,20,10,11,12,13,14,15,16,17,18;119,118,117,116,115,114,113,112,111,101,91,92,93,94,95,96,97,98;43,44,45,55,56,66;65,64,54,53,52,42,32,33,34,24,25,26,27,28,29,19,9,8,7,6,5,4,3,2,1,0;57,67,77,76,75,74,73,63,62,61,51,41,31,21,22,23
10:12,0,10,6,,,91|101:92|102:93|103:94|104:95|105:96|106:97|107:98|108;79,69,59,49,48,47,46,36,35,34,44,54,64,65,66,67,77,87,97,98,99,109,119,118,117,116,115,114,113,112,111,110;42,52,62,72,82,83,84,85,95;108,107,106,105,104,103,102,101,100,90,80,70,60,50,40,30,20,21,11,12,13,14,15,16,17,18,28;45,55,56,57,58,68,78,88,89;96,86,76,75,74,73,63,53,43,33;10,0,1,2,3,4,5,6,7,8,9,19,29,39,38,37,27,26,25,24,23,22,32,31,41,51,61,71,81,91,92,93,94
11:13,0,11,6,,,122|133:123|134:124|135:125|136:126|137:127|138:128|139:129|140:130|141;30,29,28,27,26,25,24,35,46,57,68,79,90,91,92,93,94,105;50,51,52,53,54,65,76,87,98,109,120,131,142,141,140,139,138,137,136,135,134,133,132,121,122,123,124;69,80,81,82,83,84,95,106,117,116,127,126,125,114;101,100,89,78,67,56,45,34,23,12,13,14,15,16,17,18,19,20,31,42,41,40,39,38,37,36,47,58,59,70,71,72,73,74,85,96,107,118,129,128;115,104,103,102,113,112,111,110,99,88,77,66,55,44,33,22,11,0,1,2,3,4,5,6,7,8,9,10,21,32,43;130,119,108,97,86,75,64,63,62,61,60,49,48
11:13,0,12,5,,,111|122:112|123:113|124:114|125:115|126:116|127:117|128:118|129:119|130;42,31,20,19,18,17,16,15,14,13,12,23,34,45,56,67,78,89,100,111,112,113,114,115,116;60,71,72,73,74,75,76,87,98,109;108,97,86,85,84,83,82,81,70,59,48,49,50,61,62,63,64,65,54,43,32,21,10,9,8,7,6,5,4,3,2,1,0,11,22,33,44,55,66,77,88,99,110,121,122,123,124,125,126,127,128,129,130;132,133,134,135,136,137,138,139,140,141,142,131,120,119,118,117,106,105,104,103,102,101,90,79,68,57,46,35,24,25,26,27,28,29,30,41;107,96,95,94,93,92,91,80,69,58,47,36,37,38,39,40,51,52,53
11:13,0,13,5,,,100|111:101|112:102|113:103|114:104|115:105|116:106|117:107|118:108|119;129,128,127,126,125,124,123,122,121,110,99,100,101,102,103,104,105,106,107,108,97,86,75,64,53,42,31,20,19,18,17,16,27,38,39,40,51,62,73,84,83,82,81,80,79,78,67,56,45,34,23,22,11,0;132,133,134,135,136,137,138,139,140,141,130,119,118,117,116,115,114,113,112,111;33,44,55,66,77,88,89,90,91,92,93,94,95,96,85,74,63,52,41,30,29,28;142,131,120,109,98,87,76,65,54,43,32,21,10,9,8,7,6,5,4,15,26,37,48,49,50,61,72,71,70,69,68,57,46,35,24,13,12,1;2,3,14,25,36,47,58,59,60
11:13,0,14,6,,,89|100:90|101:91|102:92|103:93|104:94|105:95|106:96|107:97|108;112,113,114,115,116,117,118,119,120,131,142,141,140,139,138,137,136,135,134,133,132,121,110,99,88,77,66,55,56,57,58,59,60,61,50,51;24,25,14,15,4,5,6,7,8,9,10,21,32,43,54,65,76,87,86;130,129,128,127,126,125,124,123,122,111,100,101;79,80,81,82,83,84,85,74,75,64,53,42,31,20,19,18,17,16,27,26,37,36,35,34,23,12,13,2,3;102,103,104,105,106,107,108,109,98,97,96,95,94,93,92,91,90,89,78,67,68,69,70,71,72,73,62,63,52,41,40;30,29,28,39,38,49,48,47,46,45,44,33,22,11,0,1
11:13,0,15,9,,,78|89:79|90:80|91:81|92:82|93:83|94:84|95:85|96:86|97;0,11,22,33,44,55,66,67,68,69,58,47,36,25,26,27;62,63,64,65,54,43,32,31,20;99,100,111,122,123,124,125,126,127,128,129,130,119;86,85,84,83,82,71,60,49,38;53,52,51,40,29,18,7,6,5,4,3,2,1,12,23,34,45,56;106,105,104,103,114,113,112,101,90,89,88,77,78,79,80,81,70,59,48,37;57,46,35,24,13,14,15,16,17,28,39,50,61,72,73,74,75,76,87,98,97,96,95,94,93,92,91,102;115,116,117,118,107,108,109,120,131,142,141,140,139,138,137,136,135,134,133,132,121,110;42,41,30,19,8,9,10,21
11:13,0,16,7,,,67|78:68|79:69|80:70|81:71|82:72|83:73|84:74|85:75|86;31,42,53,64,75,74,73,72,71,70,69,68,67,66,77,78,79,80,81,82,83;124,125,126,127,128,129,130,131,120,109,98,87,76,65,54,43,32,21,10,9,8,7,6,5,16,27,26,25;0,11,22,33,44,55,56,57,58,59,60,61,62,63,52,41,30,19,20;142,141,140,139,138,137,136,135,134,123,112,113,114,115,116,117,118,119,108,97,86,85,84,95,94,93,92,91,90,89,88,99,110,121,132;18,17,28,39,38,37,36,35,24,13,14;96,107,106,105,104,103,102,101,100,111,122,133;15,4,3,2,1,12,23,34,45,46,47,48,49,50,51,40,29
11:13,0,17,7,,,56|67:57|68:58|69:59|70:60|71:61|72:62|73:63|74:64|75;29,28,27,26,25,24,23,34,45,56,55,66,77,88,99,110,121,132,133,134,135,136,125,114,115,116,117,118;30,41,40,39,38,37,36,35,46,57,58,59,60,61,62,63,64,65,76,75,74,73,72,71,70,69,68,67;0,1,2,3,4,5,6,7,8,9,10,21,32,43,54,53,52,51,50,49,48,47;112,101,90,91,92,93,94,95,96,97;42,31,20,19,18,17,16,15,14,13,12,11,22,33,44;137,138,139,140,141,142,131,120,109,98,87,86,85,84,83,82,81,80,79,78;89,100,111,122,123,124,113,102,103,104,105,106,107,108,119,130,129,128,127,126
11:13,0,18,7,,,45|56:46|57:47|58:48|59:49|60:50|61:51|62:52|63:53|64;47,48,49,50,51,52,53,54,65,64,63,62,61,60,71,82,93,92,91,90,101,112;19,18,17,16,15,14,13,12,23,34,45;137,138,139,128,129,118,107,96;140,141,142,131,120,109,98,87,76,75,74,73,72,83,94,105,104,103,102,113,124,123,122,111,100,89,78,79,80,81,70,59,58,57,56,55,44,33,22,11,0,1,2,3,4,5,6,7,8,9,20,31,30,29,28,27,26,25,24,35,46;126,127,116,117,106,95,84,85,86,97,108,119,130;69,68,67,66,77,88,99,110,121,132,133,134,135,136,125,114,115;36,37,38,39,40,41,42,43,32,21,10
11:13,0,19,7,,,34|45:35|46:36|47:37|48:38|49:39|50:40|51:41|52:42|53;40,39,38,37,36,35,34,33,44,55,56,57,58,59,60,61;32,21,10,9,8,7,6,5,4,3,2,1,0,11,22,23,24,25,26,27,28,29,30,41;106,105,94,83,82,81,80,79,78,89,100,111,122,123,134,135,136,137,138,139,140,141,142,131;96,95,84,73,72,71,70,69,68,67,66,77,88,99,110,121,132,133;12,13,14,15,16,17,18,19,20,31,42,43,54,65,76,87,98,109,120,119,130,129,128,127,126,125,114,103,102;52,53,64,75,86,97,108,107,118,117,116,115,104,93,92,91,90,101,112,113,124;85,74,63,62,51,50,49,48,47,46,45
11:13,0,20,9,,,23|34:24|35:25|36:26|37:27|38:28|39:29|40:30|41:31|42;118,117,116,105,94,93,92,81,70,59,60,49;115,104,103,102,91,80,69,58,47,48,37,38,39;71,82,83,84,95,106;77,88,99,110,121,132,133,134,135,136,137,138,139,140,141,142,131,120,109,98,87,76,65,54,53,52,63,62;46,35,36;44,55,66,67,78,89,100,111,122,123,124,125,126,127,128,129,130,119,108,97,86,75,64;21,10,9,8,7,6,5,4,3,2,1,12,23,24,25,26,27,28,29,30;107,96,85,74,73,72,61,50,51,40,41,42,43,32,31,20,19,18,17,16,15,14,13;0,11,22,33,34,45,56,57,68,79,90,101,112,113,114
12:14,0,21,8,,,25|37:26|38:27|39:28|40:29|41:30|42:31|43:32|44:33|45:34|46;11,23,35,47,59,71,83,95,107,119,131,130,142,154,153,152,151,150,138,137,136,135,134;113,114,115,116,104,105,93,81,69,57,56,55,43,42,41,40,39,38,37,36,24,12,13,14,15,16,17,18,19,20,21;25,26,27,28,29,30,31,32,33,34,22,10,9,8,7,6,5,4,3,2,1,0;128,127,126,125,124,112,100,101,102,103,91,92,80,68,67,66,54,53,52,51,50,49,48,60,72,84,96,108,120,132,144,156,157,158,159,160,161,162,163,164,165,166,167,155,143;149,148,147,146,145,133,121,122,123,111,99,87,88,89,90,78,79;77,76,75,74,86,98,110,109;44,45,46,58,70,82,94,106,118,117,129,141,140,139;65,64,63,62,61,73,85,97
12:14,0,22,8,,,13|25:14|26:15|27:16|28:17|29:18|30:19|31:20|32:21|33:22|34;13,14,15,16,17,18,19,20,21,22,23,35,34,33,32,44,43,42,54,53,65,77,89,90;31,30,29,41;72,84,96,108,120,132,144,156,157,158,159,160,161,162,163,164,165,166,167,155,143,131,119,107,95,83,82,81,93,92,104,116,115,114,113,112,111,99,87,75,63,51,39,38,37,25,24,12,0,1,2,3,4,5,6,7,8,9,10,11;26,27,28,40,52,64,76,88,100,101,102,103,91,79,80,68,69,70,58;71,59,47,46,45,57,56,55,67,66,78;94,106,105,117,129,141,140,139,138,137,136,135,134;128,127,126,125,124,123,122,110,98,86,74,62,50,49;118,130,142,154,153,152,151,150,149,148,147,146,145,133,121,109,97,85,73,61,60,48,36
12:14,0,23,7,,,1|13:2|14:3|15:4|16:5|17:6|18:7|19:8|20:9|21:10|22;137,138,126,114,102,90,89,88,87,86,85,84,96,108;109,97,98,99,100,101,113,125,124,136;60,72,73,74,75,76,77,78,79,91,103,115,127;112,111,110,122,121,120,132,144,156,157,158,159,160,161,162,163,164,165,166,154,142,130,118,106,94,82,70,58,46,45,44,43,42,41,40,39,27,26;133,134,135,123;167,155,143,131,119,107,95,83,71,59,47,35,34,33,32,31,30,29,28,16,15,14,13,25,37,38,50,51,52,53,54,55,56,57,69,81,93,105,117,129,141,153,152,151,150,149,148,147,146,145;139,140,128,116,104,92,80,68,67,66,65,64,63,62,61,49,48,36,24,12,0,1,2,3,4,5,6,7,8,9,10,11,23,22,21,20,19,18,17
12:14,0,24,7,,,13|25:14|26:15|27:16|28:17|29:18|30:19|31:20|32:21|33:22|34;52,64,65,66,67,68,80,92,104,116,115,114,113,112,111,110,109,108,96,84,72,60,48,36,24,12,0,1,2,3,4,5,6,7,8,9,10,11;156,144,132,120,121,122,123,124,125,126,127,128,129,117,105,93,81,69,57,56,55,54,53;78,79,91,103,102,101,100,99,98,97,85,73,61,49,37,25,26,27,28,29,30,31,32,33,34;13,14,15,16,17,18,19,20,21,22,23,35,47,59,71,83,95,107,119,131,143,155,167,166,165,164,163,162,161,160,159,158,157,145,133,134,135,136,137,138,139,140,141;146,147,148,149,150,151,152,153,154,142,130,118,106,94,82,70,58,46,45,44,43,42,41,40;39,51,63,75,76,77;38,50,62,74,86,87,88,89,90
12:14,0,25,7,,,25|37:26|38:27|39:28|40:29|41:30|42:31|43:32|44:33|45:34|46;85,97,109,121,133,145,146,147,148,149,150,151,152,153,154,142,130,118,106,94,82,70,69,68,80,92,104,116,128,127,126,125,124;23,11,10,9,8,7,6,5,4,3,2,1,13,25,26,27,28,29,30,31,32,33;123,111,112,113,114,115,103,91,79,67,55,56,57,58,59,71,83,95,107,119,131,143,155,167,166,165,164,163,162,161,160,159,158,157,156,144,132,120,108,96,84,72,60,48,36,24,12,0;62,50,51,52,64,76,88,100,99;63,75,87,86,98,110,122,134,135,136,137,138,139,140,141,129,117,105,93,81;74,73,61,49,37,38,39,40,41,53,65,77,89;14,15,16,17,18,19,20,21,22,34,35,47,46,45,44,43,42,54,66,78,90,102,101
12:14,0,26,8,,,37|49:38|50:39|51:40|52:41|53:42|54:43|55:44|56:45|57:46|58;93,105,104,103,102,114,113,112,111,123;154,142,130,129,117,116,115,127,126,125,124,136,135,134,122,110,109,97,85,73,61,49,50,51,52,53;163,164,165,166,167,155,143,131,119,107,95,83,71,70,69,68,67,79,78,77,76;62,74,86,98,99,100,101;141,153,152,151,150,162,161,160,159,158,157,156,144,132,120,108,96,84,72,60,48,36,37,38,39,40,41,42,43,44;13,14,15,16,17,18,19,20,21,22,34,46;45,33,32,31,30,29,28,27,26,25,24,12,0,1,2,3,4,5,6,7,8,9,10,11,23,35,47,59,58,57,56,55,54,66,65,64,63,75,87,88,89,90,91,92,80,81,82,94,106,118;121,133,145,146,147,148,149,137,138,139,140,128
12:14,0,27,9,,,49|61:50|62:51|63:52|64:53|65:54|66:55|67:56|68:57|69:58|70;26,38,39,40,41,42,43,44,56,57,58,59,71,70,69,68,67,66,65,64,63,62,61,73,85,97,109,121,133,134;101,102,103,104,105,117,129,141,140,139,138,137,136,148;122,110,111;23,11,10,9,8,7,6,5,4,3,2,1,0,12,24,36,48,60,72,84,96,108,120,132,144,145,146,147,135,123,124,125,126,127,128;16,17,18,19,20,21,22,34,35;156,157,158,159,160,161,162,163,164,165,166,167,155,143,131,119,107,95,83,82,81,80,79,78,77,76;75,74,86,98,99,100,112,113,114,115,116;87,88,89,90,91,92,93,94,106,118,130,142,154,153,152,151,150,149;47,46,45,33,32,31,30,29,28,27,15,14,13,25,37,49,50,51,52,53,54,55
12:14,0,28,10,,,61|73:62|74:63|75:64|76:65|77:66|78:67|79:68|80:69|81:70|82;77,89,101,113,125,126,127,128,140,141,153;39,40,52,53,54,55,56,57,58,59,47,35,23,11,10,9,8,7,6,5,4,3,2,1,0,12,24,36,48;120,108,96,84,85,86,87,99,111,110,122,134,135,136,137,138,139,151,152;123,124,112,100,88,76,75,74,73,72,60,61,62,50,38,26,27,28,29,41,42,43,44;98,97,109,121,133,132,144,156,157,158,159,160,161;145,146,147,148,149,150,162,163,164,165,166,167,155,143,131,119,107,95,94,93,92,91;46,45,33,32,31,30;49,37,25,13,14,15,16,17,18,19,20,21,22,34;51,63,64,65,66,67,68,69,70,71,83,82,81,80,79,78,90,102,103,104,105,106,118;154,142,130,129,117,116,115,114
12:14,0,29,9,,,73|85:74|86:75|87:76|88:77|89:78|90:79|91:80|92:81|93:82|94;60,48,36,24,12,0,1,2,3,4,5,6,7,8,9,10,11,23,35,34,46,58,70,82,83,95,107,106,118,130,142,154,153,152,151,150,149,148;119,131,143,155,167,166,165,164,163,162,161,160,159,147,135,136,137,138,139,140,141,129,117,105,93,94;115,114,113,112,111,110,109,121,133,145;71,59,47;103,102,101,100,99,98,97,96,108,120,132,144,156,157,158,146,134,122,123,124;64,52,53,54,55,43,31,30,29,28,27,26,38,50,62,74;77,65,66,67,68,56,44,32,20,19,18,17,16,15,14,13,25,37,49,61,73,72,84,85,86,87,88,89,90,91,92,104,116,128,127,126,125;22,21,33,45,57,69,81,80,79,78;76,75,63,51,39,40,41,42
12:14,0,30,9,,,85|97:86|98:87|99:88|100:89|101:90|102:91|103:92|104:93|105:94|106;58,70,69,81,80,79,78,77,76,75,74,62,50,38,26,27,15,3,2,1,0,12,24,36,48,60,72,84,96,108,120,132,144,156,157,158;110,122,134,135,136,148,149,150,151,152,153,154,142,130,129,128,127,126;112,113,114,115,116,117,118,119,131,143,155,167,166,165,164,163,162,161,160,159,147,146,145,133,121,109;55,43,44,45,46,47,59,71,83,95,107,106,105,104,103,102,101,100;52,40,28,16,4,5,6,7,8,9;22,21,20,19,18,17,29,41,53,65,64,63,51,39;97,98,99,111,123,124,125,137,138,139,140,141;82,94,93,92,91,90,89,88,87,86,85,73,61,49,37,25,13,14;10,11,23,35,34,33,32,31,30,42,54,66,67,68,56,57
