10:12+B,0,1,8,,,4|5:14|15:50|60:51|61:58|68:59|69:104|105:114|115;116,117,118,119,109,99,89,79,69,68,67,77,87,97,96,95,94,104,114,113,112,111,110,100,90,80,70,60,61,62,63,64;45,44,43,53,52,51,50,40,30,20,10,0,1,2,3,4,14;115,105,106,107,108,98,88,78;37,27,26,25,24,23,22,21,31,41;5,15,16,17,18,28,38,48,47,46,36,35,34,33,32,42;11,12,13;54,55,65,75,74,73,72,82,92;6,7,8,9,19,29,39,49,59,58,57,56,66,76,86,85,84,83,93,103,102,101,91,81,71
10:12+B,0,2,8,,,4|5:14|15:50|60:51|61:58|68:59|69:104|105:114|115;97,87,86,85,84,83,82,92;48,47,46,56,66,76,77,78,88,98,108,107,106,96,95,94,104,114,113,112,111,110,100,90,80,70,60,61,62,52,53,43,33,23,13,12,11;74,75,65,55,45,35,25,15,5;105,115,116,117,118,119,109,99,89,79,69,68,67,57,58,59,49,39,29,28,18,17,16,26,36;27,37,38;51,50,40,30,31;93,103,102,101,91,81,71,72,73,63,64,54,44,34,24,14,4,3,2,1,0,10,20,21,22,32,42,41;6,7,8,9,19
10:12+B,0,3,8,,,4|5:14|15:50|60:51|61:58|68:59|69:104|105:114|115;60,61,71,81,91,101,102;105,115,116,117,118,119,109,99,89,79,69,68,67,57,58,59,49,39,29,19,9,8,7,6,5,15;70,80,90,100,110,111,112,113,114,104,94,95,96,106,107,108,98,88,78,77,76,66,56,55;22,32,42,43,53,63,73,74,75,65;83,84,85,86,87,97;46,47,48,38,28,18,17,16,26,25,24,14,4,3,2,1,0,10,20,30,40,50,51,52,62,72,82,92,93,103;41,31,21,11,12,13,23,33,34;64,54,44,45,35,36,37,27
10:12+B,0,4,8,,,4|5:14|15:50|60:51|61:58|68:59|69:104|105:114|115;92,82,83,84,74,64,54,44;118,108,98,88,78;27,37,47,48,49,59;58,57,67,68,69,79,89,99,109,119;39,29,19,9,8,7,6,5,15,25,24,23,13,12,11,21,31,41,42,43,53,63,73,72,71,81,91,101;102,103,93;14,4,3,2,1,0,10,20,30,40,50,51,52,62,61,60,70,80,90,100,110,111,112,113,114,104,94,95,105,115,116,117,107,97,87,77,76,66,56,46,36,26,16,17,18,28,38;22,32,33,34,35,45,55,65,75,85,86,96,106
10:12+B,0,5,7,,,4|5:14|15:50|60:51|61:58|68:59|69:104|105:114|115;97,87,77,76,66,65,64,63,62,61,60,70,80,90,100;11,12,22,32,33,34,35,36,26,16,17,18,28,38,48,58,57,67,68,78,88,98,108,107,106,96,86,85,75,74,73,72,71,81,91,101,111,110;113,112,102,92,82,83,84,94,95,105,115,116,117,118,119,109,99,89,79,69;114,104,103,93;56,55,54,53,52,51,50,40,30,20,10,0,1,2,3,4,14;59,49,39,29,19,9,8,7,6,5,15,25,24,23,13;21,31,41,42,43,44,45,46,47,37,27
10:12+B,0,6,8,,,4|5:14|15:50|60:51|61:58|68:59|69:104|105:114|115;115,105,106,107,108,98,88,78,77,76,66,56,46,47,48,38,28,18,17,16,26,25,24,14,4,3,2,1,0,10,20,21,31,41;22,32,42;53,43,44,45,55,65,75,74,73,72,82,92;15,5,6,7,8,9,19,29,39,49,59,58,57,67,68,69,79,89,99,109,119,118,117,116;54,64,63,62,52,51,50,40,30;27,37,36,35,34,33,23,13,12,11;87,86,85,84,83,93,103,102,101,91,81,71,61;60,70,80,90,100,110,111,112,113,114,104,94,95,96,97
10:12+B,0,7,8,,,4|5:14|15:50|60:51|61:58|68:59|69:104|105:114|115;68,69,79,89,99,109,119,118,117,116,115,105,95,85,75,65,55,45,35,36,37,27;11,21,22,32,33,34,44,54,64,74,84,94,104,114,113,112,111,110,100,90,80,70,60;3,4,14,24,25,26,16,17,18,28,38;15,5,6,7,8,9,19,29,39,49;40,50,51,52,62,72,82,92;97,87,86,76,66,56,46,47,48,58,59;23,13,12,2,1,0,10,20,30,31,41,42,43,53,63,73,83,93,103,102,101,91,81,71,61;57,67,77,78,88,98,108,107,106,96
10:12+B,0,8,9,,,4|5:14|15:50|60:51|61:58|68:59|69:104|105:114|115;58,59,49,39,29,19,9,8,7,6,5,15;103,102,101,91,81,71;92,82,83,84,74,64,54,44,34,33,23,13;27,37,36,46,56,66,76,77,78,88;35,45,55,65,75,85,86,87,97,98;50,40,30,20,10,0,1,2,3,4,14,24,25,26,16,17,18,28,38,48,47,57,67,68,69,79,89,99,109,119,118,117,116,115,105,95,94,93;104,114,113,112,111,110,100,90,80,70,60,61,62,52,51,41,31,21;72,73,63,53,43,42,32,22,12,11;108,107,106,96
10:12+B,0,9,9,,,4|5:14|15:50|60:51|61:58|68:59|69:104|105:114|115;35,34,44,54,64,74,84,83,82,92,91,101;27,37,36,46,56,66,76,86,96,106,107,108,98,88;85,75,65,55,45;22,32,33,43,53,63,73,72,71,81;69,68,67,57,47,48,38,28,18,17,16,26;51,50,40,30,20,10,0,1,2,3,4,14;97,87,77,78,79;58,59,49,39,29,19,9,8,7,6,5,15,25,24,23,13,12,11,21,31,41,42,52,62,61,60,70,80,90,100,110,111,112,113,114,104,94,95,105,115,116,117,118,119,109,99,89;102,103,93
10:12+B,0,10,9,,,4|5:14|15:50|60:51|61:58|68:59|69:104|105:114|115;74,64,65,55,56,57,58,59,49,39,29,19,9,8;88,89,99,109,119,118,117,116,115,105,95,94,93,103,102,101,91,81,71,72,73,63,53,43,42,41,31;86,96,106,107;54,44,45,46,47,48,38,28,18,17,7,6,5,15,25,24,14,4,3;37,36,35,34,33,23,13,12,2,1,0,10,20,30,40,50,51,52,62,61,60,70,80,90,100,110,111,112,113,114,104;92,82,83,84,85,75,76,66,67,68,69,79;16,26,27;32,22,21,11;78,77,87,97,98,108
11:13+B,0,11,8,,5:16:66:67:75:76:126:137;112,101,102,103,104,115,116,127,138,139,140,141,142,131,120,109,98,87,86,85,74,73,72,71,70,69,58,47,46,45,34,23,24,25;30,41,52;49,50,51;0,1,2,3,4;125,136,135,134,133,132,121,110,99,88,77,78,79,68,57,56,55,44,33,22,11,12,13,14,15,26,27,38,39,40,29,18,19,20,31,42,53;80,81,82,83,84,95,96,107,118;28,17,6,7,8,9,10,21,32,43,54,65,64,63,62,61,60,59,48,37,36,35;114,113,124,123,122,111,100,89,90,91,92,93,94,105,106,117,128,129,130,119,108,97
11:13+B,0,12,8,,5:16:66:67:75:76:126:137;19,20,31,42,53;12,23,24,35,46,47,58,59,60,71,82,81,92,91,90,89,100,111,122,123,124,113;13,14,25,36,37,48,49,50,61,72,83,94,93,104,103,102,101,112;70,69,80,79,78,77,88,99,110,121,132,133,134,135,136,125,114,115,116,117,128,129,130,119,108,97,96,95,84,73,62,51,52,41,30,29,18;40,39,38;118,107,106,105;68,57,56,55,44;45,34,33,22,11,0,1,2,3,4,15,26,27,28,17,6,7,8,9,10,21,32,43,54,65,64,63,74,85,86,87,98,109,120,131,142,141,140,139,138,127
11:13+B,0,13,8,,5:16:66:67:75:76:126:137;25,14,13,12,23,34,45,46,47,58,59,70,71,72,83,84;125,136,135,134,133,132,121,110,99,88,77,78,79;118,107,106,105,104,103,92;127,138,139,140,141,142,131,120,109,98,87,86,85,74,73,62,61,60,49,48,37,36,35,24;112,101,102,91;90,89,100,111,122,123,124,113,114,115,116,117,128,129,130,119,108,97,96,95,94,93,82,81,80,69,68,57,56,55,44,33,22,11,0,1,2,3,4,15,26,27,38,39,50,51,52,41,30;40,29,28,17,6,7,8,9,10,21,32,43,54,65;63,64,53,42,31,20,19,18
11:13+B,0,14,8,,5:16:66:67:75:76:126:137;127,138,139,140,141,142,131,120,109,98,87,86,85,74,63,64,53,42,31,20,19,18,29,40,39,38,37,48,59,70;117,128,129,130,119,108,97,96,95,84,73,62;61,72,83,94,93,104,103,102;15,4,3,2,1,0,11,22,33,44,55,56;77,88,99,110,121,132,133,134,135,124,113,112,101,90,91,92,81,82,71,60,49,50,51,52,41,30;123,122,111,100,89,78,79,80,69,58,47,36,35,24;136,125,114,115,116,105,106,107,118;68,57,46,45,34,23,12,13,14,25,26,27,28,17,6,7,8,9,10,21,32,43,54,65
11:13+B,0,15,8,,5:16:66:67:75:76:126:137;30,41,40,39,38,49,60,71;109,108,97,96,95,84,83,82;107,118,119,120;62,63,64,65,54,43,32,21,10,9,8,7,6,17,28,27,26,15,4,3,2,1,0,11,22,33,44,55,56,57,68,79,78,77,88,99,110,121,132,133,134,135,136,125,114;112,101,90,91,80,69,58,47,46,45,34,23,12,13,14,25;98,87,86,85,74,73,72,61,50,51,52,53,42,31,20,19,18,29;131,130,129,128,117,106,105,94,93,92,81,70,59,48,37,36,35,24;142,141,140,139,138,127,116,115,104,103,102,113,124,123,122,111,100,89
11:13+B,0,16,10,,5:16:66:67:75:76:126:137;42,53,52,51,62,73,84,85,86,87,98,109,120,131,142,141,140,139,138,127;74,63,64,65,54,43;101,112,123;32,21,20,19,18,29,40,39,50,61,72,83,94,95,96,107,118,117,116,115,114,125,136,135,134,133,132,121,110,99,88,77,78,79,68,57,56,45,34,23,12;13,14,25,36,37,48,59,70,81,92,103,102,113,124;128,129,130,119,108,97;41,30,31;38,49,60,71,82,93,104,105,106;24,35,46,47,58,69,80,91,90,89,100,111,122;10,9,8,7,6,17,28,27,26,15,4,3,2,1,0,11,22,33,44,55
11:13+B,0,17,9,,5:16:66:67:75:76:126:137;30,29,28,17,6,7,8,9,10,21,32,43,54,65,64,63,74,85,86,87,98,109,120,131,142,141,140,139,138,127,116;132,133,134,135,136,125,114,103,92,93,94,83,72,61,50,39,40,41;18,19,20,31,42,53,52,51,62,73,84,95,96,107,118;37,48,59,70,69,68,79,90,89,100,111,112,113,124;101,102,91,80,81,82,71,60,49,38,27,26,15,4,3,2,1,0,11,22,23,24,35,46,45,56;97,108,119,130,129,128,117,106,105,104,115;12,13,14,25,36,47,58,57;78,77,88,99,110,121,122,123;55,44,33,34
11:13+B,0,18,9,,5:16:66:67:75:76:126:137;112,101,102,103,104,115,116,127,138,139,140,141,142;119,118,107;62,63,52,41,30;65,64,53,42,31,20,19,18,29,40,51,50,49,48,37,36,35,24,23,12;114,113,124,123,122,111,100,89,90,91,92,93,94,105,106,117,128,129,130,131,120,109,98,87,86,85,74,73,72,71,70,69,68,57,56,55,44;125,136,135,134,133,132,121,110,99,88,77,78,79,80,81,82,83,84,95,96,97,108;39,28,17,6,7,8,9,10,21,32,43,54;15,4,3;61,60,59,58,47,46,45,34,33,22,11,0,1,2,13,14,25,26,27,38
11:13+B,0,19,9,,5:16:66:67:75:76:126:137;35,24,23,12;97,108,119,130,129,128,117,106,105,94,93,82,71,70,59,48,37,26,15,4,3;53,52,51,62,73;102,91,90,89,100,111,122,123,124,135,136;118,107,96,95,84,83,72,61,60,49,38,27,28,17,6,7,8,9,10,21,32,31;50,39,40,29,18,19,20;30,41,42,43,54,65,64,63,74,85,86,87,98,109,120,131,142,141,140,139,138,127,116,115,104,103,92,81,80,69,58,47,36,25,14,13,2,1,0,11,22,33,44,55,56;134,133,132,121,110,99,88,77,78,79,68,57,46,45,34;125,114,113,112,101
11:13+B,0,20,9,,5:16:66:67:75:76:126:137;58,57,56,55,44,33,22,11,0,1,2,3,4,15,26,27,28,17,6,7,8,9,10,21,32,43,54,65;24,23,34,45;104,105,116,127,138,139,140,141,142,131,120,109,98,87,86;77,88,99,110,121,132,133,134,135,136,125,114,115;117,128,129,130,119,108,97,96,85,74,63,64,53,42,31,20,19,18,29,40,39,38,37;30,41,52,51,50,61,72,83,94,93,92,103,102,113,124,123,122,111,100,89,78,79,68,69,70,59,48,47;46,35,36,25,14,13,12;118,107,106,95,84,73,62;49,60,71,82,81,80,91,90,101,112
12:14+B,0,21,10,,,5|6:17|18:29|30:72|84:73|85:74|86:81|93:82|94:83|95:137|138:149|150:161|162;156,157,158,159,160,161,149,137,125,113,101,100,99,98,97,109,121,122;132,144,145,146,147,148,136,124,112,111,110;70,69,57,45;72,60,48,36,24,12,0,1,2,3,4,5,17,29,41,42,30,18,6,7,8,9,10,11;106,118,130,142,141,140,128,116,104,92,80,81,82,83,71,59,47,35,23,22,21,20,19,31,43,55,54,53,52,40,28,16,15,14,13,25,37,49,61,73;129,117,105,93,94;154,153,152,151,139,127,115,103,91,79,78,77,76,75,74,62,50,38,26,27;95,107,119,131,143,155,167,166,165,164,163,162,150,138,126,114,102,90,89,88,87,86,85,84,96,108,120;39,51,63,64,65,66,67,68,56,44,32,33,34,46,58;133,134,135,123
12:14+B,0,22,10,,,5|6:17|18:29|30:72|84:73|85:74|86:81|93:82|94:83|95:137|138:149|150:161|162;50,51,39,40;24,12,0,1,2,3,4,16,28,27,26,38,37,49,61,62,63,64,76,88,100,99,98,97,109,121,133,145,146,147,148;128,127,139,138;15,14,13,25;31,19,20,21,22;45,57,56,55,54,66,78,90,102,114,126,125,124,123;5,17,29,41,42,43,44,32,33,34,46,58,70,69,68,67,79,91,103,104,105,106,118,130,142,154,153,165,164,163;115,116,117,129,141,140,152,151,150,162;36,48,60,72,73,74,75,87,86,85,84,96,108,120,132,144,156,157,158,159,160,161,149,137,136,135,134,122,110,111,112,113,101,89,77,65,53,52;166,167,155,143,131,119,107,95,94,93,92,80,81,82,83,71,59,47,35,23,11,10,9,8,7,6,18,30
12:14+B,0,23,11,,,5|6:17|18:29|30:72|84:73|85:74|86:81|93:82|94:83|95:137|138:149|150:161|162;17,16,15,14,26,38,50,51,52,40;39,27,28,29,41,42,30,18,6,7,8,9,10,11,23,35,47,59,71,83,82,81,80,92,104,105,106,107,119,131,143,155,167,166,165,164,163;123,124,125,126,114,102,90,78,66,67,68,69,70,58,46,34,22,21;162,150,151,152,140;147,146,145,133,121,109,97,98,99,100,88,76,64,63,62,61,49,37,25,13;32,33,45,57,56,55,54,53,65,77,89,101,113,112,111,110,122,134,135,136,137,149,161;138,139,127,128,129,141,153,154;95,94,93;44,43,31,19,20;148,160,159,158,157,156,144,132,120,108,96,84,85,86,87,75,74,73,72,60,48,36,24,12,0,1,2,3,4,5;79,91,103,115,116,117,118,130,142
12:14+B,0,24,11,,,5|6:17|18:29|30:72|84:73|85:74|86:81|93:82|94:83|95:137|138:149|150:161|162;146,145,133,121,109,97,98,99,100,101,102;151,152,153,154,142,130,118,106,105,104,103,91,90,78,66,54,53,52,40,28,16,15,14,13;76,75,74,73,72,60;68,69,70,58;160,161,149,137,125,126,127,128;31,19,20,21,22,34,46,45,57,56,55,67,79;135,134,122,110,111,112,113,114,115,116,117,129,141,140,139,138,150,162,163,164,165,166,167,155,143,131,119,107,95,94,93,92,80,81,82,83,71,59,47,35,23,11,10,9,8,7,6,18,30;48,49,61,62,63;36,37,38,50;64,65,77,89,88,87,86,85,84,96,108,120,132,144,156,157,158,159,147,148,136,124,123;51,39,27,26,25,24,12,0,1,2,3,4,5,17,29,41,42,43,44,32,33
12:14+B,0,25,10,,,5|6:17|18:29|30:72|84:73|85:74|86:81|93:82|94:83|95:137|138:149|150:161|162;85,84,96,108,120,132,144,156,157,158,159,160,148,136,135,134,122,110,111,99,100,88,76,64,52,53,54,55,43,44,32;72,73,61,49,37,25,13,14,15,16,28,40,39,51,63,75,87,86,98,97,109,121,133,145,146,147;140,141,129,117,105,93,92,80,68,69,70,58,46,34,22,21,20,19,31,30,42,41,29,17,5,4,3,2,1,0,12,24,36,48,60;81,82,83,71,59,47,35,23,11,10,9,8,7,6,18;78,90,102,114;33,45,57,56;27,26,38,50,62,74;123,124,112,113,101,89,77,65,66,67,79,91,103,115,127,139,151,152,153,154,142,130,118,106,94;95,107,119,131,143,155,167,166,165,164,163,162,150,138,126,125,137,149,161;104,116,128
12:14+B,0,26,11,,,5|6:17|18:29|30:72|84:73|85:74|86:81|93:82|94:83|95:137|138:149|150:161|162;28,40,39,38,37,49,61,62,63,64,76,77,89,101,102;26,27,15,16,17,29,41,42,54,55,56,57,45;140,141,129,117,105,93,92,80,81,82,83,71,59,47,35,23,11,10,9,8,7,6,18,30;44,32,33;25,13,14;135,134,122,110,98,86;94,95,107,119,131,143,155,167,166,165,164,163,162,150,138,126,114,115,103,91,79,67,68,69,70,58,46,34,22,21,20,19,31,43;104,116,128,127,139,151,152,153,154,142,130,118,106;97,109,121,133,145,146,147,148,136,124,123,111,99;85,84,96,108,120,132,144,156,157,158,159,160,161,149,137,125,113,112,100,88,87,75,74,73,72,60,48,36,24,12,0,1,2,3,4,5;50,51,52,53,65,66,78,90
12:14+B,0,27,10,,,5|6:17|18:29|30:72|84:73|85:74|86:81|93:82|94:83|95:137|138:149|150:161|162;136,148,160,159,158,157,156,144,132,120,108,96,84,85,86,87,75,74,73,72,60,48,36,24,12,0,1,2,3;32,33,45,46,47,35,23,11,10,9,8,7,6,18,30,42,54,53,52,51,50,38,26,27,28;161,149,137,125,124,123,135,147,146,145,133,121,109,97,98,99,100,88,76,64,63,62,61,49,37,25,13,14,15,16,4;39,40,41,29,17,5;116,128,127,126,138,150,151,152,153,154,142,130,118,106,94,93,92;70,69,68,56,44;139,140,141,129,117,105,104,103,91,79,80,81,82,83,71,59,58,57;134,122,110,111,112,113,101,89,77,65,66,67,55,43,31,19,20,21,22,34;115,114,102,90,78;95,107,119,131,143,155,167,166,165,164,163,162
12:14+B,0,28,9,,,5|6:17|18:29|30:72|84:73|85:74|86:81|93:82|94:83|95:137|138:149|150:161|162;44,43,31,19;141,140,128,116,104,92,80,81,82,83,71,59,47,35,23,11,10;134,135,123,111;27,39,51,63,64,65,66,78,90,102,114,113,112,124,136,148,147,146,145,133,121,122,110;8,20,32,33,45,57,56,55,54,53,52,40,28,16,15,14,26,38,50,62,61;106,118,119,131,143,155,167,166,165,164,163,162,150,138,126,125,137,149,161,160,159,158,157,156,144,132,120,108,96,84,85,86,87,88;107,95,94,93,105,117,129,130,142,154,153,152,151,139,127,115,103,91,79,67,68,69,70,58,46,34,22,21,9;0,12,24,36,48,60,72,73,74,75,76,77,89,101,100,99,98,97,109;7,6,18,30,42,41,29,17,5,4,3,2,1,13,25,37,49
12:14+B,0,29,11,,,5|6:17|18:29|30:72|84:73|85:74|86:81|93:82|94:83|95:137|138:149|150:161|162;33,45,46,58,70,69,68,67,79,78,77,76,75,74,73,72,60,48,36,24,12,0,1,2;150,138,126,125,124,136,148,147,146,145,133,121,122,110,98,99,100,101,102,103,104,105,106,118,130,142,141,140,152,164,165,166,167;93,94,95,107,119,131,143,155,154,153;84,96,108,120,132,144,156,157,158,159,160,161,149,137;117,116,115,114,113,112,111,123,135,134;109,97,85,86,87,88,89,90,91,92,80,81,82,83,71,59,47,35,34,22,21,20,19,31,43,55,54,66,65,64,63,62,61,49,37,25,13,14;3,4,5,17,29,41,53,52,51,50,38,26,27;32,44,56,57;162,163,151,139,127,128,129;42,30,18,6,7,8,9,10,11,23;15,16,28,40,39
12:14+B,0,30,10,,,5|6:17|18:29|30:72|84:73|85:74|86:81|93:82|94:83|95:137|138:149|150:161|162;11,10,9,8,7,6,18;23,22,21,20,32,44,43,55,54,66,78,90,102,101,100,88,76,64,63,62,61,49,37,25,13,14,15,16;156,157,158,159,160,161,149,137,125,126,127,128,116,104,105,106,118,130,142,154,153,152,151;51,50,38,26,27,28,29,17,5,4,3,2,1,0,12,24,36,48,60,72,73,74,75,87,99,111;39,40,52;117,129,141,140,139,138,150,162,163;19,31,30,42,41,53,65,77,89;46,58,70,69,68,67,79,91,103,115,114,113,112,124,136,135,134,133,121,109,97;148,147,146,145,144,132,120,108,96,84,85,86,98,110,122,123;164,165,166,167,155,143,131,119,107,95,94,93,92,80,81,82,83,71,59,47,35,34,33,45,57,56
