13,0,1,11;127,126,125,124,137,136,135,134,133,132,119,106,93,80,67,54,53,52,39,26,13,0;111,112,113,114,101,88,75,76,77,64,51,50,37,36,35,34,21,8,9,10,11,12;38,25,24,23,22;78,91,104,117,130,143,156,157,158,159,160,161,162,163,164,165,152,153,154,141,128,115,102;55,68,81,94,107,120,121,122,123,110,97,98,85,72,71,70,57,44,31,30,29;61,74,87,100;166,167,168,155,142,129,116,103,90,89;108,95,82,69,56,43,42,41,40,27,14,1,2,3,4,5,6,7,20,33,46,47,48,49,62,63;65,66,79,92,105,118,131,144,145,146,147,148,149,150,151,138,139,140;28,15,16,17,18,19,32,45,58,59,60,73,86,99;109,96,83,84
13,0,2,14;85,86,87,88,75,62,49,36,23;42,43,44,45,58;81,68,55,56;83,84,71,72,59,46,33,20,19,18,17,16,15,14,27,40,53,66;108,107,120;57,70,69,82,95,94,93,106,119,132,133,146,147,148,149,150,151,152,153,154,141,142;12,11,10,9,22,35,48,61;103,116,129,128,127,140,139,138,137,124,111,98,97,96,109,122,121;155,168,167,166,165,164,163,162,161,160,159,158,145,144,131,118,105,92,79,80,67,54,41,28,29,30,31,32;157,156,143,130,117,104,91,78,65,52,39,26,13,0,1,2,3,4,5,6,7,8,21,34,47,60,73,74;37,50,63,76,89,102,115,114,113,126;110,123,136,135,134;24,25,38,51,64,77,90;125,112,99,100,101
13,0,3,12;168,155,142,129,116,103,90,77,76,63,50,37,24,11,10,9,22,35;57,56,69;156,157,144;31,32,33,46,59,72,85,84,97,110,109,108;125,124,111,98;159,158,145,132,131,130,143;8,7,6,5,4,3,16,15,28,41,54,67,80,93;48,61,74,87,100,101,114,127,140,153,152,151,150,149,148,135,134,121;122,123,136,137,138,139,126,113,112,99,86,73,60,47,34,21,20,19,18,17,30,29,42,55,68,81,82;23,36,49,62,75,88,89,102,115,128,141,154,167,166,165,164,163,162,161,160,147,146,133,120,119,118,117,104,91,78,65,52,39,26,13,0,1,2;12,25,38,51,64;43,44,45,58,71,70,83,96,95,94,107,106,105,92,79,66,53,40,27,14
13,0,4,14;159,160,161,162,163,164,165,166,167,168,155,142,129,116,103,90,77,64,51,38,25,12,11,10,9,8,21,34,47,46,59,58,71,84,83,82,81,80;119,118,117,130,143,156,157,158,145,146,147,134,121;20,19,18,31,30,43,56,55,54,53,40,27;144,131,132,133,120,107,108;136,137,138,139,140,127,114;36,35,48,61,74,87,86,85,98,97,96,95,94,93,92,79,66,67,68,69,70,57,44,45,32,33;60,73,72;42,41,28,15,14;106,105,104,91,78,65,52,39,26,13,0,1,2,3,16,29;7,6,5,4,17;50,63,76,89,102,115,128,141,154,153,152,151,150,149,148,135,122,109;37,24,23,22;49,62,75,88,101,100,113,126,125,124;99,112,111,110,123
13,0,5,11;96,83,70,57,44,43,42;22,35,48,61,74,87,100,113,126,125;149,150,151,152,153,154,141,128,115,102,89,76,63,50,37,24,11,10,9,8,7,20,33,46,59,72,85,84;109,110,97,98,99,86,73,60,47,34,21;67,68,81,94,93,92,91,78,65,52,39,26,13,0,1,2,3;146,147,148,135,136,137,138,139,140,127,114,101,88,75,62,49,36,23;145,132,133,134,121,122,123,124,111,112;12,25,38,51,64,77,90,103,116,129,142,155,168,167,166,165,164,163,162,161,160,159,158,157,144,131,118,119,120,107,108,95,82,69,56,55;156,143,130,117,104,105,106;80,79,66,53,54,41,28,29,30,31,18;71,58,45,32,19,6,5,4,17,16,15,14,27,40
13,0,6,11;129,142,141,140,139,126;155,154,153,152,151,164;1,0,13,26,39,52,65,78,91,104,117,130,143,156,157,158,159,160,161,162,163,150,137,136,123,110,97,84,71;99,112,113,114,127;88,75,62,49,36,35,34,33,32,31,30,43,56,69,82,95,108,121,134,147,146,145,144,131,118,105,92,79,66,53,40,27,14;120,107,94,81,68,55,42,29,16,17,18,19,20,21,22,23,24,37,50,63,76,89,102,101,100,87,86,85,72;168,167,166,165;128,115,116,103,90,77,64,51,38,25,12,11,10,9,8,7,6,5,4,3,2,15,28,41,54,67,80,93,106,119,132,133;149,148,135,122,109,96,83,70,57,44,45,46,47,48,61;58,59,60,73,74;138,125,124,111,98
13,0,7,13;92,79,66,53,40,27,14,15,16,17,18,19,20,7,8;117,118,119,120,107,108,95,96,83,70,71,72,85,98,111,112;144,145,146,147,148;25,24,23,22,21,34,47,46,45;50,63,76,89,102,115,128,141,154,153,152,151,150,149,136,135,134,133,132,131,130,143,156,157,158,159,160,161;109,122,121;33,32,31,44,57,56,69,82,81,94;49,62,75,88,101,114,127,140,139,138,137,124,123,110,97,84;58,59,60,73,86,99,100,113,126,125;43,42,55,68;30,29,28,41,54,67,80,93,106,105,104,91,78,65,52,39,26,13,0,1,2,3,4,5,6;9,10,11,12;162,163,164,165,166,167,168,155,142,129,116,103,90,77,64,51,38,37,36,35,48,61,74,87
13,0,8,15;40,27,14,1,2,3,4,5,6,7,8,9,10,11,12,25,38,51,64,77,90,103,116,129,142,155,168,167,166,165,164,163,162;145,132,119;29,42,55,68,69,70,57,44,31,18,17;56,43,30;139,140,127,114,101,88,75,62,49;99,112,125,138,151;152,153,154,141,128,115,102,89,76,63,50,37,24,23,22,21,20,19,32,45,58,71,84,83,82,81;86,73,60;121,134,147,160,161;79,78,65,52,39,26,13,0;92,91,104,117,130,143,156,157,158,159,146,133,120;36,35,34,33;16,15,28,41,54,53,66;136,123,110,97,96,95,94,93,80,67;126,113,100,87,74,61,48,47,46,59,72,85,98,111,124,137,150,149,148,135,122,109,108,107,106,105,118,131,144
13,0,9,13;14,27,40,53,66,67,68,81,94,107,120,121,122,109,96,83,70,71,72,85;98,111,124,123;45,32,31,30;34,21,8,7,6,5;79,92,105,118,131,144,145,146,147,148,149,150,151,152,153,154,141,128,127;10,23,24,37,50,63,76,89,102,115,114,113,112,125,138,137,136,135,134,133,132,119,106,93,80;15,2,1,0,13,26,39,52,65,78,91,104,117,130,143,156,157,158,159,160,161,162,163,164,165,166,167,168,155,142,129,116,103,90,77,64,51,38,25,12,11;3,16,29,42,43,44,57,58,59,60,73,86,99,100,101,88,75,62,49,36;35,22,9;140,139,126;108,95,82,69,56,55,54,41,28;84,97,110;87,74,61,48,47,46,33,20,19,18,17,4
13,0,10,13;81,80,93,92,105,118,131,144,145,146;119,106,107,94,95,96,97,98,99,100,101,102,103,116,129,142,155,168,167,166,165,164,163,162;75,88,89,90;40,53,54,55,56,57;24,37,50;59,58,45,44,43,42,41,28;79,66,67,68,69,70,71,72,73,60,47,46;132,133,120,121,122,123,124,125;13,0,1,2,3,4,5,6,7,8,9,10,11,12,25,38,51,64,77,76;82,83,84,85,86,87,74,61,48,35,34,33,32,31,30,29;147,134,135,136,137,138,139,140;127,126,113,112,111,110,109,108;114,115,128,141,154,153,152,151,150,149,148,161,160,159,158,157,156,143,130,117,104,91,78,65,52,39,26,27,14,15,16,17,18,19,20,21,22,23,36,49,62,63
13,0,11,14;10,23,22,21,20,19,18,17,16,15,14,27,40,53,66,79,92,91,104,117,130,143,156,157,158,159,160,161,162,163,164,165,166,167,168,155,142;12,11,24,37,36,35;102,115,114;50,49,48,47,34;78,65,52,39,26,13,0,1,2,3,4,5,6,7,8,9;43,44,57,70,83,96,109,122,135;25,38,51,64,63,62,61,74,87,86,99,112,125,138,139,140;154,153,152,151,150,137,124,111,98,97,84,71,58,45;77,76,75,88,101,100,113,126,127;80,93,106,105,118,131,144,145,146,147,148,149,136,123,110;28,41,54,67,68,81,94,107,120,119;60,73,72,85;132,133,134,121,108,95,82,69,56,55,42,29,30,31,32,33,46,59;141,128,129,116,103,90,89
13,0,12,13;29,16,17,18,19,20,21,22,23,24,37,50,63,76,89,102,101,114,113,112,111,98,85,84,83,82,81,80,79,78,65;106,107,108,109;74,87,100;156,157,158,159;136,137,138,139,152,153,154,141,128,115,116,103,90,77,64,51,38,25,12,11,10,9,8,7,6,5,4,3,2,1,0;119,120,121,122;134,133,132,131,118,105;88,75,62,49,36,35,34,33,32,31,30,43,42,41,40,27;163,162,161,160,147,146,145,144,143,130,117,104,91,92,93,94,95,96,97,110,123,124,125,126,127,140;28,15,14,13,26,39,52,53,54,55,56,57,44,45,46,47,48;66,67,68,69,70,71,58,59,60,61;99,86,73,72;135,148,149,150,151,164,165,166,167,168,155,142,129
13,0,13,13;123,122,109,96,83;75,62,49,36;0,13,26,39,52,65,78,91,104,105;116,129,142,155,154,153,152,151,150,149,148,135;28,15,2,3,4,5,6,7,8,9,10,11,12,25,38,51,64,77,90,103,102,115,128,141,140,139,138,137,136;55,68,81,94,107,120,133,132,131,144;57,44,31,32,33,34,35,48,61,74,73,86,99,98;82,95,108,121,134,147,146,145;110,97,84,85,72,59,60,47;168,167,166,165,164,163,162,161,160,159,158,157,156,143,130,117,118,119,106,93,92,79,66,53,40,27,14,1;111,124,125,126,127,114,101,88,89,76,63,50,37,24,23,22,21,20,19,18,17,30,43,56,69,70,71,58,45,46;80,67,54,41,42,29,16;112,113,100,87
13,0,14,10;114,115,102,89,76,63,50,37,24,23,22,21,20;14,15,28,29,30,43,56,57,70,71,72,85,98,97,110,123,136,135,148,161,162,163,164,165,166,167,168,155,142,141,140,139;17,18,31,44,45,58,59,60,73;16,3,2,1,0,13,26,27,40,53,66,79,92,93,106,119,132;149,150,137,124,111,112,99,86,87,74,61,48,47,46,33,32,19,6,5,4;84,83,96,109,122;41,42,55,68,69,82,95,108,121,134,147,160,159,158,157,156,143,130,117;154,153,152,151,138,125,126,113,100,101,88,75,62,49,36,35,34;127,128,129,116,103,90,77,64,51,38,25,12,11,10,9,8,7;54,67,80,81,94,107,120,133,146,145,144,131,118,105,104,91,78,65,52,39
13,0,15,12;168,155,154,141,128,115,114,101,88,75,62,49,36,35,34,33,32,31,44,57,56,69,68,81,94,107,106,105,92,79,66,53,40,41,28,29,16;58,59,60,73,86,85,84,97,96,109,122,123,124,137,138,139;3,2,15,14,27;156,157,144,131,118,119,120,121,108,95,82,83,70,71,72;93,80,67,54,55,42,43,30;112,113,100,87,74,61,48,47,46,45;146,147,148,149,150,151,152,153,140,127,126,125;143,130,117,104,91,78,65,52,39,26,13,0,1;167,166,165,164,163,162,161,160,159,158,145,132,133,134,135,136;90,77,64,51,38,25,12,11,10,9,8,7,6,5,4,17;110,111,98,99;18,19,20,21,22,23,24,37,50,63,76,89,102,103,116,129,142
13,0,16,13;80,81,94,95,96,97;98,99,100,87,74,61,48,47,46;65,52,53,54,55,56,57,70,71,72;131,118,105,106,107,108,109,110,111,112,113,114,101,88,75,62,49,36,35,34,33,32,19,18,17,16,15,14;156,157,158,159,160,147,148,135,136,137,138,139,140,141;161,162,149,150,151,152,153,154;27,28,29,30,31;2,3,4,5,6,7,20,21,22,23,24,37,50,63,76,89,102,115,128,127,126,125,124,123,122,121,120,119,132,145,144;134,133,146;1,0,13,26,39,40,41,42,43,44,45,58,59,60,73,86;93,92,91,104,117,130,143;8,9,10,11,12,25,38,51,64,77,90,103,116,129,142,155,168,167,166,165,164,163;85,84,83,82,69,68,67,66,79,78
13,0,17,13;154,167,166,165,164,163,162,161,160,159,158,157,156,143,130,117,118,119,120;115,128,141,140,153,152,151,150,149,148,147,146,145;144,131,132,133,134,121,108,95,96,97,84;168,155,142,129,116,103,102,101,114,127,126,139,138,137,136,135,122,109;123,110,111,98,99,100;61,74,87,86,85,72,71,70,83;6,5,4,3,2,1,0,13,26,39,52,65,78,91,92,93,80,67,68,55,42,43,44,45,46,47,48,35,36,37;54,41,28,29,30;124,125,112,113;64,77,90,89,88,75,62,49;79,66,53,40,27,14,15,16,17,18,19,20,7,8,9,10,11,12,25,38,51,50,63,76;73,60,59,58,57,56,69,82,81,94,107,106,105,104;31,32,33,34,21,22,23,24
13,0,18,15;85,86,73,74,75,62,49;22,21,34,33,32,31,44,43,42,55,54,53,66,79,80,93,106,107,120,133,134,135,136,137,138,139,152;56,57,58,45,46,47,48,35,36,23,24,25,38,51,64,77,90,103,116,129,142,155,168,167,166,165,164,163,162,161,160,159,158,157,156,143,130,117,104;27,28,29,30;12,11,10,9,8,7,20,19,18,17,16,15,14;37,50,63,76,89,88,87,100,99,98;154,153,140,127,126,125,112,111,110,97,84;141,128,115,102;151,150,149,148,147,146,145,144,131;69,70,71,72,59,60,61;124,123,122,121,108,95,94,81,68,67;82,83,96,109;6,5,4,3,2,1,0,13,26,39,40,41;52,65,78,91,92,105,118,119,132;113,114,101
13,0,19,14;122,123,124,125,126;144,131,132,133;85,72,71;130,143,156,157,158,145,146;159,160,147,134,121,120,119,118,117,104,91,78,65,52,39,26,13,0,1,2,3,4,17;69,56,43,30,29,16,15,14,27,40,53,66,79,92,105,106,107,108;73,60,59,58;28,41,54,67,80,93,94;18,31,44,57,70,83,84,97,98,99,86,87,74,61,48,35,36;34,21,22,23,24,37,50,63,76,89,102,115,128,141,154,153,152,151,150,149,162;100,101,88,75,62,49;161,148,135,136,137,138,139,140,127,114,113,112,111,110,109,96,95,82,81,68,55,42;33,20,7,8,9,10,11,12,25,38,51,64,77,90,103,116,129,142,155,168,167,166,165,164,163;47,46,45,32,19,6,5
13,0,20,12;98,85,72,59,58;135,122,109,110,111,124,137,150,151,152,153,154,141,128,115,102,89,76,63,50,37,24,23,22,21,20,19,18,17,16,3;26,39,52,65,78,91,104,117,130,143,156,157,158,159,160,161,148;120,107,94,81,82,83,70,57,44,43,42,55,54,53,66,79,92;60,73,86,99,112,125,138,139,140,127,114,101,88,75,62,49,36,35,34,33;56,69,68,67,80,93;41,40,27,14;126,113,100,87,74,61,48,47,46,45,32;4,5,6,7,8,9,10,11,12,25,38,51,64,77,90,103,116,129,142,155,168,167,166,165,164,163,162,149,136,123;106,105,118,131,144,145,146,147;71,84,97,96,95,108,121,134,133,132,119;31,30,29,28,15,2,1,0,13
13,0,21,14;145,158,159,160,161,162,149,136,137,138,139,140;34,35,22,23,24,37,50,63,62,75,88,101,102,103,90;105,106,107;97,84,71,58,45,44,43,56,69,82,95;59,72,85,98,111,110,109,108,121,134,133,132,131,144,157,156;27,40,53,66;36,49,48,61,74,87,100;120,119,118;164,165,166,167,168,155,142,129,116,115,114,113,112,99,86,73,60,47,46,33,32,31,30,29,42,55,68,81,94,93,92,91,104,117,130,143;14,15,16,17,18,19;20,7,6,5,4,3,2,1,0,13,26,39,52,65,78,79,80,67,54,41,28;146,147,148,135,122,123,124,125,126,127,128,141,154,153,152,151,150,163;96,83,70,57;21,8,9,10,11,12,25,38,51,64,77,76,89
13,0,22,14;115,102,101,100,113,126,139,152,151,150,163;114,127,140;164,165,166,167,168,155,142,129,116,103,90,89,88,87,86,99,112,125;49,48,47,46,45,44,57,70,83;156,157,158,159,160,161,162;56,43,30,31,32,33,34,35,36;122,135,134,133,132,131,118,105;96,109,108,107,94,81,80,67,66,53,40,27,14,1;104,117,130,143,144,145,146,147,148,149,136,123,110,97,84,71,58,59,60,61,62,63,50,37,24,23,22,21,20,19,18,17,16,29,42;153,154,141,128;0,13,26,39;121,120,119,106,93,92,79;138,137,124,111,98,85,72,73,74,75,76,77,64,51,38,25,12,11,10,9,8,7,6,5,4,3,2,15,28,41,54,55,68,69,82,95;52,65,78,91
13,0,23,12;27,40,53,66,79,80,81,82;155,168,167,166,165,164,163,162,161,160,159,146,133,132,119;145,158,157,156,143,130,117,104,91,78,65,52,39,26,13,0,1,2,3,16,29,42,55,56,57,44,45,32,33,34,35,36,37,50,63,62,61,60,73,72,71;116,129,142,141,140,139,138,125,112,113,114,101,88,89,76;24,23,22,21,20,19,18,31;49,48,47,46,59,58;14,15,28,41,54,67,68,69,70,83,96;106,107,120,121,122,123,110,97,84,85,86,87,74,75;135,136,137,124,111,98,99,100;134,147,148,149,150,151,152,153,154;126,127,128,115,102,103,90,77,64,51,38,25,12,11,10,9,8,7,6,5,4,17,30,43;144,131,118,105,92,93,94,95,108,109
13,0,24,13;122,121,120,119,118;109,96,97,84,85,86,87,74,61,48,47,46,45,44,43,42,55,54,67,66,79,92,105;131,132,133,134;72,71,70,83,82,95,94;144,145,146,147,148,135;141,154,153,152,151,138;27,14,15,16,17,18,19,20,21,22,23,24,37,50,63,76;39,26,13,0,1,2,3,4,5,6,7,8,9,10,11,12,25,38,51,64,77,90,103,116,115,114,101,100,99,98,111;108,107,106,93,80,81,68,69,56,57,58,59,60,73;110,123,136,149,162,161,160,159,158,157,156,143,130,117;140,127,128,129,142,155,168,167,166,165,164,163,150,137,124,125;102,89,88,75,62,49,36,35,34,33,32,31,30,29,28,41,40,53,52,65,78,91,104;139,126,113,112
13,0,25,11;43,44,31,32,33,34,35,36,37,50,63,76,77,90,103,116,129,142;45,46,47,48,49,62;121,120,133,146,159,158,157,156,143,130,117,104,91,78,65,52,39,26,13,0,1,2;80,79,66,53,40,27,14;135,134,147,160,161;24,23,22,21,20,19,18,17,30,29,42,55,56,57,58,59,60,61,74,75,88,89,102,115,128,141,140,139,126,113,112,99,98,85,84;155,168,167,166,165,164,163,162,149,148;83,96,97,110,111,124,125,138;81,68,67,54,41,28,15,16,3,4,5,6,7,8,9,10,11,12,25,38,51,64;144,131,118,105,92,93,94,95,82,69,70,71,72,73,86,87,100,101,114,127;154,153,152,151,150,137,136,123,122,109,108,107,106,119,132,145
13,0,26,10;51,64,77,90,103,116,129,142,155,168,167,166,165,164,163,162,161,160,159,158,157,156,143,130,117,104,91,78,65,52,39,26,13,14,15,16,29;11,10,9,22,35,48,61,74,87,100,99,112,111,110,109,108,95,82,83,84,71,58,45,32,19,18,17,30;49,36,23,24,25,12;72,59,46,33,20;0,1,2,3,4,5,6,7,8,21,34,47,60,73,86,85,98,97,96;43,56,55,54,53,40,27;38,37,50,63,62,75,88,101,114,113,126,125,124,123,122,121,120,107,94,81,68,69,70,57,44,31;66,67,80,93,106,119,132,133,134,135,136,137,138,139,140,127;76,89,102,115,128,141,154,153,152,151,150,149,148,147,146,145,144,131,118,105,92,79;42,41,28
13,0,27,15;36,49,50;64,77,90,103,116,129,142,155,154,153,152,151;83,70,71,72,59,46,33,20,19,6,5;94,81,68,55,54,41,40,27,14,15,16,17,30,43,44;76,75,74,73,60,47,34,21;63,62,61,48,35,22,23,24,37,38,51;25,12,11,10,9,8,7;144,131,132;89,102,115,128,141,140,139,138,137,150,149,148,147,146,145,158,157,156,143,130,117,104,91,78,65,52,39,26,13,0,1,2,3,4;67,80,93,106,107,108,121,122,123,124,125,126,127,114,101,88,87,86,85;28,29,42;168,167,166,165,164,163,162,161,160,159;18,31,32,45,58,57,56,69,82,95,96,109,110,111,112,113,100;53,66,79,92,105,118,119,120,133,134,135,136;99,98,97,84
13,0,28,11;49,48,61,74,87,86,99,112,111,110;12,11,10,23,36,37,50,51,64,77,76,89,102,115,128,141,154,153,152,151,150,149,162,161,160,159,158,157,156,143,130,117,104,91,92,93,106,119,132,133,134;66,67,68,69,82,95,108,109,122;24,25,38;90,103,116,129,142,155,168,167,166,165,164,163;84,85,72,73,60,47,34,21,20,19,18,17,16,15,14;121,120,107,94,81,80,79,78,65,52,53,54,55,56,57,70,83,96,97,98;59,46,33,32,31,30,29,28,27,26,13,0,1,2,3,4,5,6,7,8,9,22,35;105,118,131,144,145,146,147,148,135,136,137,138,139,140,127,114;123,124,125,126,113,100,101,88,75,62,63;39,40,41,42,43,44,45,58,71
13,0,29,13;112,113,114,127,128;162,163,164,165,166,167,168,155,142,129,116,115,102,101,88,87,74,61,48,47,46,45,44,43,42,55;109,122,121,120,107,94,93,92,105;103,90,89,76,75,62,49,36,35,34,33,32,31,30,29,28,41,54,67,68,69,56,57,58,59,60,73,86,85,84,97,110,123,136,135,148,161,160,159,158,157,156,143,130;154,153,152,151,150,149;77,64,63,50,37,24,23,22,21,20,19,18,17,16,15,14,27,40,53,66,79,80,81,82,95,108;104,91,78,65,52,39,26,13,0,1,2,3,4,5,6,7,8,9,10,11,12,25,38,51;134,133,132,119,106;100,99,98;72,71,70,83,96;147,146,145,144,131,118,117;141,140,139,138,137;111,124,125,126
13,0,30,15;108,95,82,69,56;14,15,28,41,54,67,80,93,106,119,132,133,134,135,136,137,138,125,112,99,100,87;6,7,8;61,62,63,76,89;26,39,52,65,78,91,104,117,130,143,156,157,158,159,160,161,162,163,164,165,152,139,126,113,114,115,116,129,142;155,154,141,128,127;23,36,35,34,33,46,59,72,71,84,97;168,167,166,153,140;110,109,122,121,120,107,94,81,68,55,42,29,16,3,2,1,0,13;27,40,53,66,79,92,105,118,131,144,145,146,147,148,149,150,151;25,24,37,50,49,48,47,60,73,86,85,98,111,124,123;96,83,70,57,44,31,18,19,20,21,22,9,10,11,12;58,45,32;43,30,17,4,5;74,75,88,101,102,103,90,77,64,51,38
13,0,31,14;19,6,5,4,3,2,1,0,13,26,39,52,65,78,91,92;110,109,108,95;125,126,127,128,141,154,153,152,151,150,149,136,135,134,133,132,119,118;104,117,130,143,156;105,106,93,80,81,82,83,84,85,86,73,60;43,44,45,32,33,34,21,22,23;79,66,53,40,27,14,15,16,17,18;99,100,87,74,61,48,47,46,59,72,71,70,69,68,67,54,41,28,29,30,31;12,25,38,51,64,77,90,103,116,129,142,155,168,167,166,165,164,163,162,161,160,159,158,157,144,131;42,55,56,57,58;94,107,120,121,122,123,124,137,138,139,140;148,147,146,145;35,36,49,62,75,88,101,114,113,112,111,98,97,96;20,7,8,9,10,11,24,37,50,63,76,89,102,115
13,0,32,11;72,71,58,45,46,47,48,49,62,75,88,101,114,127,140,139,152,151,150,163,162,161,160,159,146,145,144,131,118,105,92,79,66,53,40;27,28,29,30,17,18,19,20,21,22,23,24;84,83,96,109;99,112,111,124,123;158,157,156,143,130,117,104,91,78,65,52,39,26,13,0,1,2,3,4,5,6,7,8,9,10,11,12,25,38,51,64,77,90,103,116,129,142,155,168,167;121,108,95,82,69,70,57;147,148,149,136,137,138,125,126,113,100,87,74,61;14,15,16;164,165,166,153,154,141,128,115,102,89,76,63,50,37,36,35,34,33,32,31,44,43,56,55,68,81,94,107,120;59,60,73,86,85,98,97,110;122,135,134,133,132,119,106,93,80,67,54,41,42
13,0,33,10;36,35,34,33,32,31,30,29,28,27;63,50,37,24,23,22,21;62,49,48,47,46,45,44,43,42,41,40,53,66,79,92,105,118,131,144,145,146,147,148,149,150,151,152,153,154,141,128,115,102,101,100,113,112,111,110,97,96;121,120,107,94,81,68,69,70,71,72;0,1,2,3,4,5,6;99,86,87,88,89,90,103,116,129,142,155,168,167,166,165,164,163,162,161,160,159,158,157,156,143,130,117,104,91,78,65,52,39,26,13,14,15,16,17,18,19,20,7,8,9,10,11,12,25;108,95,82,83,84,85,98;38,51,64,77,76,75,74,61;114,127,126,125,124,123,122,109;140,139,138,137,136,135,134,133,132,119,106,93,80,67,54,55,56,57,58,59,60,73
13,0,34,13;94,93,106;32,19,20,21,22;68,55,56,57,58,59,72,85,98,111,112,113,114,115,116,129,142,155,168,167,166,165,164,163,162,149,136,135;75,76,77,90;151,152,153,154,141,128,127,126,125,124,123,110,97,84,71,70,69;17,18,31,44,45,46,33,34,35,36,23,10,11,12,25,38,51,64,63,62,61,74,87,88,89,102,103;132,119,118,105,92,79,66,53,40,27,14,15,16,29,30;148,147,134,121,122,109,96,83;161,160,159,158,157,156,143,130,117,104,91,78,65,52,39,26,13,0,1,2,3,4,5,6,7,8,9;131,144,145,146,133,120,107,108,95,82,81,80,67,54;150,137,138,139,140;101,100,99,86,73,60,47,48,49,50,37,24;43,42,41,28
13,0,35,13;136,135,134,133,132,131,130,117,104,91,78,65,52,39,26,13,0,1,2,3,4,5,6,7,8,9,10,11,12,25,38,51,64,77,90,103,102,101;137,124,111,110,97,84,71,70;144,145,146,147,160;116,129,142,155,154,153,152,139;140,127,126,113,100,87,88,89,76,63,50;114,115,128,141;159,158,157,156,143;24,23,22,21,20,19,18,17,16,15,14,27,40,53,66,79,92,105,118,119,120,121,122,123;148,161,162,163,164,165,166,167,168;95,94,81,68,55,42,43,44,45,46,47,60;61,48,35,34,33,32,31,30,29,28,41,54,67,80,93,106;149,150,151,138,125,112,99,86,73,74,75,62,49,36,37;98,85,72,59,58,57,56,69,82,83,96,109,108,107
13,0,36,13;56,55,42;47,60,59,58,57,70,83,84,97,98;104,117,130,143,156,157,158,159,160,161,162,149,136,135,122,121,120,107,94,81,68;51,38,37,36,49,62,75,76,89,102,115,128,141,154,153,152,139,126,113,100,99,86,85;96,109,110,123,124,137,150,163,164,165,166,167,168,155,142,129,116,103,90,77,64,63,50;140,127,114,101,88,87;108,95,82,69;71,72,73,74,61,48,35;43,44,45,46,33,34,21,22,23,24;148,147,134,133,132,119,106,93,80,67,54,41,28,29,30,31,32,19,20;25,12,11,10,9,8,7,6,5,4,3,2,1,0,13,26,39,52,65,78,91,92,105,118,131,144,145,146;18,17,16,15,14,27,40,53,66,79;111,112,125,138,151
13,0,37,15;95,82,83;168,167,166,165,164,163,162,149,148,147,146,145,144,143,130,117,104,91,78,65,52,39,26;128,127,126,125,124,123,122,121,134,133,132,131,118,105,92,79,66,53,40,27,14,13,0;43,30,29,28,41,54,67,80;60,73,86,87;56,55,42;156,157,158,159,160,161;64,51,50,37,24,23,22,21,20,19,32,45,44,57,70,69,68,81,94,93,106;46,59,58,71,84,97,96;119,120,107,108,109,110,111,112,113,114,115,102,89,88,75,74,61,48,47,34,33;138,139,140,141,142,129,116,103,90,77,76,63,62,49,36,35;38,25,12,11,10,9,8,7,6,5,4,3,2,1;31,18,17,16,15;72,85,98,99,100,101;135,136,137,150,151,152,153,154,155
13,0,38,14;108,121,134;135,148,147,146,133,120,107,94,81,68,55,56,57,58,59,46,33,34,35,36,49,62,63,76,89,102,115,114,113,112;136,123,110;122,109,96,95,82,69,70,71,72,85;99,100,101,88,75,74,61,48,47;137,124,111,98,97,84,83;149,150,151,138,139,140;131,118,105,92,79,66,53,40,27,14;154,141,128,127,126,125;165,164,163,162,161,160,159,158,157,156,143,130,117,104,91,78,65,52,39,26,13,0,1,2,3,4;43,44,45;42,29,30,31,32,19,20,21,22,23,24,37,50,51,64,77,90,103,116,129,142,155,168,167,166,153,152;60,73,86,87;38,25,12,11,10,9,8,7,6,5,18,17,16,15,28,41,54,67,80,93,106,119,132,145,144
13,0,39,15;66,79,92;154,153,152,151,150,149,148,147,160;36,49,62,61,60;58,45,32,33,34;111,112,113,114,115,102,89,90,77,64,51,38,25,12,11,10,9,8,21,20,19,18;107,94,81,80,67,54,41,28,29;124,125,126,127,128,129,116,103;93,106,105,118,131,144;145,132,119,120,121,108,95,82,69,68,55;137,138,139,140,141,142,155,168,167,166,165,164,163,162,161;83,84,85,86,99,100,101,88,75,76,63,50,37,24,23,22,35,48,47,46,59;42,43,56,57,70,71,72,73,74,87;96,109,122,135,134,133,146,159,158,157,156,143,130,117,104,91,78,65,52,53,40,27,14,15,16,17,30,31,44;7,6,5,4,3,2,1,0,13,26,39;136,123,110,97,98
13,0,40,13;112,113,114,127,128,141,154,153;36,35,34,47,60,73,86,99,100,101;72,85,98,97,96;32,31,30,29,28,41,54,67,80,81,94,95,108,109,110,111;135,134,133,132,119;84,83,82,69,68,55,42,43,44,45,58,59;115,116,129,142,155,168,167,166,165,164,163,162,161,160,159,158,157,156,143,130,117,104,91,78,65,52,39,26,13,0,1,2,3,4,5,6,7,8,9,10,11,12,25,38,51,64,63,62;56,57,70,71;46,33,20,21,22,23,24,37,50,49,48,61,74,87,88,89,102;93,92,79,66,53,40,27,14,15,16,17,18,19;126,125,124,123,122,121,120,107,106,105,118,131,144,145,146,147,148,149,150,151,152;136,137,138,139,140;103,90,77,76,75
13,0,41,13;156,143,130,117,118,119,132,145,146,147,148,149,150,151,138,139,126,113;131,144,157,158,159,160,161,162,163,164,165,152,153,154,141,128,115,102,89,88;40,27,14,15,16,17,18;85,72,59,58,45,32,19,20,21,22,23,24,37,50,63;92,93,94,95,108,121,122,123;43,42,55,68,67,66,65,78,91,104;137,136,135,134,133,120,107,106,105;166,167,168,155,142,129,116,103,90;140,127,114,101,100,87,86,73,60,47,46;33,34,35,36,49,62;125,112,99,98,97,84,71;124,111,110,109,96,83,70;48,61,74,75,76,77,64,51,38,25,12,11,10,9,8,7,6,5,4,3,2,1,0,13,26,39,52,53,54,41,28,29,30,31,44,57,56,69,82,81,80,79
13,0,42,12;152,151,150,149,136,123;41,28,15,16,17,18,19,32,33,46,47,48,61;66,67,80,93,106,119,132;124,137,138,139,140,153,166,165,164,163,162,161,148,135,122,109,96,97,98,85,86,73,74,75,62,49,36,35,34,21,20;69,82,95,108,121,134,147,160,159,158,157,156,143,130,117,104,91,78,65,52,39,26,13,0;72,71,84,83;168,155,142,129,116,115,114,113,112,111,110;10,11,12,25,38,51,64,77,90,103,102,101;29,42,43,56,57,70;99,100,87,88,89,76,63,50,37,24,23,22,9,8,7,6,5,4,3,2,1,14,27,40,53,54,55,68,81,94,107,120,133,146,145,144,131,118,105,92,79;60,59,58,45,44,31,30;125,126,127,128,141,154,167
13,0,43,13;80,93,106,119,132,131,144;141,140,139,138,125,112,99,86,73,60,61,62,49,36,23,10,9,8,7,6,5,4,3,2,1,0;75,74,87,100,101,114,115,128;25,38,51,64;40,39,26,13,14,15,16,17,18,19,20;88,89,102,103,116,129,142,155,168,167,166,165,164,163,162,149,136,123,110,97,84,71,58,45,32,33,34,21;22,35,48,47,46,59,72,85,98,111,124,137,150,151,152,153,154;65,78,91,104,117,130,143,156,157,158,159,160,161,148,135,122,109,96,83,70,57,44,31,30,29,28,27;12,11,24,37,50,63,76,77,90;52,53,54,41,42,43,56,69,82,95,108,121,134,147,146,145;55,68,67,66,79,92,105,118;127,126,113;81,94,107,120,133
13,0,44,12;140,153,152;37,36,35,48,47,46,45,44,43,42,55,54,67,80,93,106,107,108,121;82,83,84,85,86,87,88,89,90,77;115,114,113,112,125,124,137,150;20,19,18,17,16,15,14,27;138,151,164,163,162,161,160,159,158,157,156,143,130,117,104,91,78,65,52,39,26,13,0,1,2,3,4,5,6,7,8,9,10,11,12,25,38,51,64,63,76,75,74,73,72,71,70,69,68,81,94,95,96,97;145,146,147,148,149,136,123,110,111,98,99,100,101,102,103,116,129,142,155,168;56,57,58,59,60,61,62,49,50;144,131,132;165,166,167,154,141,128,127,126,139;24,23,22,21,34,33,32,31,30,29,28,41,40;53,66,79,92,105,118,119,120,133,134,135,122,109
13,0,45,13;43,30,17,4,3,2,15,28,41,54;58,45,32,19,20,21,22,23,24,37,50;134,121,108,95,82,83,84,85,86,87,88,101,114,127,140,139,138,125;0,13,26,39,52,65,78,91,104,117,130,143,156,157;67,80,93,106,119;56,69,70,71,72,59,46,33,34,35,36,49,62,63;144,145,158,159,160,161,148,135,122,109,96,97,98,99,100,113,126;147,146,133,120,107,94,81,68,55,42,29,16;57,44,31,18,5,6,7,8,9,10,11,12,25,38,51,64,77,90,103,116,129,142,155,168,167,166,165,164,163,162,149;132,131,118,105,92,79,66,53,40,27,14,1;136,123,110,111,112;61,48,47;124,137,150,151,152,153,154,141,128,115,102,89,76,75,74,73,60
13,0,46,13;62,63,50,37,24,23,22,21,20,19;31,18,5,6,7,8,9,10,11,12,25,38,51,64,77,90,103,116,129,142,155,168,167,166,153,140,127,114,113;165,152,139,126,125,112,99,100,101,88,75;27,40,53,66;16,15,14;154,141,128,115,102,89,76;97,110,123,136,135,134,133,132,119,118,105,92,79,80,67,54,41,28;49,36,35,34,33,32,45,44;60,73,72,71,84,83,82,95,108;96,109,122,121,120,107,106;93,94,81,68,55,42,29;138,151,164,163,162,161,160,159,158,157,156,143,130,117,104,91,78,65,52,39,26,13,0,1,2,3,4,17,30,43,56,69;131,144,145,146,147,148,149,150,137,124,111,98,85,86,87,74,61,48,47,46,59,58,57,70
13,0,47,11;114,127,140,139,138,137,136,135,134,133,120,107;62,61,48,47,34,33,32,31,18,17,16,3,2,1,0,13,26,39,52,53,54,67;4,5,6,7,8,9,10,11,12,25,38,51,64,77,90,103,116,129,142,155,168,167,166,165,164,163,162,161,160,159,158,157,156,143,130,117,104,91,78,65,66;112,99,98,97,84,71,58,57,56,43,30,29,28,15,14;93,94,95,108,121,122,123;144,131,118,105,92,79,80,81,82,83,96,109,110,111,124,125,126,113,100,87,86,85,72;19,20,21,22,35,36,49;27,40,41,42,55,68,69,70;23,24,37,50,63,76,89,88;101,102,115,128,141,154,153,152,151,150,149,148,147,146,145,132,119,106;75,74,73,60,59,46,45,44
13,0,48,12;121,134,147,148,149,150,151,152,153,154,141,128;45,58,59,72,85,98,111,124;132,133,146,159,160,161,162,163,164,165,166,167,168,155,142,129,116,103,90,77,64,51,38,25,12,11,10;125,112,99,86,73,60,47,46,33,32,31,30,43,56,69,68,67,66,79,92,105,118,131,144;44,57,70,71,84,97,110,123;39,26,27,14,15,2,3,4,5,6,7,8,9,22,23,36,49,62,75,88,101,114,127,140,139,138,137,136,135,122,109,108,95;24,37,50,63,76,89,102,115;119,106,93,80,81,82,83,96;13,0,1;28,41,40;120,107,94;126,113,100,87,74,61,48,35,34,21,20,19,18,17,16,29,42,55,54,53,52,65,78,91,104,117,130,143,156,157,158,145
13,0,49,14;118,131,144,145;138,137,150,149,148,147,146,133,132,119,106,105;136,123,124,125,126,139,152,165,166,167,168,155,142,129,116,103,90,77,76,75,62;120,107,94,93,92;48,61,74,87,88,89;32,19,18,17,16,15,14,27,40;135,122,109,110,111,112,113,114,127,140,153,154;151,164,163,162,161,160,159,158,157,156,143,130,117,104,91,78,65,66,67,54,41,28,29;134,121,108,95,96,97,98,99,86,73,72,71,70,57,44,45,46,33,20,21,22,23,24,37;79,80,81,68,55,42;53,52,39,26,13,0,1,2,3,4,5,6,7,8,9,10,11,12,25,38,51,64;63,50,49,36,35,34,47,60,59,58;85,84,83,82,69,56,43,30,31;141,128,115,102,101,100
13,0,50,14;63,62,61,74,87,100;14,15,16,17;58,45,44,43,42,41,54,67,80,93,106,107,108,109,122,135,136,137,138,139;69,82,83,84;168,155,142,129,116,103,90,77,76,75,88,101,114,113,112,99;11,10,9,8,7,6,19,32;124,111,98,85,86,73,60,47,48,49,50,51,64;28,27,40,53,66,79,92,105,118,131,144;12,25,24,23,22,21,20;123,110,97,96,95,94,81,68,55,56,57,70,71,72,59,46,33,34,35,36,37,38;4,5,18,31,30,29;125,126,127,140,153,152,151,150,149,148,147,134;89,102,115,128,141,154,167,166,165,164,163,162,161,160,159,146,133;121,120,119,132,145,158,157,156,143,130,117,104,91,78,65,52,39,26,13,0,1,2,3
13,0,51,12;131,118,105,92,79,66,53,40,27,14,15,16,29,42,43,56,69,70,71,72,85,98,111,124,137,138,139,140,127,114,113,100,87,88,89,76,63,50,37,24,23,10,9,8;48,47,34,21;144,145,146,133,120,107,94,81,82,83,84,97,110,123,136,149,150,151,152,153,154,155,142,129,116,103,90,77,64,51,38,25,12,11;132,119,106,93,80,67,68;61,60,59,58,57;96,109,122,135,148,161,162,163,164,165,166,167,168;126,125,112,99,86,73,74,75,62,49,36,35,22;141,128,115,102,101;44,45,32,19,18,5,4,3,2,1,0,13,26,39,52,65,78,91,104,117,130,143,156,157,158,159,160,147,134,121,108,95;28,41,54,55;31,30,17;6,7,20,33,46
13,0,52,15;2,1,0;146,133,132,119,106,93,80,67,54,53,52;135,122,123,124,111,98,85,72,59,46,47,48,49;157,156,143,130,117,104,91,78;65,66,79,92,105,118,131,144,145,158,159,160,161,162,163,150,151,152,153;24,23,22,21;110,97,84,71,58,45;164,165,166,167,154,141,140,139,126,113,100,87,74,75,76,77,64,51,38,25,12,11,10,9,8,7,6,5,4,3,16,15,14,13,26,39,40,41,42,55,68,81;103,90,89,88;168,155,142,129,116,115,102,101;27,28,29,30,17,18;114,127,128;108,109,96,83,70,57;20,33,34,35,36,37,50,63,62,61,60,73,86,99,112,125,138,137;19,32,31,44,43,56,69,82,95,94,107,120,121,134,147,148,149,136
13,0,53,15;130,143,156;99,112,113,114,101,88,75,62;78,65,52,39,40;44,31,18,5,6,7,8,9,10,11,12,25,38,51,64,77,90,103,116,129,142,155,154,153;100,87,74,61,48,49;152,139,138,137,136,135,134,133,132,131,144,157,158,159,160,161,162,163;47,60,73,86,85,98,111,110,109,108,107,106,105,92,79;83,70,69,56,43,30,17,4,3,2,1,0,13,26,27,28,41,54;36,35,34,33,46,59,72,71,84,97,96,95,94,93,80,67,66,53;57,58,45,32,19,20,21,22,23,24,37,50,63,76,89,102,115,128,141;14,15,16;165,164,151,150,149,148,147,146,145;29,42,55,68,81,82;168,167,166;140,127,126,125,124,123,122,121,120,119,118,117,104,91
13,0,54,11;0,13,26,39,52,65,78,91,104;72,71,70,69,56,43,30,17,18,19,20,33,34,35,36,49,62,75,76;32,31,44,57,58,59,60,73,86;45,46,47,48,61,74,87,88,101,114,127,140,139,138,137,136,135,134,121,120,107,106,105,92,79,66,53,40,27,14,1;2,15,28,41,54,67,80,93,94,95,108,109,122,123,124,125,126;143,156,157,158,159,160,161,162,163,164,165,166,167,168,155,142,129,116,103;63,50,37,24,23,22,21;83,96,97,110,111,112,113,100;84,85,98,99;82,81,68,55,42,29,16,3,4,5,6,7,8,9,10,11,12,25,38,51,64,77,90,89,102,115,128,141,154,153,152,151,150,149,148,147,146,145,144,131,130,117;118,119,132,133
13,0,55,12;101,114,115,128,141,154,153,152,165,164,163,162,161,160,159,158,157,156,143;31,32,45;33,34,35,36,49,62;126,125,138,151,150,149,148,147,146,145,144;110,97,96,95,94,93,92,91,78,65,52,39,26,13,0,1,2,3,4,5,6,7,8,9,10,11,12,25,38,51,64,77,90;60,61,74,75,76,63,50,37,24,23,22,21,20,19,18;166,167,168,155,142,129,116,103,102,89,88,87,86,73,72,71,70,69,68,67,54,41,28,29;42,55,56;109,108,107,106,105,104,117,130,131,132,133,134,135,136,137;139,140,127;118,119,120,121,122,123,124,111,112,113;100,99,98,85,84,83,82,81,80,79,66,53,40,27,14,15,16,17,30,43,44,57,58,59,46,47,48
13,0,56,14;55,54,53,52;8,9,10,11,12,25,38,51,64,77,90,103,116;93,92,105,118,131;67,66,65;48,61,74,87,100,113,114,127,140,141,154;57,56,43,42,41,40,39,26,13,0,1,2,3,4,5,6,7,20,21,22,23,24,37,50,63,76,89;153,152,139,126;136,149,148,147,146,133,120,121,108;110,97,98;144,145,132,119,106,107,94,95,82;123,124,111,112,99,86,73,60,47,34,35,36,49,62,75,88,101,102,115,128,129,142,155,168,167,166;165,164,151,138,125;137,150,163,162,161,160,159,158,157,156,143,130,117,104,91,78,79,80,81,68,69,70,71,58,45,44,31,30,29,28,27;14,15,16,17,18,19,32,33,46,59,72,85,84,83,96,109,122,135,134
13,0,57,13;128,141,154,167,166,165,164,151,138,139,126,113,112,99,86;125,124,123,136,149,148,147,146,145,144,131,118,105,92,79,66,53,40,27,14,15,16,17,18;45,46,33,34,35,36,37;70,83,82,81,80,93,106,119,132,133,134,135,122;3,4,5,6,7,8,9,10,11,12,25,38,51,64,77,90,103,116,129,142,155,168;101,88,75,62,61;30,29,28,41;100,87,74,73,72,85,98,111,110,109,108,121;24,23,22,21,20,19,32,31,44,43,42,55,54;67,68,69,56,57;97,96,95,94,107,120;137,150,163,162,161,160,159,158,157,156,143,130,117,104,91,78,65,52,39,26,13,0,1,2;84,71,58,59,60,47,48,49,50,63,76,89,102,115,114,127,140,153,152
13,0,58,14;50,37,24,23,22,21,20,19;97,84,71,72,73,74,75,76,63,64,51,38,25,12,11,10,9,8,7,6,5,18;0,13,14,15,16;40,53,66,79,92;77,90,89,88,87,86,85,98,111,112,113,114,115,116,129,142,155,168,167,166,153,140,139,138,137,136,135,134,133,132,131,130,143,156;105,106,93,80,67;99,100,101,102,103;158,159,160,161,162,163,164,165,152;151,150,149,148,147,146,145,144,157;47,46,45,44,43,42,29,28,27,26,39,52,65,78,91,104,117,118,119;154,141,128,127,126,125,124,123,122,121,108,95,82,69,56,55,54,41;36,49,62,61,60,59,58,57,70,83,96,109,110;120,107,94,81,68;1,2,3,4,17,30,31,32,33,34,35,48
13,0,59,13;133,120,107;126,125,124,111,98,97,84,71,70;140,127,114,113,112,99,86,85;24,37,38,51,64;1,0,13,26,39,52,65,78,91,104,117,130,143,156;14,27,40,53,66,79,92,105,118,131,144,157,158,159,160,161,162,163,164,165,166,167,168,155,142,129,116,103,90,77,76,63,50,49,36,23,22,9;19,18,31,30,43,56,69,82,83,96,109,110,123,136,137,138,139;25,12,11,10;17,16,29,42,55,68,81,94,95;33,20,7,6,5,4,3,2,15,28,41,54,67,80,93,106,119,132,145,146,147,134,121,108;122,135,148,149,150,151,152,153,154,141,128,115,102,101,100,87,74,73,72,59,58,57,44;8,21,34,35,48;32,45,46,47,60,61,62,75,88,89
13,0,60,15;27,14,1,2,3,4,5,18,31,44,57,70,71,84,97,110,111,112,113,100,87,86,73,60,47;68,67,66,79,92,93,106,119,132,133,134;20,21,22,23;46,33,34,35,36,37,24,25;159,160,161,162,163,164,165,166,153,140,139,138,137,136,135;76,75,74;102,115,128,141,154;152,151,150,149,148,147,146,145,144,131,118,105,104,91,78,65,52,53,54,55,42,29;89,88,101,114,127,126,125,124,123,122,109,108,95,94,81,80;121,120,107;61,62,63,64,77,90,103,116,129,142,155,168,167;158,157,156,143,130,117;0,13,26,39,40,41,28,15,16,17,30,43,56,69,82,83,96;48,49,50,51,38;12,11,10,9,8,7,6,19,32,45,58,59,72,85,98,99
13,0,61,13;56,69,82,83;101,88,75,62,49,48,47,46,45,44,57,70,71;36,35,34,33,32,31,30,29,28,41,54,53,52,39,26,13,0,1,2,3,4,5,6,7,8,9,10,11,12,25,38,51,64,77,90,103,116;142,155,168,167,166,165,164,163,162,161,148,135,136,137,138,139,126,113,100,87,74,61,60;149,150,151,152,153;146,145,144,131,118;40,27,14,15,16,17,18,19,20,21,22,23,24,37,50,63,76,89,102,115,128,129;58,59,72,85,98,111,110,109,108,107,106,105,92,79,80;84,97,96,95,94,93;154,141,140,127,114;120,121,122,123,124,125,112,99,86,73;81,68,55,42,43;67,66,65,78,91,104,117,130,143,156,157,158,159,160,147,134,133,132,119
13,0,62,14;32,31,30,29,28,41,54;144,145,146,147,134;135,136,137,138,139,140;44,43,42;105,92,93,94,95,96,97,98,85,72,59,60,47,34,21;68,69,70,71;49,36,23,10,9,8,7,6,5,4,3,2,1,0,13,26,39,52,65,78,91,104,117,118,119,106,107,108,109,110,111,112,99,86,73;75,62,61,48,35,22;148,161,160,159,158,157,156,143,130,131,132,133,120,121,122,123,124,125,126,113,100,101,102,103,90,77,64,51,38,25,12,11;55,56,57,58,45,46,33,20,19,18,17,16,15,14,27,40,53,66,79;84,83,82,81,80,67;127,128,141,154,153,152,151,150;114,115,116,129,142,155,168,167,166,165,164,163,162,149;74,87,88,89,76,63,50,37,24
13,0,63,14;128,127,140,139,152,151;42,43,44,57,58,71,72,85,86,87,88,89,102,103;9,10,11,12,25,38,51,64,63,62,61,48,47,46,45,32,31,30,29,28,41,54,55,56,69,70,83,84,97,110,109,108,121,134,147,146,159;126,113,112,111,124,123,122,135,148,149,150,163,164,165;125,138,137,136;144,143,130,117,104,91,78,65,52,39,26,13,0,1,2,3,4,5,6,7,8,21,22,23,24,37,50;131,118,119;92,105,106,107,120,133,132,145,158,157,156;59,60,73,74,75,76,77,90;49,36,35,34,33,20,19,18,17,16,15,14,27,40,53,66,79,80,93,94,95,96;82,81,68,67;98,99,100,101,114,115,116,129,142,155,168,167;160,161,162;166,153,154,141
13,0,64,13;138,137,124;16,15,14,27,26;107,108,95,96;114,113,100,99,86,73,60,47,34,35,36,49,62,75;76,63,50,37,24,23,22,21,20,19,18,17,4,3,2,1,0,13;127,128,115,102,101,88,87,74,61,48;141,140,139,126,125,112,111,98,85,72,59,46,33,32,31,30,29,28,41,40,39,52;168,167,166,165,164,163,162,161,160,159,158,157,156,143,130,117,104,91,78,65,66,53,54,55,42,43,44,57,70,83,82,81,94,93,106,119,120,121,122,109,110,97;123,136,135,134,133,132;56,69,68,67,80,79,92,105,118,131,144,145,146;89,90,103,116,129,142,155,154,153,152,151,150,149,148,147;84,71,58,45;77,64,51,38,25,12,11,10,9,8,7,6,5
13,0,65,13;156,143,130,117,104,91,78,65,52,39,26,27,28,41;40,53,54,55,42,43,30,17,4,5,6,7,8,9,10,11,12,25,38,51,64,77,90,103,116,129,142,155,168,167,166,165,164,151,138;147,134,135,122,109,96,97;128,115,102,89,76,63,50,37,24,23,22,21,20,19,18,31,44,57,56,69;29,16,3,2,1,0;153,152,139,126;113,112,125,124,137,150,163,162;100,87,74,61,48,47,46,59,72,85,84;107,94,81,68,67,66,79,92,105,118,131,132;15,14,13;145,146,133,120,121,108,95,82,83,70,71,58,45,32,33,34,35,36,49,62,75,88,101,114,127,140,141,154;144,157,158,159,160,161,148,149,136,123,110,111,98,99,86,73,60;80,93,106,119
13,0,66,14;48,47,60,73,86,99,100,113;152,151,150,149,148,147,134,133,120,107,94,93;78,65,52,39,26,13,0,1,2,3,4,5,6,7,8,9,10,11,12,25,38,51,64,77,90,103,116,129,142,155,168,167,166,165,164,163,162,161,160,159,146,145,144,131,118;61,74,87,88,101,114,127,126;91,104,117,130,143,156,157,158;29,30,31,32,33,46,59,72,85,98,111,112,125,138,139,140,153,154;14,27,40,53,66;63,50,37,24;35,34,21,20,19,18,17,16,15,28,41;22,23,36,49,62,75,76,89,102,115,128,141;57,70,83,82,95,108,121,122,135,136,137,124;56,69,68,81,80,79,92,105,106,119,132;67,54,55,42,43,44,45,58,71,84,97,96;109,110,123
13,0,67,15;59,46,33,20,7,6;134,133,132,145;98,97,96;99,112,111,110,109,122,135,148,147,146;24,37,36,49,48,47,60,73,72,71,58,57,56,55,42,29;62,61,74;15,28,41,54,67,68,69,70;35,22,23,10,11,12,25,38,51,50,63,76,75,88,101,114,127,140,139,138,137;0,1,2,3,16,17,30,43,44,45,32,19;9,8,21,34;14,13,26,39,52;107,106,105,104,117,130,143,156;64,77,90,103,116,129,142,155,168,167,166,165,164,163,162,161,160,159,158,157,144,131,118,119,120,121,108,95,94,93,92,91,78,65,66,53,40,27;31,18,5,4;79,80,81,82,83,84,85,86,87,100,113,126,125,124,123,136,149,150,151,152,153,154,141,128,115,102,89
13,0,68,14;106,107,94,81,82,83,84,71,58,57,56;127,140,139,152,151,150,149,148,147,134,133,132,131,118,105,92,93,80,67;144,145,146;109,122,135,136,137,138,125,126,113,100,87,74,75,76,63,50,37,36,35,48;70,69,68,55,54,53,66,79,78,91,104,117,130,143,156,157,158,159,160,161,162,163,164,165,166,167,168,155,142,129,116,103,102;65,52,39,26,13,0,1,2,3,4,5,6,7,20,33;31,44,43,42,41,40;101,114,115,128,141,154,153;124,123,110,97,98,85,72,59,46,45,32,19,18,17,16,15,14,27;30,29,28;96,95,108,121,120,119;24,23,22;88,89,90,77,64,51,38,25,12,11,10,9,8,21,34,47,60,73,86,99,112,111;49,62,61
13,0,69,13;70,69,56,43,30,29,28,27,14;73,74,75,76,63,50,37,24,23,22,35,48,47,46,45,58,71,84,97,110,123;7,20,19,18,17,16,15;99,100,101;129,116,103,90,77,64,51,38,25,12,11,10,9,8,21,34,33,32,31,44,57;86,87,88,89,102,115,114,127,140,153,154;156,143,130,117,118,119,132,145,158;124,125,138,151,164,165,166,167,168,155,142,141,128;131,144,157;150,149,148,147,134,121,108,95,94,93,92,79,66,53,40,41,42,55,68;54,67,80,81,82,83,96,109,122,135,136,137;36,49,62,61,60,59,72,85,98,111,112,113,126,139,152;163,162,161,160,159,146,133,120,107,106,105,104,91,78,65,52,39,26,13,0,1,2,3,4,5,6
13,0,70,14;105,118,131,144,145,146,147,148,149,150,163,164,165,166,167,168,155,142,129,116,103,90,77,64,51,38,25,12,11,10,9,8,7,6,5,4,17,30,29,42,55,54,67,80,93;141,154,153,152,151,138,125,112,99,86,73,72,59,58,57,56;121,120,107,94,81,68;43,44,31,18,19,20,21,22,23,24,37,50,63,76,89,102,115,128;48,35,34,33,32;27,14,15,16,3;140,139,126,113,100,87,74,61,60,47,46,45;53,52,65,78,91,104,117,130,143,156,157,158,159,160,161,162;127,114,101,88,75,62,49,36;28,41,40,39,26,13,0,1,2;83,96,97,110,111;98,85,84,71,70,69,82,95,108,109,122,123,124,137;136,135,134,133,132,119,106;92,79,66
13,0,71,14;37,24,23,22,9,8,7,6,5,4,3,16,15,14,27,40;34,33,32,31,44,57,70,71;10,11,12,25,38,51,64,77,90,103,116,129,142,155,168,167,166,165,164,163,162,149,136,123,110,97,84,83,82,69,56,43;48,61,60,59,72,85,98,111,124,137,150,151,152,153,154,141,128,115,102,89,76,63,50;113,100,87,74,73;96,109,122,135,148,147,146,145,144,131,118,105,92,79,66,53;21,20,19,18,17,30,29,42,55;58,45,46,47;86,99,112,125,126,127,114,101,88,75,62,49,36,35;132,119,106,93,80;138,139,140;95,108,121,134;28,41,54,67,68,81,94,107,120,133;2,1,0,13,26,39,52,65,78,91,104,117,130,143,156,157,158,159,160,161
13,0,72,11;138,125,126,113;27,28,29,30,31,32,33,34,35,36;123,122,135,148,161;67,66,79,92,105,118,131,144,157,158,159,160,147,134,133,120,107,94,95,82,69,70,71,72,73,74,75,88,89,102,115,128,141,154,153,152,151,150,137,124,111;62,63,76,77,90,103,116,129,142,155,168,167,166,165,164,163,162,149,136;47,46,45,44,43,42,41,40,39,26,13,0,1,2,3,4,5,6,7,8,9,10,11,12,25;54,53,52,65,78,91,104,117,130,143,156;146,145,132,119,106,93,80,81,68,55,56,57,58,59,60,61,48,49,50;139,140,127,114,101,100,87,86,85,84,83,96,109,108,121;64,51,38,37,24,23,22,21,20,19,18,17,16,15,14;110,97,98,99,112
13,0,73,15;19,20,33,34,35,36,49,62,75,88;9,10,11,12,25,38,51,64,77,90,103,116,129,142,155,168,167,166,165,164,163,150,137,138,139,126,127,114,101,100,99,98,111;53,40,41,42,43,44;145,132,119,106,93,94,81,68,55,56,57,58,59;136,135,148;97,84,85,86,87,74,61,48,47,46,45,32,31,18,17,16,15,14,27,26,39;146,133,120,107,108,95,82,69;60,73,72,71,70,83,96,109,110,123,124,125,112,113;140,153,152,151;144,131,118,105,92,79,66;54,67,80;149,162,161,160,159,158,157,156,143,130,117,104,91,78,65,52;28,29,30;147,134,121,122;154,141,128,115,102,89,76,63,50,37,24,23,22,21,8,7,6,5,4,3,2,1,0,13
13,0,74,12;3,2,1,0,13;133,132,131,118,105,92,79,66,53,40,41,28,29,30,31,18,5;20,21,22,23,24,37,50,63,76,89,102,115,128,141,154,153,152,165;70,71,72;156,157,158,159,160,161,148,135,122,123,110,111,112,99,86,73,60,59;4,17,16,15,14,27,26,39,52,65,78,91,104,117,130,143,144,145,146,147,134,121,120,119,106,93;98,85,84,83,82,95,94,107;81,80,67,54,55,42,43,44,45,32,19,6,7,8,9,10,11,12,25,38,51,64,77,90,103,116,129,142,155,168,167,166;97,96,109,108;68,69,56,57,58;164,163,162,149,136,137,124,125,126,113,100,87,74,61,48,47;46,33,34,35,36,49,62,75,88,101,114,127,140,139,138,151,150
13,0,75,13;18,5,6,7,8;156,157,158,159,160,161,148,135,122,109,108,107;24,11,12;10,23,36,37,50,63,76,89,102,115,128,141,154,153,152,151;162,149,136,123,110,97,96,95,82,81,80,79,66,53,40,27,14,15,16,29,42,55;133,132,119,106,93,94;140,139,138,125,112,113,100,87,74,61;126,127,114,101,88,75,62,49,48,47,60,59,72,85,84,83,70,57,44,31,32,19,20,21;131,118,105,92,91,78,65,52,39,26,13,0,1,2,3,4,17,30,43;120,121,134,147,146,145,144,143,130,117,104;25,38,51,64,77,90,103,116,129,142,155,168,167,166,165,164,163,150,137,124,111,98,99,86,73;71,58,45,46,33,34,35,22,9;56,69,68,67,54,41,28
13,0,76,15;78,91,104,117,130,143,156,157;75,88,101,114,127,140,139,138,137,136,135,134;98,97,96,95,94,107,120,121,122,123,124,125,126,113,100,87,74;82,81,80,93,106,119,132,133,146,147,148,149,150,151,152,153,154,141,128,115,102,89,76;28,41,54;62,63,50;3,4,5,6,7,8;25,12,11,10,9,22,21,20,33;24,37,38,51,64,77,90,103,116,129,142,155,168,167,166,165,164,163,162,161,160,159,158,145,144,131,118,105,92,79,66,67,68,55,42,43,44,57,58,71,72;23,36,49,48,61;29,30,31,32,45,46,59;19,18,17,16,15,14,27,40,53;2,1,0,13,26,39,52,65;56,69,70,83,84,85;35,34,47,60,73,86,99,112,111,110,109,108
13,0,77,11;108,109,96,83,70,71,72,73,74,61,48,47;112,113,114,127,140,153,152,151,138,137,136,149,148,147,146,145;162,161,160,159,158;35,36,49,62,75,88,101,100,99,98;80,67,54,41,28,29,30,31,32,33,34,21,22,23,24,37,50,63,76,89,102,115,128,141,154,167,166,165,164,163,150;111,110,97,84,85,86,87;119,118,117,130,143;20,19,18,17,16,15,14,27,40,53,66,79,92,93,94,81,68,55,42,43,44,45,46;121,120,107,106,105,104,91,78,65,52,39,26,13,0,1,2,3,4,5,6,7,8,9,10,11,12,25,38,51,64,77,90,103,116,129,142,155,168;156,157,144,131,132,133,134,135,122,123,124,125,126,139;60,59,58,57,56,69,82,95
13,0,78,13;82,95,108,121,134,133,146,145,144,131,118,105,92,79,80,67,54,41,42,29,30,17;66,53,40,27,28,15,16;161,162,163,164,165,166,167,154,141,140,139,138,125,112,99,86,73,60,47,34;55,56,43,44,31,18,5,4,3,2,1,0;132,119,106,93;120,107,94,81,68,69,70,57,58,45,32,33,20,21,22,35,48,61,74,87,100,113,126;123,110,97,84,71,72,59,46;85,98,111,124,137,136,135,122,109,96,83;36,49,62,75,88;168,155,142,129,128,127,114,101,102,89,76,63,50,37,24,23;153,152,151,150,149,148,147,160,159,158,157,156,143,130,117,104,91,78;65,52,39,26,13,14;115,116,103,90,77,64,51,38,25,12,11,10,9,8,7,6,19
13,0,79,13;83,70,69,68,67,80,93,106,119,120,121,122;1,14,27,40,41,42;71,72,73,86,99,112,111,110,123,136,137,150,151,164,165,166,167,168,155,142,129,116,103,102,89,76,63,50,37,36,35,34,33,20,19;124,125,138,139,152,153,154,141,128,115,114,101,88,75,62,49,48,47,46,45,32,31,18,17;90,77,64,51,38,25,12,11,10,9,8,7,6,5,4,3,16;0,13,26,39,52,65,78,91,104,117,130,143,156,157,158,159,160,161,162,163;132,133,134,135;21,22,23,24;84,85,98;109,108,107,94;2,15,28,29,30,43,44,57,58,59,60,61,74,87,100,113,126,127,140;81,82,95,96,97;56,55,54,53,66,79,92,105,118,131,144,145,146,147,148,149
13,0,80,12;99,98,85,72,59,46,33,20,7,6,5,4,3,2,1,0,13,26,27,40,53,66,67,68,55;14,15,28,41,54;86,73,60,47,34,21,8,9,10,11,24,37,50,63,76,89,102,115,128,141,154,167,166,165,164,163,162,161,160,159,158;16,17,18,19,32,45,58,71,84,97,110,111,112;43,56,69,82,81,94,107,120,133,132;92,105,118,131,144,145;42,29,30,31,44,57,70,83,96,109,122,123,124,125,126,113,100,87,74,61,48,35,22;157,156,143,130,117,104,91,78,65,52,39;119,106,93,80,79;139,138,137,136,135,134,121,108,95;23,36,49,62,75,88,101,114,127,140,153,152,151,150,149,148,147,146;168,155,142,129,116,103,90,77,64,51,38,25,12
13,0,81,14;142,141,154,153,152,151,150,149,148,147,146,133,120,119;32,31,30,29,28,41,40,39,26,13,0,1,2,3,4,5,6,7,8,9,22,35,36,49,50,51,64,77,90,103,116,129,128,127,140,139,138,137,124,111,98;25,12,11,10,23;33,46,45,44,43,42,55,54,53,52,65,78,91,104,117,130,143,156;145,132,131,118,105,92,79,66,67,68,69,56,57,58,59,60,61,62;155,168,167,166,165,164,163,162,161,160,159,158,157,144;38,37,24;122,109,96,95,94;134,121,108,107,106,93,80,81;63,76,89,102,115,114,113,126,125;74,87,86,85,84,97,110,123,136,135;48,47,34,21,20,19,18,17,16,15,14,27;82,83,70,71,72,73;75,88,101,100,99,112
13,0,82,12;99,98,111,110,109,108;78,65,52,39,26,13,14,15,16;114,127,140,153,152,151,150,149,148,147,146,145,144,131,118,105;49,48,47,46,59,72,71,70,83,82;128,141,154;121,122,123,124,125,112,113,100,101,102,115;126,139,138,137,136,135,134,133,120,107,94,95,96,97,84,85;41,42,43,44,31,32,33,34,35,36,37,50,63,62,61,60,73,86,87,88,89,90,103,116,129,142,155;45,58,57,56,55,54,67,80,93,106,119,132;69,68,81;168,167,166,165,164,163,162,161,160,159,158,157,156,143,130,117,104,91,92,79,66,53,40,27,28,29,30,17,18,19,20,21,22,23,24,25,38,51,64,77,76,75,74;0,1,2,3,4,5,6,7,8,9,10,11,12
13,0,83,14;107,94,93,92,91,78,65,52,39,26,13,14,15,16;135,134,121,108,95,82,81,80,79,66,53,40,27,28,29,30,17,18,19,20,21,22,23,24,37,38,51,64,77,90,103,116,129,142,155,168,167,166,165;152,153,154,141,128,115,102,89,76,63,62,61,60,59,58,57,56,55,54,67;0,1,2,3,4,5,6,7,8,9,10,11,12,25;147,160,159,158,157,156,143,130,117,104,105,106,119;96,97,98,99;71,72,73,74,75,88,101,114,127,126,125,124,137;109,122,123,136,149,150,151,138,139,140;68,69,70,83,84,85,86,87,100,113,112,111,110;31,32,33,34,35,36;118,131,132;144,145,146,133,120;148,161,162,163,164;50,49,48,47,46,45,44,43,42,41
13,0,84,12;128,127,140,139,138,137;122,109,96,97,98,99,100,101,88;124,125,126;65,66,67,68,69;155,168,167,166,165,164,163,162,161,160,159,158,157,156,143,130,117,104,91,92,93,94;28,29,30,31,18,19;3,2,1,0,13;48,61,60,73,72,71,70;132,119,120,121,108,95,82,81,80,79,78;40,41,42,43,44,45,32,33,20,21,22,23,24,37,50,63;133,134,135,136,123,110,111,112,113,114,115,102,89,76,75,74,87,86,85,84,83;62,49,36,35,34,47,46,59,58,57,56,55,54,53,52,39,26,27,14,15,16,17,4,5,6,7,8,9,10,11,12,25,38,51,64,77,90,103,116,129,142,141,154,153,152,151,150,149,148,147,146,145,144,131,118,105,106,107
13,0,85,13;82,81,80,67,54;24,23,36,35,48,47,60,73,74,75;127,114,101;69,68,55,42,43,44,45,46;131,144,145,146,147,148,149,150,137,124,111,98,99,100,113,126,139,140,141,128,115,102;112,125,138,151,152,153,154;49,62,61;108,95,94,93,92,91,78,65,52,39,26,13,0,1,2,3,4,5,6,7,8;79,66,53,40,27,14,15,16,17,18,19,20,21,22,9,10,11,12,25,38,37,50,63;41,28,29,30,31,32,33,34;118,119,132,133,134,135,136,123,110,97,84,71,58;51,64,77,90,103,116,129,142,155,168,167,166,165,164,163,162,161,160,159,158,157,156,143,130,117,104,105,106,107,120,121,122,109,96,83,70,57,56;59,72,85,86,87,88,89,76
13,0,86,10;77,90,103;31,44,57,70,71,84,85,86,73,60,47,34,35,36,49,50,51;140,139,138,137,136,135,134,133,132,119,106,93,80,67,54,41;38,25,12,11,10,9,8,7,6,5,4,3,2,1,0,13,26,39,52,65,78,91,104,117,130,143,156,157,158,159,160,161,162,163,164,165,166,167,168,155,142,129,128,127,126,125,124,123,122,121,120,107,94,81,68,55,42;48,61,74,87,100,99,98,97,96,83,82,69,56,43,30,29,28,27;72,59,58,45,32,19,18,17,16,15,14;141,154,153,152,151,150,149,148,147,146,145,144,131,118,105,92,79,66,53,40;37,24,23,22,21,20,33,46;95,108,109,110,111,112,113,114,101,88,75,62,63,64;116,115,102,89,76
13,0,87,10;25,24,23,22,21,20,19,6,5,4,3,16;106,107,108,109,110,111,112,113,114,101,88,75,62,49,50;155,154,153,152,151,150,149,148,147,146,145;29,42,55,56,57,58,59,60,73;17,18,31,32,33,34,35,36,37,38,51,64,77,90,103,116,129,142,141,140,139,138,137,136,135,134,133,132,131,144;30,43,44,45,46,47,48,61,74,87,100,99,98,97,96,95,94,93,92,105,118,119,120,121,122,123,124,125,126,127,128,115,102,89,76,63;12,11,10,9,8,7;84,83,82,81,80,79,66,53,40,27,14;2,15,28,41,54,67,68,69,70,71,72,85,86;1,0,13,26,39,52,65,78,91,104,117,130,143,156,157,158,159,160,161,162,163,164,165,166,167,168
13,0,88,14;153,152,151,138;154,167,168;155,142,129,116,103,90,77,64,51,50,49,48;0,1,2,3,4,5,6,7,8,9,10,11,12,25,38,37,36,35,34,47,60,61,62,63,76,89,102,115;28,27,40,53,54,55,68,81;100,87,86,85,84,83,82,95,94,93,80,79,78,91,104,117,130,143,156,157,158,159,160,161,162,163,164,165,166;107,108,109,96,97,98,99;58,45,32,19,18,17,16,15,14,13,26,39,52,65,66,67;41,42,43,56,69,70,71;118,131,144,145,146,147,148,149,150;128,127,114,113,112,111,110,123,122,121,120;141,140,139,126,125,124,137,136,135,134,133,132,119,106,105,92;57,44,31,30,29;101,88,75,74,73,72,59,46,33,20,21,22,23,24
13,0,89,14;142,141,154,153,152,151,150,137,124,125,112,99,100,101,102,103,90,77,64,51,38,25,24;104,91,92,93,94,95,82,69,56,43,44,31,32,33,46,59,72,71,84;52,53,40,27,28,29,42,55,68,81,80,79,78;30,17,16,15,14;116,129,128,127,140;155,168,167,166,165,164,163,162,161,160,159;61,60,47,34,21,20,19,18;105,106,107,108,109,122,135;146,145,158,157,156,143,130,117,118,119,120,121;65,66,67,54,41;138,139,126,113,114,115;87,88,89,76,63,50,37,36,23,10,11,12;39,26,13,0,1,2,3,4,5,6,7,8,9,22,35,48,49,62,75,74,73,86,85,98,111,110,123,136,149,148,147,134,133,132,131,144;97,96,83,70,57,58,45
13,0,90,13;133,120,107,94,95,82,69,56,57,58,45,46,33,20,7,6,5,4;59,60,73,86,85,84,97,110,123,136,149,150,151,152,153,166,167,168,155,142,129,116,103;23,24,37,50,63;3,16,15,14,27,40,53,66,79,92,105,118,131,144,145,146,147;100,99,98,111,124,137;18,17,30,29,28,41,54,67;108,121,134;126,127,128,115,102;2,1,0,13,26,39,52,65,78,91,104,117,130,143,156,157,158,159,160;165,164,163,162,161,148,135,122,109,96,83,70,71,72;22,35,36,49,62,75,76,89;19,32,31,44,43,42,55,68,81,80,93,106,119,132;90,77,64,51,38,25,12,11,10,9,8,21,34,47,48,61,74,87,88,101,114,113,112,125,138,139,140,141,154
13,0,91,11;138,137,136,135,134,133,132,119,118;42,55,68,69,70;31,18,5;20,21,22,23,24,37,50,63,76,89,102,115,128,141,154,153,152,165,164,163,162,161,160,159,158,157,156,143,130,117,104,91,78,65,52,39,26,13,0,1,2,3,4;105,106,107,108,109,110,111,112,99,86,73,60,47,34,33,32,19,6,7,8,9,10,11,12,25,38,51,64,77,90,103,116,129,142,155,168,167,166;120,121,122,123,124,125,126,139;151,150,149,148,147,146,145,144,131;140,127,114,101,88,75,62,49,36;43,56,57,58,71,84,83,82,81,80,67,54,41,28,29;44,45,46,59,72,85,98,97,96,95,94,93,92,79,66,53,40,27,14,15,16,17,30;35,48,61,74,87,100,113
13,0,92,10;98,97,96,95;43,42,41,40,53,66,79,92,105,118,131,132,133,134,135,136,137,138,139,140,141,128;144,145,146,147,148,149,150,151,152,153,154,155,142,129,116,103,90,77,76,75,74,73,72,85,84,83,82;64,63,62,61,60,59,46,45,44,57,56,55,54,67,80,93,106,119,120,121,122,123,124,125;0,13,14,15,16,17,18,19,20,21,22,35,36,37,24;39,52,65,78,91,104,117,130,143,156,157,158,159,160,161,162,163,164,165,166,167,168;9,8,7,6,5,4,3,2,1;126,127,114,115,102,89,88,87,86,99,112,111,110,109,108,107,94,81,68,69,70,71,58;26,27,28,29,30,31,32,33,34,47,48,49,50,51,38,25,12,11,10,23;113,100,101
13,0,93,13;74,73,86,99,100,113,114;153,140,127,126,125,112,111,98,85,72,59,60,61,62,63,50,37,24,11,10,9,8,7,6,5,4,17,30,29,28,27,14;83,96,95,94,93,80,79;12,25,38,51,64,77,90,103,116,129,142,155,168;132,119,106,107,108,109,110,97,84,71,70,69,82;15,16,3;163,162,161,148;89,76,75;2,1,0,13,26,39,40,53,66,67;152,139,138,137,124,123,122,121,120,133,146,145,144,131,118,105,92;52,65,78,91,104,117,130,143,156,157,158,159,160,147,134,135,136,149,150,151,164,165,166,167,154,141,128,115,102,101,88,87;35,34,33,32,31,44,43,42,41,54;81,68,55,56,57,58,45,46,47,48,49,36,23,22,21,20,19,18
13,0,94,12;120,133,134,135,122,109,96,95,82,69,56,43,44,45,46,33,20,19,18,17,16,15;112,99,86,73,72;0,13,26,39,52,65,78,79,80;36,49,62,75,88,101,114,127,140;32,31,30,29,28,41,54;77,90,103,116,129,142,155,168,167,166,165,164,151;67,66,53,40,27,14,1;105,118,131,144,157,158,159,160,161,162,163,150,137,138,139,152,153,154,141,128,115,102,89,76,63,64,51,38,25,12,11,10,9,8,7,6,5,4,3,2;42,55,68,81,94,107,108,121;50,37,24,23,22,35,48,61,74,87,100,113,126,125,124,111,98,85;156,143,130,117,104,91,92,93,106,119,132,145,146,147,148,149,136,123,110,97,84,83,70,57;21,34,47,60,59,58,71
13,0,95,14;11,24,23,36;66,79,80,81,94,107,120,121,122;93,106,119,132,133,134,135,136,137,138,139,140,141,142,155,168,167,166,165,164,163,162,161,160,159,158,157,156,143,130,117,104,91,78,65;110,97,84;92,105,118,131,144,145,146,147,148,149,150,151,152,153,154;96,83,70,57,56,55,42,41,40,27,14,15,2,3,4,5,6,19,20,21,22,35,48,49,50,51,64,77;71,58,45,44,43,30;98,99,112,125,126,127,128,129,116,103,90,89,76,63,62,61,60,47,34,33,32,31,18,17,16,29,28;102,101,88,75,74,73,72,59,46;7,8,9,10;109,108,95,82,69,68,67,54,53,52,39,26,13,0,1;37,38,25,12;123,124,111;85,86,87,100,113,114,115
13,0,96,11;119,118,105,92,79,66,53,54;0,1,14,15,16,17,18,31,44,57,58,59,72,85;67,80,93,106,107,120,133,132,131,130,117,104,91,78,65,52,39,40,41;36,49,62,75,88;33,20,7,8,9,10,11,12,25,38,51,64,77;134,147,146,145,144;74,87,100,101,114,127,140,139,138,137,136,123,110,109,96,83,82;112,99,86,73,60,61,48,35,22,23,24,37,50,63,76,89,90,103,116,129,142,155,168,167,166,165,164,163,162,161,160,159,158,157,156,143;2,3,4,5,6,19,32,45,46,47,34,21;102,115,128,141,154,153,152,151,150,149,148,135,122,121,108,95,94,81,68,55,42;113,126,125,124,111,98,97,84,71,70,69,56,43,30,29,28,27,26,13
13,0,97,15;123,124,125;62,63,76,89,90;101,100,87,86,73,60,59,58,57,56,43,42,41,54,67,80,81,82,83,84,97,110,111;32,33,34,35,36,49,50,51,64,77;19,20,21,22,23,24,37,38;119,132,133,146,147,160,161,162,163,164,165,166,167,168;39,26,13,14,15,16,17,18,5,6,7,8,9,10,11,12,25;114,127,140,153,152,151,150,149,148,135,122,109,108,107,106,105,118,131,144,145,158,159;4,3,2,1,0;155,154,141,128,115;120,121,134;157,156,143,130,117,104,91,78,65,52;55,68,69,70,71,72,85,98,99,112,113,126,139,138,137,136;88,75,74,61,48,47,46,45,44,31,30,29,28,27,40,53,66,79,92,93,94,95,96;142,129,116,103,102
13,0,98,14;156,143,130,117,104,91,92;70,71,72,59;149,148,147,146;26,13,0,1,2,3,4,5,6,7,20,33,46,45,58,57,56,69,82,81,94,107,106,105,118,131,144,157;66,53,54;99,86,73,60,47,34,21,8,9,10,11,12;97,110,109,108,95;138,125,124,123,122,121,120,119,132,145,158,159,160,161,162,163,164,165,166,153,154,141,128,115,102,89,88,75,62,49;93,80,79,78,65,52,39,40,41,28,29,30;67,68,55,42,43,44,31,32,19;167,168,155,142,129,116,103,90,77,76,63,50,37,36;27,14,15,16,17,18;126,113,112,111,98,85,84,83,96;64,51,38,25,24,23,22,35,48,61,74,87,100,101,114,127,140,139,152,151,150,137,136,135,134,133
13,0,99,14;72,85,98,97,96,95,82,81,80,93,92,105,104;79,78,91;139,140,127,114,101,88,75,74,61,48,47;120,121,108,109,110,123;38,25,12,11,10,9,8,7,6,5,4,3,2,1,0;122,135,134,133,132;32,33,34,35,36,49,62,63,76,89,102,115,128,141,154,153,152,151,150;138,125,126,113,100,87,86,73,60,59,46,45,44,31,30,29;69,70,83;99,112,111,124,137,136,149,148,147,146,145,144,131;54,53,40;43,42,41,28;94,107,106,119,118,117,130,143,156,157,158,159,160,161,162,163,164,165,166,167,168,155,142,129,116,103,90,77,64,51,50,37,24,23,22,21,20,19,18,17,16,15,14,13;27,26,39,52,65,66,67,68,55,56,57,58,71,84
13,0,100,11;51,38,25,12,11,10,9,8,7,6,5,4,3,2,1,0,13,26,39,52,65,78,91,104,117,130,143,156,157,158,159,160,161,162,163,164,165,166,167,168,155,142,141,140,139,138,137,136,135,134,121,108,95,82,69;35,36,49,62,75,76;68,81,94,107,120;154,153,152,151,150,149,148,147,146,145,144,131,118,105,92,79,66,53,40,41,42;14,27,28,29,30,31,32,45,58,71,84,97,110,111,112,113,114,115;98,99,86,87;48,61,74,73,72,85;59,46,33,20,19,18,17,16,15;100,101,88,89,90,77,64,63,50,37,24,23,22,21,34,47,60;43,56,55,54,67,80,93,106,119,132,133;44,57,70,83,96,109,122,123,124,125,126,127,128,129,116,103,102
13,0,101,12;45,46,47,48,61,74,87,100,99;106,93,80,67,66;70,57,58;69,82,83,84,71,72,59;131,132,133,134,121,108,95,96,97,98,85,86,73,60;130,117,104,91,78,65,52,39,26,13,0,1,2,3,4,5,6,7,8,9,10,11,12,25,38,51,64,77,90,103,116,129,142,155,168,167,166,165,164,163,150,137,138,139,140,127,114,101,88,75,62,49,36,35,34,33,32,31,30;79,92,105,118,119,120,107,94,81,68,55,42,29;28,41,54;151,152,153,154,141,128,115,102,89,76,63,50,37,24,23,22,21,20,19,18,17,16,15,14,27,40,53;113,126,125,124,123,136,149,162,161,160,159,158,157,156,143;44,43,56;112,111,110,109,122,135,148,147,146,145,144
13,0,102,14;29,30,31,32,33,34,21,8,7,6;100,99,98;127,128,115,102,89,76,63,62,61,60,59,58,57,44,43,42,41,28,27,14;136,135,122,109,96;164,165,166,167,168,155;5,4,3;12,11,24,23,36,49,50,51,64,77,90,103,116,129,142,141,154,153,152,151,138,125,112,111,110,97,84,85,86,87;158,157,156,143,130,117,104,91,78,65,52;123,124,137,150,163,162,161,160,159,146,145,144,131,118,105,92,79,66,53,40,39,26,13,0,1,2,15,16,17,18,19,20;108,95,82,83,70,71,72,73,74,75,88,101,114,113,126,139,140;56,69,68,81,94,107,120,121;25,38,37;45,46,47,48,35,22,9,10;55,54,67,80,93,106,119,132,133,134,147,148,149
13,0,103,12;2,1,0,13,26,39,52,65,78,91,104,117,130,143,144,145;125,126,113,114,101,88,75,62;14,27,40,41;155,168,167,166,165,164,163,162,161,160,147,134,121,108,107;37,24,23,22,21,20,19,18,17,30,29,42,55,54,53,66,79,92,105,118,131,132,133,146,159,158,157,156;136,123,110,97,98,85,86,73;116,103,90,77,64,51,38,25,12,11,10,9,8,7,6,5,4,3,16,15,28;34,33,32,31,44,43,56;120,119,106,93,80,67,68,69,70;36,35,48,47,46,45,58,57;129,142,141,154,153,152,151,150,149,148,135,122,109,96,95,94,81;82,83,84,71,72,59,60,61,74,87,100,99,112,111,124,137,138,139,140,127,128,115,102,89,76,63,50,49
13,0,104,11;48,47,46,45,58,57,56,55,42,29,30;28,41,40,53,66,79,80;109,96,97,98,99,100,87,74,61,60,59,72,71,70,69,68,67,54;73,86,85,84,83,82,81,94,93,92,105,118,131,144,145,146,147,134;132,133,120,121,122,123,110,111,112,113,114,101,88,75,62;165,164,163,162,149,136;154,141,140,139,138,125;49,36,35,34,33,32,31,44,43;95,108,107,106,119;126,127,128,115,102,89,76,63,50,37,24,23,22,21,20,19,18,17,16,15,14,27;135,148,161,160,159,158,157,156,143,130,117,104,91,78,65,52,39,26,13,0,1,2,3,4,5,6,7,8,9,10,11,12,25,38,51,64,77,90,103,116,129,142,155,168,167,166,153,152,151,150,137,124
13,0,105,15;119,106,93,80,79,66,53;107,108,109,122,135,148,149,150,151,164,165,166,167;131,118,105,92;16,17,18,31,44,45,46,33,20,21,22,23,24,37,50,63,76,89,102,101,100,113,126,139,152,153,154;69,70,71,72,73,74,61,48;56,43,30,29,28,15;141,140,127,114;5,4,3,2,1,0,13,26,39,52,65,78,91,104,117,130,143,156,157,158,159,146,133,120;54,67,68,81,82,83,84,85,98,111,124;115,116,103,90,77,64,51,38,25,12,11,10,9,8,7,6,19,32;168,155,142,129,128;132,145,144;163,162,161,160,147,134,121;94,95,96,97,110,123,136,137,138,125,112,99,86,87,88,75,62,49,36,35,34,47,60,59,58,57;14,27,40,41,42,55
13,0,106,14;66,65,78,91,104,117,130,143,156,157,158,159,160,147,134,121;32,33,34,35,36;27,40,41,42,55,68,69,82,95,96,97,98,99,100,101,102,115,128,141,154,153,152,151,138,137,136,149,162,161;51,38,25,12,11,10,9,8,7,6,5,4,3,2,1,0,13,26,39,52,53,54,67,80,81,94;79,92,93,106,119,132,145,144;16,17,18,19,20,21,22,23,24,37,50;56,43,30,29,28,15,14;76,75,74,61,60,59;146,133,120,107,108,109,110,123,124,125,126,139;150,163,164,165,166,167,168,155,142,129,116,103,90,89,88,87,86,85,84,83,70,57,44,31;73,72,71,58,45,46,47,48,49,62,63,64,77;105,118,131;111,112,113,114,127,140;122,135,148
13,0,107,12;112,111,98,97,84,71,70,69,56,55,42;8,21,22,23,36,49;120,107,94,81,68,67,54,41,28,15,16,17,18,31;82,95,108,121,122,135,136,137,138,139,140,127,114,113,100,99,86,85,72,59,58,57;0,13,26,39,52,65,78,91,104,117,130,143,156,157,158;92,105,118;131,144,145,146,159,160,161,162,163,164,165,166,167,168,155,142,129,116,103,90,77,64,51,38,25,12;89,76,63,50,37,24,11,10,9;75,62,61,48,35,34,33,20,7;126,125,124,123,110,109,96,83;106,93,80,79,66,53,40,27,14,1,2,3,4,5,6,19,32;29,30,43,44,45,46,47,60,73,74,87,88,101,102,115,128,141,154,153,152,151,150,149,148,147,134,133,132,119
13,0,108,11;98,99,100,113,126,139;48,47,34,21,20,19,18,17,16,15,14,27,40,53,66,79,92,93,106,119,132,133,134,135,148,149,150,137,124;136,123,122,121,120,107,94,81;129,142,155,168;69,68,55,42,43;151,138,125,112,111,110,109,108,95,82,83,70,57,56;23,10,11,12,25,38,51,64,77,90,103,116,115,128,141,154,167,166;60,59,46,33,32,31,30,29,28,41,54,67,80;117,130,143,156,157,158,159,160,161,162,163,164,165,152,153,140,127,114,101,102,89;96,97,84,85,86,87,88,75,76,63,50,37,24;44,45,58,71,72,73,74,61,62,49,36,35,22,9,8,7,6,5,4,3,2,1,0,13,26,39,52,65,78,91,104,105,118,131,144,145,146,147
13,0,109,11;66,79,92,105,118,131,144,145,158;67,80,81,82,69,70,71,72,59,60,47,34,33,32,31,30;44,43,42,29,16,17,18,19,20,21,22,23,24,25,38,51,64,77,90,103,116,129,142,155,168,167,166,165,164,163,162,161,160,159;115,128,141,154,153,152,151,150,149,148,147,146,133,120,107;49,62,75,88,87,100,113,112,111,110,97;56,57,58,45,46;68,55,54,41,28,15,14;85,84,83,96,109,122,123,124,125,126;98,99,86,73,74,61,48,35,36,37,50,63,76,89,102,101,114,127,140,139,138,137,136,135,134,121,108,95,94,93,106,119,132;39,26,13,0,1,2,3,4,5,6,7,8,9,10,11,12;157,156,143,130,117,104,91,78,65,52,53,40,27
13,0,110,12;77,64,51,38,25,12,11,10,9,8,7,6,5,4,3,2,1,0,13,26,39,52,65,78,91,104,117,130,131,144,145,146,133,134,121,108,109,110,97,84,71,70;132,119,118,105,92,79,66,53,40,27,14,15,16,17,18,19,20,21,22,23,24,37,50,63,76;115,102,101,88,75,62,49,36;135,136,137,138,151,152;116,103,90,89;153,140,139,126,125,112,99,86,73,60,47,46,45,44,43,42,55,68;122,123,124,111,98,85,72,59,58,57,56,69,82,81;129,142,155,168;162,161,160,159,158,157,156,143;35,48,61,74,87,100,113,114,127,128,141,154,167,166,165,164,163,150,149,148,147;94,95,96,83;34,33,32,31,30,29,28,41,54,67,80,93,106,107,120
13,0,111,12;86,85,98,111,124,137,138,139,140,153,166,167,168,155,142,129,116,103,90,77,64,51,38,25,12;42,55,68,81,94,107,120,121,122,123,136,149,150,151,152,165;110,97,84,71,72,73,74,87,100,113,126;20,7,6,5,4,3,2,1,0,13,26,39,52,65,78,91,104,117,130,143,156,157,158,159,160,161,162,163,164;127,114,101,102,89,76,63,50,49,36,23,22,21;88,75,62,61,48,35,34,33,32,19,18,17,16,15,14,27,40,53,66,79,92,105,118,131,144,145,146,147,148;99,112,125;8,9,10,11,24,37;108,95,82,69,56,43;154,141,128,115;47,46,45,44,31,30,29,28,41,54,67,80,93,106,119,132,133,134,135;109,96,83,70,57,58,59,60
13,0,112,10;132,119,106,93,94,95,96,97,98,99,86,87;47,60,59,72,85,84,83,82,81,80,67,54,41,28,29,30,43;42,55,56,57;100,113,112,111,110,109,108,107,120;5,18,17,16,15,14,27,40,53,66,79,92,105,118,131,144,145,146,147,148,149,150,151,152,153,154;24,37,50,63,76,89,102,115,128,141,140,139,138,137,136,135,134,133;73,74,61,48,35,22,9,10,11,12,25,38,51,64,77,90,103,116,129,142,155,168,167,166,165,164,163,162,161,160,159,158,157,156,143,130,117,104,91,78,65,52,39,26,13,0,1,2,3,4;23,36,49,62,75,88,101,114,127,126,125,124,123,122,121;6,7,8,21,34,33,46,45,58,71,70,69,68;44,31,32,19,20
13,0,113,11;68,69,70,71;80,81,94,95,108,121,122,123,136,149;99,98,111,124,137,150,151,152,153,154,155,142,129,116,103,90,77,64,51,38,25,12,11,10,9,8,7,6,19,18,17,16,15,14,27;74,61,48,47,46,45,44,43,42;72,85,84,97,110,109;20,21,22,23,24,37,50,63,76,89,102,115,128,141,140,139,138,125,112,113,100,87,86,73,60,59,58,57,56,55,54,67,66,79,92,105,118,131,144;126,127,114,101,88,75,62,49,36,35,34,33,32,31,30,29,28,41,40,53;119,132,145,146,147,160,161,162,163,164,165,166,167,168;96,83,82;5,4,3,2,1,0,13,26,39,52,65,78,91,104,117,130,143,156,157,158,159;93,106,107,120,133,134,135,148
13,0,114,11;61,48,47,34,33,20,7,6,5,4,3,2,1,0,13,26,39,52,65,78,91,104,117,130,143,156,157,158,159,146,133,120,107,94;19,18,17,16,15,14,27,40,53,66,79,92,105,118,131,144,145;60,73,74,87,100,113,126,139;8,21,22,35,36,49,62,75,88,101,114,127,140;46,59,72,85,86,99,112,125,138,151,152,153,154,141,128,115,102,89,76,63,50,37,24,23,10,9;42,55,56,57,70,83,96,109,110,123,124;81,80,93,106,119,132;11,12,25,38,51,64,77,90,103,116,129,142,155,168,167,166,165,164,163,150,149,148;32,31,30,29,28,41,54,67,68,69,82,95,108,121,122,135,136,137;134,147,160,161,162;111,98,97,84,71,58,45,44,43
13,0,115,13;45,58,71,84,97,110,123,136,137,150,163;128,115,102,89,76;14,27,40,53,66,79,92,105,118,131,144,145,146,147,148,135,122,109,96,83,70,57,44,31,32,33,46,59,60,61,62,63,64,77,90,103,116,129,142;152,139,126,113,112,99,98,85,72,73;35,36,23,10,11;153,140,127,114,101,100,87,86;88,75,74;141,154,155;120,107,94,81,68,55,42,29,16,3,4,5,6,7,8,9,22;38,51,50,49,48,47,34,21,20,19,18,17,30,43,56,69,82,95,108,121,134,133,132,119,106,93,80,67,54,41,28,15,2,1,0,13,26,39;37,24,25,12;52,65,78,91,104,117,130,143,156,157,158,159,160,161,162,149;111,124,125,138,151,164,165,166,167,168
13,0,116,10;94,93,80,67,68,69,70,57,44,31,30,29,42,41,40,27,14;85,98,97,96,95,108,107,120,133,146,159,160,161,162,163,164,165,166,167,168,155,142,129,116,103,90,77,64,51,38,25,12,11,10;43,56,55,54,53,66,79,92,105,118,131,144,143;121,134,147,148,149,150,151,152,153,154,141,128,115,102,89,76,63,50,37,24,23,22,9;156,157,158,145,132,119,106;46,45,32,19,18,17,16,15,28;8,21,34,35,36,49,62,75,88,101,114,127,140,139,138,137,136,135,122,109,110,111,112,99,86,73,60,59,58;33,20,7,6,5,4,3,2,1,0,13,26,39,52,65,78,91,104,117,130;123,124,125,126,113,100,87,74,61,48,47;81,82,83,84,71,72
13,0,117,14;65,66,67,54,55,56,69,82,95,96,97,110,123,122,135,134,133,132,131,130,143,156,157,158,159,160,161,162,163,150,151,152,153,154,141,128,115,102,89,76,75,62,49,48,47;16,17,30,31,32,33,34,35,36,37,50,63,64,77,90,103,116,129,142,155,168,167,166,165,164;71,84,85,98,111,124,125,126,113,100,87,74,61,60,59,46,45;112,99,86,73,72;29,28,15,2,3,4,5,6,7,8,9,10,11,12,25,38,51;117,118,119,120,121,108,109;83,70,57,58;1,0,13,26,39,52,53;107,106,105,104,91,78;144,145,146,147,148,149,136,137,138,139,140,127,114,101,88;94,93,92,79;24,23,22,21,20,19,18;44,43,42,41,40,27,14;80,81,68
13,0,118,14;89,88,75;99,86,73,60,47,34;49,50,51,64;80,67,54,55,42,29,30,17,4,3,2,1,14,27;144,131,118,119,106,93,94,95,96;112,125,138,137,136,135,134,121,108,109,110,97,84,71;0,13,26,39,52,65,78,91;24,23,22,21,20,19,32,45,58,57,70,83,82;154,141,128,115,114,113,126,139,152,151,150,149,148,147,146;33,46,59,72,85,98,111,124,123,122;107,120,133,132,145;81,68,69,56,43,44,31,18,5,6,7,8,9,10,11,12,25,38,37,36,35,48,61,74,87,100,101,102,103,116,129,142,155,168,167;62,63,76,77,90;16,15,28,41,40,53,66,79,92,105,104,117,130,143,156,157,158,159,160,161,162,163,164,165,166,153,140,127
13,0,119,13;120,107,94,81,80,79,92,105,118,131,144,145,158,159,160,161,162,163,164,165,166,167,168,155,142,129,116,103,90,77,64,51,38,25,12,11,10,9,8,21;98,97,110,123,136,135,134,121,108,95,82;34,35,48,49,62,75,88,101,100,113;22,23,36;122,109,96,83,70,57,56;111,124,137,138,139,140;31,44,43,42;73,72,59,46,33,20,7,6,5,4,3,2,1,0,13,26,39,52,65,78,91,104,117,130,143,156,157;16,15,14,27,40,53,66,67;89,76,63,50,37,24;102,115,114,127,126,125,112,99,86,85,84,71,58,45,32,19,18,17,30,29,28,41,54,55,68,69;87,74,61,60,47;93,106,119,132,133,146,147,148,149,150,151,152,153,154,141,128
13,0,120,13;140,139,138,125,124,123,122,121,120,133;87,74,61,62,49,50,37,24,11;137,150,151,152,153,154,141,128,115,102,89;132,119,106,107,108,109;8,7,6,5,4,3,2,1,0,13,26,39,40,53,54,55,68,81,80,79,78,91,104,117,130,143,156,157,158,159,160,161,148;12,25,38,51,64,63,76,75,88,101,114;84,71,58,45,32;86,73,60,47,48,35,36,23,10;20,19,18,17;67,66,65,52;9,22,21,34,33,46,59,72,85,98,99,100;14,15,16,29,30,31,44,57,70,83,96,97,110,111,112,113,126,127;27,28,41,42,43,56,69,82,95,94,93,92,105,118,131,144,145,146,147,134,135,136,149,162,163,164,165,166,167,168,155,142,129,116,103,90,77
13,0,121,12;138,151,150,149,148,147,134,133,132,119,106,93,80,67,54,41,28,15,16,17,18,19,32,45,46;11,10,9,8,7,6,5,4,3,2,1,0,13,26,39,52,65,78,91,104,117,130,143,156,157,158,159,160,161,162,163,164,165,152;74,61,48,47;71,72,73,86,87,88,75,62,49,36,35,34;82,95,96,97,98,99,100,101,102,115,128,141,154;12,25,38,51,64,77,90,103,116,129,142,155,168,167,166,153,140,139;43,56,69,70,83,84,85;14,27,40,53,66,79,92,105,118,131,144,145,146;60,59,58,57,44,31,30,29,42,55,68,81,94,107,108,109,110,123,124,125,126,127,114;89,76,63,50,37,24,23,22,21,20,33;137,136,135,122,121,120;113,112,111
13,0,122,10;109,110,97,84,83,82,81,68,55,42;140,127,126,113,112,99,86,73,60,59,58,57;163,162,161,160,159,158,157,156,143,130,117,104,91,92,93,94;125,124,111,98,85,72,71,70,69,56,43;64,51,38,25,12,11,10,9,8;147,146,145,144;66,53,40,27,14,15,16,17,18,19,32,33,34,35,36,49,62;74,75,88,89,102,103,116,129,142,155,168,167,166,165,164,151,150,149,148,135,134,133,132,131,118,105,106,107,108,95,96;119,120,121,122,123,136,137,138,139,152,153,154,141,128,115,114,101,100,87;61,48,47,46,45,44,31,30,29,28,41,54,67,80,79,78,65,52,39,26,13,0,1,2,3,4,5,6,7,20,21,22,23,24,37,50,63,76,77,90
13,0,123,14;16,3,2,1,0,13,26,39,52,65,78,91,104,117,130,143,156,157,158,159,160,161,162,163,164,165,166,167,168,155,142,129,116,103,90,77,64;108,121,134,147,148,149,136,123;38,25,24;126,113,100,87,86,73,72,59,58,57,56,55;68,81,94,107,120,133,146;135,122,109;71,70,69,82;51,50,37,36,23,10,11,12;31,18,19,20,21,34,35,48,49,62,63,76,89,102,115,128,141,154,153,152,151,150,137,124,111,110,97;45,44,43,42;132,119,106,93,80,67,54,41,28,29,30;15,14,27,40,53,66,79,92,105,118,131,144,145;22,9,8,7,6,5,4,17;95,96,83,84,85,98,99,112,125,138,139,140,127,114,101,88,75,74,61,60,47,46,33,32
13,0,124,13;132,133,120,107,108,95;18,17,16,15,14,27,40,53,66,79,92,105;12,11,10,9,8,7;37,36,35,48,47,46,45,32,31,30,29,28,41,54,67,80,93,106,119,118,131,144,145,146,147,148,135,136,137,138,139,126,113;123,110,111,98,85,86,73,60,61,62,49,50;34,33,20,19,6,5,4,3,2,1,0,13,26,39,52,65,78,91,104,117,130,143,156,157,158,159,160;63,76,75,74,87,100,99,112,125,124;72,59,58,57,56,69,82,83,96,109,122,121,134;97,84,71,70;44,43,42,55,68,81,94;161,162,163,164,165,166,167,168,155,142,129,116,103,90,77,64,51,38,25,24,23,22,21;88,89,102,115,128,141,154,153,152,151,150,149;101,114,127,140
13,0,125,13;144,131,118,105,106,107,120,121,122,123;28,41,54,55,68,69,70;138,125,112,99,86,85,84,71,58,59,60,47,48,35,36;79,92,93,94,95,108,109,110;157,156,143,130,117,104,91,78,65,52,39,26,13,0,1,2,3,4,5,6;37,24,23,22,21,34,33,32,31,30;75,76,89,102,115,128,141,154,153;88,87,100,113,126,139,152,151,150,149,148,147,146,133;119,132,145,158,159,160,161,162,163,164,165,166,167,168,155,142,129,116,103,90,77,64,63;140,127,114,101;17,18,19,20,7,8,9,10,11,12,25,38,51,50,49,62,61,74,73,72;134,135,136,137,124,111,98,97,96,83,82,81,80,67,66,53,40,27,14,15,16,29,42,43,56,57;44,45,46
13,0,126,14;70,71,84,97,110;102,115,128;43,44,57,58,59,72,85,98,111,124,123;126,139,152,153,154;13,26,39,52,65,78,91,104,117,130,143,156,157,158,159,160,161,162,163,164,165,166,167,168,155,142,141,140,127,114,113,112,99,86,73,60,61,48;63,62,49,36,35;107,120,121,122,109,96,83,82,69,56;3,2,15,28,41,54,67,80,93,106,119,132,133,134,135,136,137,138,125;101,88,89;129,116,103,90;100,87,74,75,76,77,64,51,38,25,12,11,10,9,8,7,20,33;151,150,149,148,147,146,145,144,131,118,105,92,79,66,53,40,27,14,1,0;30,31,18;50,37,24,23,22,21,34,47,46,45,32,19,6,5,4,17,16,29,42,55,68,81,94,95,108
13,0,127,12;144,131,118,105,92,79,66,53,54;28,29,30,43,56,69,82,95,108,121,134;141,140,127,114,101,88,75,62,61,60,59,46;63,76,89,102,115,128,129,142,155,154,153,152;12,11,24,23;133,120,107,94,81;149,136,123,110,111,98,85,84,83,70,57,58,45;10,9,8,7,6,5,4,3;44,31,32,33,34,47,48,49,50,51,64,77,90,103,116;97,96,109,122,135,148,147,146,145,132,119,106,93,80,67,68,55,42,41,40,27,14;25,38,37,36,35,22,21,20,19,18,17,16,15,2,1,0,13,26,39,52,65,78,91,104,117,130,143,156,157,158,159,160,161,162,163,150,137,124,125,112,99,86,73,72,71;74,87,100,113,126,139,138,151,164,165,166,167,168
13,0,128,13;33,46,45,44,43,30,29,28,41,54,67,80,93,92,91,78,65,52,39,26,13,0,1,2,3,4;119,132,133,134,135,136,123,124,111,98,85,72,59,58,57,56,69,82;23,22,35,48,61,62,63,50;75,74,73,60,47,34,21,20,19,32,31;70,71,84,97,110,109,122,121,120;38,25,12,11,10,9,8,7,6,5,18,17,16,15,14,27,40,53,66,79;118,131,144,145,146,147,148,149,150,137;83,96,95,94,81,68,55,42;49,36,37,24;139,152,165;108,107,106,105,104,117,130,143,156,157,158,159,160,161,162,163,164,151,138,125,126,127,128,141,154;76,89,88,87,86,99,112,113,114,115,116,129,142,155,168,167,166,153,140;100,101,102,103,90,77,64,51
13,0,129,14;105,92,93,80,67;152,153,140,127,128,115,102,89,76,63,50,37,24,23;65,78,91,104,117,130,143,156;119,118,131,144,157,158,159,160,161,162,163,164,165,166,167,168,155;154,141,142,129,116,103,90,77,64,51,38,25,12,11,10,9,8,21,34,47,48,61,74,87,100,99;81,68,55,42,29,30,31,44;106,107,108,109,96,97,84,71,72;43,56,69;94,95,82,83,70,57,58,45,32,19,18,17,16,15,28,41;120,133,134,135,136,137,124,125,112;54,53,66,79;40,27,14;132,145,146,147,148,149,150,151,138,139,126,113,114,101,88,75,62,49,36,35,22;52,39,26,13,0,1,2,3,4,5,6,7,20,33,46,59,60,73,86,85,98,111,110,123,122,121
13,0,130,13;145,132,119,106,107,108,95,96,97,84,71,70,57,44,45,46,47;19,20,21,22,23,36,49,50,63,76,89,88,87,100,113,126,139,140;151,152,153,154,141,128,127,114,101,102,103,90,77,64,51,38,25,12;148,149,136,123,124,125,112,99,86,85,72;3,4,5,6,7,8,9,10,11,24,37;121,120,133,146,159,158,157,144,131,118,105;156,143,130,117,104,91,92,93,94,81,82,83;14,27,26,39,52,65,78,79,80,67,68,69,56,43,30;164,165,166,167,168,155,142,129,116,115;75,62,61,48,35,34,33,32,31,18,17,16,29,42,55,54;138,137,150,163,162,161,160,147,134,135,122,109,110,111,98;66,53,40,41,28,15,2,1,0,13;58,59,60,73,74
13,0,131,12;111,112,99,86,85,84,83,82;106,119,132,133,134,147,148,149,150,151,152,153,154,141,128,115,102,89,76,63,50,49,36;35,22,23,24,37,38,51,64,77,90,103,116,129,142,155,168,167,166,165,164,163,162,161,160,159,146,145,144,131,118,105,92,93,94,107,120,121,122,135,136,137;32,33,46;15,28,41,42,43,56,69;98,97,96,95;138,139,140,127,114,101,88,75,62,61,48,47,34,21,20,19,18,17;13,14,27,40,53,54,55,68,81,80,79,78,91,104,117,130,143,156,157,158;67,66,65,52,39,26;25,12,11,10,9,8,7,6,5,4;108,109,110,123,124,125,126,113,100,87,74,73,60,59,58,45;0,1,2,3,16,29,30,31,44,57,70,71,72
13,0,132,14;147,134,133,132,119,106,107,108,109,110,123,136,149,150,151,152,153,154,141,128,115,102,103,90,77,64,51,38,25,12,11,10,23;27,14,15,16,29,42,43,44,45;146,145,144,131,118,105,92,93,94,81,68,55,56,57,58,71,72,73,74,75,62,49,36,35,22,9,8,7,6,5;24,37,50,63,76,89,88,101,114;113,100,87,86,85,84,83;140,139,138,137,124,111,98,97,96,95;66,65,52;53,40,39,26,13,0,1,2,3,4,17,30,31,32;18,19,20,21,34,47,48,61;70,69,82;99,112,125,126,127;160,159,158,157,156,143,130,117,104,91,78,79,80,67,54,41,28;116,129,142,155,168,167,166,165,164,163,162,161,148,135,122,121,120;33,46,59,60
13,0,133,12;160,159,158,157,156,143,130,117,104,91,78,65,52,39,26,13,0,1,2,3,4,5,6,7,8,9,22,23,24,25,38,51,64,77,90,103,116,129,128,127;54,41,28,29,30,31,18,19,20,21,34,35,48,61,74,87,86,99,98,97,96,109,108;166,167,168,155,142,141,140,139,138,151,150,149,136,135,134,133,132,119,106,93;100,101,88,75,62,49;70,71,58,59;10,11,12;154,153,152,165,164,163,162,161,148,147,146,145,144,131,118,105,92,79,80,81,68,55,42,43,44,45,32,33;57,56,69,82,95,94,107,120,121,122,123,110,111,112,113,126;46,47,60,73,72,85,84,83;17,16,15,14,27,40,53,66,67;125,124,137;114,115,102,89,76,63,50,37,36
13,0,134,11;144,131,118,105,92,79,66,53,40,41,42,43,44,45,58,59,72,73;97,110,123,136,149,150,151,152,153,154,141,128,115,102,89,76,63;135,122,109,96,95,94,81,68,69,70,71;160,159,146,133,120;101,88,75,62,49,50,51,64,77,90,103,116,129,142,155,168,167,166,165,164,163,162,161,148,147,134,121,108,107;22,23,24;126,125,112,99,86;82,83,84,85,98,111,124,137,138,139,140,127,114,113,100,87,74,61,48,35,34,21,20,19,18,17,16,15,14,27;57,56,55,54,67,80,93,106,119,132,145,158,157,156,143,130,117,104,91,78,65,52,39,26,13,0,1,2,3,4,5,6,7,8,9,10;11,12,25,38,37,36;60,47,46,33,32,31,30,29,28
13,0,135,12;27,14,15,16,17,18,19,20,21,22,23,24,37,50,63,76,89,102,101,100,113,126,139,138,137;117,130,143,156,157,158,159,160,161,148,135,122;147,146,145,144,131;115,128,141,154,153,152,151,150,149,136,123,124,125,112,99,86,87,88,75,62,49,36,35,34,33;59,58,71,84,97,96,95,94,81,80;29,28,41,40,39,26,13,0,1,2,3,4,5,6,7,8,9,10,11,12,25,38,51,64,77,90,103,116,129,142,155,168,167,166,165,164,163,162;30,43,42,55,54,53,52,65,78,91,104,105,118,119,132,133,134,121,108,109,110,111;60,73,72,85,98;31,44,57,70,83,82;140,127,114;74,61,48,47,46,45,32;120,107,106,93,92,79,66,67,68,69,56
13,0,136,13;116,129,142,155,168,167,166,165,164,163,162,161,160,159,158,157,156,143,130,117,104;35,36,49,62,75;93,80,79;121,108,95,96,97,98,99,112,113,114,115,102,103,90,77,64,51,38,25,12,11,10,9,8;69,68,67,66,53,40,27,28,29;70,57,56,55,54,41;100,87,86,85,84,83,82,81,94,107,120;118,131,144,145,146,147,148,149,150,137,138,139,140;60,59,46,33,20,7,6,5,4,3,2,1,0,13,26,39,52,65,78,91,92,105,106,119,132,133,134,135,136,123;42,43,30,31,32;122,109,110,111,124,125,126,127,128,141,154,153,152,151;44,45,58,71,72,73,74,61,48,47,34,21,22,23,24,37,50,63,76,89,88,101;14,15,16,17,18,19
13,0,137,13;154,153,140,139,126,113;57,58,59,60,61,62,63,64,51,38,25,12,11,10,9,8,7,6,5,4,3,2,1,0,13,26,39,52,65,78,91,92;134,121,122,109,96,83,70,71,72,73,74,75,76,77,90,103,116,129,142,141;149,162,161,160;28,41,54,67,80,79;117,104,105;115,102,101,100,99,98,111,110,123,136,135,148,147,146,159,158,157,156,143,130,131,118,119,106,93,94,81,68,55,42,29,30,31,32,33,34,35,36,37;89,88,87,86,85,84,97;112,125,124,137,150,163,164,165,166,167,168,155;152,151,138;144,145,132,133,120,107,108,95,82,69,56,43,44,45,46,47,48,49,50;114,127,128;24,23,22,21,20,19,18,17,16,15,14,27,40,53,66
13,0,138,14;11,12,25,38,51,64,77,90;67,68,81;46,59,72,85,98,111,112,125,138,139;20,21,34,47;26,13,0,1,2,3,16,29,42;15,28,41;87,74,75,62,49,36,35,22;102,103,116,129,142,155,168,167,166,165,164,163,162,161,160,159,158,157,156,143,130,117,104,91,78,65,52,39,40,27,14;48,61,60,73,86,99,100,113,126,127,140,153,152,151,150,137,124,123,110,97,84,83;136,135,134,133,132,119,106,107,108;96,109,122,121,120;80,93,94,95,82,69,70,71,58,45,32,33;19,18,31,44,57,56,55,54,53,66,79,92,105,118,131,144,145,146,147,148,149;43,30,17,4,5,6,7,8,9,10,23,24,37,50,63,76,89,88,101,114,115,128,141,154
13,0,139,15;100,113,126,125;62,75,74,73,60,47,34,21,22,23,24;156,143,130,117,104,91,78,65,52,39,26,13,0,1,2,3,4;37,36,35,48,61;5,6,19,32,45,58,71,84,83,96,109,110,123;160,159,158,157,144;80,93,106,119,120,133,134,147,148,161,162,163,164,165,166,167,168,155,142,129,116,103,90,77,64,51,38,25,12,11,10,9,8,7,20,33,46,59,72,85,98,97;18,17,16,15,14,27,40,53,66,79,92,105,118,131,132,145,146;67,68,81,94,107,108,121;56,55,54;41,42,43,44,57,70,69,82,95;28,29,30,31;140,139,138,137,124,111,112,99;127,114,101,88,87,86;122,135,136,149,150,151,152,153,154,141,128,115,102,89,76,63,50,49
13,0,140,12;129,142,155,168;61,48,35,36,23,24,11,12;165,152,151,150,149,148,147,146,145,144,131,118,105,92,79,66,53,40,27,14,15,16,17,18,19,32;71,58,59,60,47,34,21,22,9,10;96,97,98,99,86,87,88,89,102;43,42,55,68,81,94,107,120,121,122,123,124,125,126,127,128,141,154,167;164,163,162,161,160,159,158,157,156,143,130,117,104,91,78,65,52,39,26,13,0,1,2,3,4,5,6;8,7,20,33,46,45,44,57,70,83,84,85,72,73,74,75,62,63,64,51,38,25;56,69,82,95,108,109,110,111,112,113,100,101;49,50,37;114,115,116,103,90,77,76;166,153,140,139,138,137,136,135,134,133,132,119,106,93,80,67,54,41,28,29,30,31
13,0,141,11;83,70,71,72,73,74;140,139,138,137,124,111,98,99,100,101,102,103;125,126,127,128,129;75,62,61,60,59,58,57,56,69,82,95,96,109,122,135,148,147,146,145,144;50,37,24,23,22,21,20,19,18,17,16,15,14,27,40,53,66,79,92,105,118,131,130,143,156,157,158,159,160,161,162,163,164,165,166,167,168,155,142;141,154,153,152,151,150,149,136,123,110,97,84,85,86,87,88,89,76,63;112,113,114,115,116;117,104,91,78,65,52,39,26,13,0,1,2,3,4,5,6,7,8,9,10,11,12,25;36,35,34,33,32,31,30,29,28,41,54,67,80,93,106,119,120;90,77,64,51,38;49,48,47,46,45,44,43,42,55,68,81,94,107,108,121,134,133,132
13,0,142,11;136,137,138,139,140,127,114;80,79,78,65,52,39,26,13,0,1,2,3,4,5,6,7,8,9,22,23,24,37,50,63,76,89,102,115,128,141,154,153,152,151,150,149;32,19,18,17,16,15,14,27,40,53,54,55,42;111,98,85,72,73,60,47,34,35,36,49;112,99,86,87,74;31,30,29,28,41;120,107,106,93,92,91,104,117,130,143,156,157,158,159,160,161,162,163,164,165,166,167,168,155,142,129,116,103,90,77,64,51,38,25,12,11,10;21,20,33,46,59,58,71,84,97,110,109,108,121,134,133,132,119;45,44,57,70,83,96,95,94,81,68,67,66;82,69,56,43;48,61,62,75,88,101,100,113,126,125,124,123,122,135,148,147,146,145,144,131,118,105
13,0,143,11;133,134,121,122,123,110,111,112,113,114,115,116;42,55,56,57,58,59,46,47;29,28,41,54,67,80,93,106,105,118;154,141,140,139,138,151,150,149;75,62,49,36,35,34,33,32,45,44,43,30,17,16,15,14,27,40,53,66,79,92,91,104,117;31,18,19,20,21,22,23,24,37,50,63,76,89,88,87,74;153,166,167,168,155,142,129,128,127,126,125,124,137,136,135,148,147,146,145,144;95,82,83,84,97,98,99,100,101,102,103,90,77,64,51,38,25,12,11,10,9,8,7,6,5,4,3,2,1,0,13,26,39,52,65,78;152,165,164,163,162,161,160,159,158,157,156,143,130,131,132,119,120,107,108,109,96;86,85,72,71,70,69,68,81,94;73,60,61,48
13,0,144,15;36,35,34,33,32;76,77,90,103;73,86,85,84,97,110,111,124,125,126,127,128,141;152,151,150,149;114,113,112,99,98;44,43,42,55,68,81,82,95,108,121,134,133,132;3,2,1,0,13,26,39,52,65,78,91;135,148,147,146,145,144,131,118,119,120,107,94,93,80,67,54,41,28,29,30,31,18,19,20,21;69,56,57,58,45,46,47;106,105,104,117,130,143,156,157,158,159,160,161,162,163,164,165,166;60,59,72,71,70,83,96,109,122,123,136,137,138,139,140,153,154,167,168;101,100,87,74,61,48;155,142,129,116,115,102,89,88,75;62,49,50,37,24,23,22,9,8,7,6,5,4,17,16,15,14,27,40,53,66,79,92;63,64,51,38,25,12,11,10
13,0,145,14;108,95,82,69,56,57,44,45,46,47,48,35,22,21,8,7,6,5,4,3,2,1,0,13,26,39,52,65,78,91,92,105,106,119,132,133,134,135,136;72,73,86,99,100;93,80,79;9,10,23,36,49,62,75,74,87;34,33,32,31,30,29,28,41,40,53,66,67,68,81,94,107,120,121,122;114,113,112,111,98,85;24,37,50,63,76,89,88,101;61,60,59,58,71,70,83,96,109;84,97,110,123,124,137,150,149,148,147,146,145,144,131,118,117,104;127,126,125,138,151,152,153,154;11,12,25,38,51,64,77,90,103,102,115,128,141,140,139;116,129,142,155,168,167,166,165,164,163,162,161,160,159,158,157,156,143,130;54,55,42,43;20,19,18,17,16,15,14,27
13,0,146,11;126,139,152;53,40,27,14,15,16,17,18,19,20,21,34,47,46,45,44,43,42,55,68,81,80;98,111,124,137,136,135,134,133,132,131;129,142,155,168,167,166,165,164,163,162,161,160,159,158,157,156,143,130,117,104,91,78,65,52,39,26,13,0,1,2,3,4,5,6,7,8,9,10,11,12;153,154,141,128,115,102,89,76,63,50,37,36;33,32,31,30,29,28,41,54,67,66,79,92,105,118,119,120,121,122,123,110,97,84,85,86,99,112,125,138,151,150,149,148,147,146,145,144;113,114,127,140;69,56,57,58,59,60,61,74,87,100;116,103,90,77,64,51,38,25,24,23,22,35,48,49,62,75,88,101;94,95,82,83,70,71,72,73;93,106,107,108,109,96
13,0,147,11;98,111,110,123,122,121,120,119,118,105,92,79,66,53,40,27,14,15,16,17,18,19,20,21,22,23,24,37,50,63,76,89,102;81,82,83,70,71;112,99,86,73,60;165,166,167,168,155,142,129;41,28,29,30,31,32,33,34,35,36,49,62,75,88,101,114,127,140,139,138,151,164,163,162,161,160,159,158,157,156;135,136,137,124,125,126,113,100,87,74,61,48,47,46,45,58,57,56,69,68;94,107,108,109;134,133,132,131,130,117,104,91,78,65,52,39,26,13,0,1,2,3,4,5,6,7,8,9,10,11,12,25,38,51,64,77,90,103,116,115,128,141,154,153,152;44,43,42,55,54,67,80,93,106;143,144,145,146,147,148,149,150;95,96,97,84,85,72,59
13,0,148,12;86,99,100,113,126,125,124,123,122,109,108,107,106,105,92,79,66,53,40,27,14,15,16,17,18,19,20,21,22,23,24,37,50,63,76,75;58,59,72;29,42,55,68,81,82,83,96,97,110;95,94,93,80,67,54,41,28;73,60,61,62,49,36,35,34,33,32,31,30,43,56,69;148,147,146,145,144,157;85,84,71,70,57,44,45,46,47,48;135,134,121,120,119,118,117,104,91,78,65,52,39,26,13,0,1,2,3,4,5,6,7,8,9,10,11,12,25,38,51,64,77,90,103,116,129,142,155,168,167,166,165,164,163,162,161,160,159,158;89,102,115,128,141,154,153,152,151,150;133,132,131,130,143,156;112,111,98;74,87,88,101,114,127,140,139,138,137,136,149
13,0,149,13;74,75,88;131,118,105,92,79,66,53,40,41,42,43,44,45,58,71,84,97,110,123,136,135,148,147,146;163,164,165,166,167,154,141,128,115,114,113,126,139,138,137,124,111,98,85,72,59;130,143,156,157,158,159,160,161,162,149,150,151,152,153,140,127;120,107,108,95,82,69;14,15,16,17,18,19,20,21,34,35,36;22,23,24,37,50,63,76,89,102,101,100,87;96,83,70,57,56,55,54,67,80;168,155,142,129,116,103,90,77,64,51,38,25,12,11,10,9,8,7,6,5,4,3,2,1,0,13,26,39,52,65,78,91,104,117;27,28,29,30,31,32,33,46,47,48,49;62,61,60,73,86,99,112,125;144,145,132,133,134,121,122,109;68,81,94,93,106,119
13,0,150,15;33,20,7,6,5,4,3,2,1,0,13,26,39,52,65,78;25,38,51,50,63,76;105,106,107,120,121,122,109,110,111,98,99,100,87,74,75,62;96,97,84,85,86,73,60,61,48,49,36,37,24;168,155,154,153,152,151;41,28,29,30,31;167,166,165,164,163,162,161,160,159,158,157,156,143,130,117,104,91,92,93,80,67,54,55,42,43,44,57,70,83,82,95,108;12,11,10,9,8;71,58,45,32,19,18,17,16,15,14,27,40,53,66,79;56,69,68,81,94;21,22,23;118,131,144,145,146,147,148,149,150,137,138,139,140,141,142,129,116,103,90,77,64;88,101,114,113,112;72,59,46,47,34,35;89,102,115,128,127,126,125,124,123,136,135,134,133,132,119
