9,0,1,8;79,78,69,60,51,42,33,24,23,22,21;54,63,72,73,74,75,76,77,68;45,36,27,18,9,0;57,56,55,46,37,28,19,10,1,2,3,4,5,6,7,8,17,26,35,44,53,62,71,80;32,31,30,39,38,47;48,49,40,41;64,65,66,67,58,59,50;70,61,52,43,34,25,16,15,14,13,12,11,20,29
9,0,2,7;6,7,8;20,21,30,31,40,49,50,51,52,53,44,35,26,17;71,70,69,68,67,66;64,55,54,45,36,27,18,9,0,1,2,3,4,5,14,15,24,33;63,72,73,74,75,76,77,78,79,80;65,56,47,46,37;62,61,60,59,58,57,48,39,38,29,28,19,10,11,12,13,22,23,32,41,42,43,34,25,16
9,0,3,9;5,4,3,2,1,0,9,18,27,36,45,54,63,72,73,74,75,76,77,78;47,38,29,20,21,22,23;56,57,58,49,50,51,52,61;30,31,32,33,24;6,7,8,17,26,35,44,53,62,71;13,12,11,10,19,28,37,46;80,79,70,69;48,39,40,41,42,43,34,25,16,15,14;55,64,65,66,67,68,59,60
9,0,4,9;71,80,79;50,41,42,43,34;15,14,23,22,21,20;48,49,40,31,32,33,24,25,16;39,30,29,28,37;9,0,1,2,3,4,5,6,7,8,17,26,35,44;53,52,51,60,59,58,57,56,47,38;62,61,70,69,68,67,66,65,64,55,46,45,36,27,18,19,10,11,12,13;78,77,76,75,74,73,72,63,54
9,0,5,8;64,55,46,37,36,27,18,9,0,1,2,3,4,5,6,15,24,33;16,25,34,35,44,53,62,71,80;28,29,38,47,56,65,74,73,72,63,54,45;22,31,40,49,58,59,68,77,76,75;10,19,20,21,30,39,48,57,66,67;7,8,17,26;11,12,13,14,23,32,41,42,43,52,61,70,79,78;50,51,60,69
9,0,6,9;16,25,34,43,52,61,70,69,68,67,66;21,20,11,10,9,18,27,36,45,46;39,38,37;47,48,49,40,31,22;63,54,55;0,1,2,3,4,5;12,13,14,23,32,41,50,59,58,57,56,65,64,73,72;30,29,28,19;60,51,42,33,24,15,6,7,8,17,26,35,44,53,62,71,80,79,78,77,76,75,74
9,0,7,8;49,40,41,42,51,60,69,68,67,66,75,74,73,72,63,54,45,36,27,18,9,0,1,2,3;48,39,30,31,32;4,13,12,11,10,19,28,37,46,55,64,65;8,17,26,25,24,33;76,77,78,79,80,71,62,53,44;6,5,14,23,22,21,20,29,38,47,56,57,58,59,50;7,16,15;35,34,43,52,61,70
9,0,8,7;26,25,16,15,14,13;10,19,28,37,38,39,40;72,63,54,55,56,57,48,49,50,51,52,61,70,69,68,67;58,59,60;17,8,7,6,5,4,3,12,21,22,23,24,33,34,35;47,46,45,36,27,18,9,0,1,2,11,20,29,30,31,32,41,42,43,44,53,62,71,80,79,78,77,76,75,74,73;64,65,66
9,0,9,10;80,71,62,53,44,35,34;26,17,8,7,6,5,4,3,12;69,60,59,50,41;24,23,32,31,30,29,38,47,46;68,67,58,49;25,16,15,14,13,22,21,20,11,2,1,0,9,18,27,36,45;51,42,33;37,28,19,10;43,52,61,70,79,78,77,76,75,74,73,72,63,54,55,56,57,48,39,40;66,65,64
9,0,10,10;1,0,9;42,33,34,25,16,15,14,13,22,31,40,49,48,57,66,75,74,73,72;30,39,38,47,56,55;53,62,61,60;12,21,20,29,28,37,46;71,70,69,68;24,23,32,41;63,64,65;59,50,51,52,43,44,35,26,17,8,7,6,5,4,3,2,11,10,19,18,27,36,45,54;58,67,76,77,78,79,80
9,0,11,9;40,31,22,21,12,11,10;64,65,66,67,58,49,48,39,30;20,29,38,47,46,45,36,27;16,15,14,13;18,19,28,37;9,0,1,2,3,4,5,6,7,8,17,26,25,24,23,32,41;43,52,61,62,71,80,79,78,77,76,75,74,73,72,63,54,55,56,57;70,69,60;68,59,50,51,42,33,34,35,44,53
9,0,12,9;61,62,71,80,79,78,77,76,75,74,73,72,63,54,45,36,37,28,19,20,21;33,32,31,30;68,67,66,65,64,55,46,47,48;49,50,51,52,53,44,35,34,25,24,15,6,7,8;10,11,12,13,22;43,42,41,40,39,38,29;23,14,5,4,3,2,1,0,9,18,27;16,17,26;70,69,60,59,58,57,56
9,0,13,10;16,15,14,13;10,11,12,21,22,31,40,49;27,36,45,54;51,42,33;60,59,58,57,56,65,64;30,29,20,19,18,9,0,1,2,3,4,5,6,7,8,17,26,35,44,53,62,71,80,79,78,77,76,67;55,46,47,48;39,38,37,28;50,41,32,23,24,25,34,43,52,61,70,69,68;66,75,74,73,72,63
9,0,14,8;43,52,61,60,59,58,57,56;40,49,50;41,42,51;24,23,22,21,20,19,18,9,0;1,10,11,12,13,14,5,6,7,8,17,26,35,44,53,62,71,70,69,68,67,66,65,64,55,46,37;47,38,29,28,27,36,45,54,63,72,73,74,75,76,77,78,79,80;15,16,25,34,33,32,31,30,39,48;2,3,4
9,0,15,8;37,46,55,64,65,66,67,58,49,48;20,19,18,9,0;1,10,11;57,56,47,38,39,30,21,12;2,3,4,5,14,23,32,41,50,59,68,69,70,61,52,43,34,25,16;17,26,35,44,53,62,71,80,79,78,77,76,75,74,73,72,63,54,45,36,27,28,29;13,22,31,40;8,7,6,15,24,33,42,51,60
9,0,16,7;23,32,33,34;21,30,31,40,41,42;24,25,26,35,44,53,62,71,80,79,78,77,76,75,74,73,72,63,54,45,36,27,18,9,0,1,2;8,17,16,15,14,13,22;7,6,5,4,3,12,11,20,29,38,39,48,49,50,51,60;55,64,65,66,67,68,69,70,61,52,43;10,19,28,37,46,47,56,57,58,59
9,0,17,7;12,11,10,19,28,37,46,55,64,65,66,67,58;17,8,7,6,5,4,3,2,1,0,9,18,27,36,45,54,63,72,73,74,75,76;60,51,50,49;26,35,44,53,62,71,80,79,78,77;13,22,21,20,29,38,47,56,57;40,41,42,33,24;48,39,30,31,32,23,14,15,16,25,34,43,52,61,70,69,68,59
9,0,18,9;69,68,67,58,49,50,51,52,53,44;56,57,48,39,40;25,16,15,14,23,22,21,20,19,28,37,36,45,54,63,64,65,66;43,42,41,32,31,30,29,38,47,46,55;13,12,11,10;79,70,61,60,59;27,18,9,0,1,2,3,4,5,6,7,8,17,26,35,34,33,24;72,73,74,75,76,77,78;80,71,62
9,0,19,9;77,68,69,70,61,52,53;19,20,29,30,31,40,49,48,57,66,65,64;7,8,17,26,35,44,43,42,51,60,59,58,67,76,75,74,73,72,63,54,55;78,79,80,71,62;16,25,34,33,32,41,50;10,11,12,21,22,23,24,15,6,5;45,46,37,28;36,27,18,9,0,1,2,3,4,13,14;56,47,38,39
9,0,20,8;76,67,58,57,56,47,38,29;27,18,9,0,1,2,3,4,5,6,7,8,17,26,35,44,53,62,61;36,45,54,63,72,73,74,75;79,78,77,68,59,50,49,48,39,30,21,20,19,28;66,65,64,55,46,37;10,11,12,13,22,31,40,41,42,51,60,69,70,71,80;23,14,15,16,25,34,43,52;24,33,32
9,0,21,7;46,37,28,29,30,31,22,13,12,11,10,9;25,24,33,42,51,60,59,58,67,76,75,74,73,72,63;8,7,6,5,4,3,2,1,0;34,43,52,61,70,69,68,77;56,47,38,39,40,41,32,23,14,15,16,17,26,35,44,53,62,71,80,79,78;54,55,64,65,66,57,48,49,50;45,36,27,18,19,20,21
9,0,22,8;49,58,67,68,69;66,75,76,77,78,79,80,71,62,53,52,51,42,33,32,23,14,13,12,11,10,9,18,27,36,45,54;57,48,39,30,21,20,19,28,37,46,55,64,63,72;44,43,34,25;24,15,16,17,26,35;73,74,65,56,47,38,29;70,61,60,59,50,41,40,31,22;8,7,6,5,4,3,2,1,0
9,0,23,9;50,49,48,57,66,75;31,32,33,42,51,60,59,58,67;41,40,39,38,47,56,65,74;76,77,68,69,70,61,52,43,34,25,24,23,22,13;29,30,21,12,11,10;72,73,64,55,46,37;18,9,0,1,2,3,4,5,14,15,16;20,19,28,27,36,45,54,63;78,79,80,71,62,53,44,35,26,17,8,7,6
9,0,24,9;26,35,44,43;55,46,37,28,19,10;62,61,60,59,58;15,24,23,32,31,30,29,38,47;12,3,4;16,25,34,33,42,41,40,39,48,57,56,65,64;49,50,51,52,53;17,8,7,6,5,14,13,22,21,20,11,2,1,0,9,18,27,36,45,54,63,72,73,74,75,76,77,78,79,80;71,70,69,68,67,66
9,0,25,8;28,19,10,11,12,13,22,23;29,38,37,46;25,16,15,14;47,56,55,64,73,74,75,76,77,78,79,80,71,62,53,44,35,26,17,8,7,6,5,4,3,2,1,0,9,18,27,36,45;39,40,49,50;20,21,30,31,32,41,42,51,60,59,58,57,48;24,33,34,43,52,61,70,69,68,67,66,65;54,63,72
9,0,26,8;22,21,30,39,48;78,77,76,75,74,73,72,63,54,45,36,27,18,9,0,1,2,3,4,5,6,7,8,17;26,35,44,53,62,71,80,79;41,42,43,52,61,70;59,58,57,56,47,38,29,20;50,51,60,69;68,67,66,65,64,55,46,37,28,19,10,11,12,13,14,23,24;15,16,25,34,33,32,31,40,49
9,0,27,8;30,29,28,37,46,55,64,65,66,67,68,69,60,51,52;1,2,3;39,38,47,56,57,58,59,50,41,42,43,34;27,36,45,54,63,72,73,74,75,76,77,78,79,70,61;0,9,18,19,20,21,22,23,14;10,11,12,13,4,5;16,25,24,33,32,31,40,49,48;80,71,62,53,44,35,26,17,8,7,6,15
9,0,28,9;41,32,23;65,66,67,68,69,70,61,52,43,34,25;0,1,10;9,18,27,36,37,38,39,40,31,22,13,14,15,16,7;8,17,26,35,44,53,62,71,80,79,78,77,76,75,74,73,64,55,56,57,58,59;60,51,42,33,24;50,49,48,47,46,45,54,63,72;28,29,30,21,12,3,4,5,6;19,20,11,2
9,0,29,9;39,40,31,22,21,20;27,28,29,30;19,18,9,0,1,2,3,4,5,6,7,8;25,24,33,42,51,60,59,58,57,56,47,38,37,36;26,35,34,43;44,53,62,71,80,79,78,77,76,75,74,73,72,63,54,45;48,49,50,41,32,23;52,61,70,69,68,67,66,65,64,55,46;10,11,12,13,14,15,16,17
9,0,30,8;80,79,78,77,76,75,74;26,17,8,7,6,5,4,3,2,1,0,9,18,19;29,28,27,36,45,54,63,72,73;46,55,64,65,66,67,68,69,70,71;62,61,60,59,58,57,56,47,38,37;39,30,31,32,41,50,51,52,53,44,35,34,25,16,15,14,13,12,11,10;43,42,33,24,23,22,21,20;48,49,40
9,0,31,9;72,73,64,55,46,37,28,19,10;13,14,23;15,16,17;34,43,52,51;30,39,48,57,66,67,68,69,70;8,7,6,5,4,3,12,21,22;26,25,24,33,32,31,40,49,58,59,60,61;42,41,50;35,44,53,62,71,80,79,78,77,76,75,74,65,56,47,38,29,20,11,2,1,0,9,18,27,36,45,54,63
9,0,32,9;22,21,20,29,38,47,56,57;59,68,77,78,79;42,33,34;61,62,53,44,35,26;16,25,24,23,32;5,4,3,2,1,0,9,18,27,36,45,54,63,72,73,74,75,76,67,58,49,48,39,30;66,65,64,55,46,37,28,19,10,11,12,13,14,15,6,7,8,17;43,52,51,50,41,40,31;60,69,70,71,80
9,0,33,9;38,29,30,31,32;37,28,19,20,21,22,23,24,33;52,53,62,71,80,79,78,77,76,75,66,57,56;58,59,60,61;44,43,42,51,50,49;74,73,72,63,54,45,36,27,18,9,0,1,2,3,4,5,6,7,8,17,26,35;41,40,39,48,47,46,55,64,65;67,68,69,70;34,25,16,15,14,13,12,11,10
9,0,34,7;68,59,60,51,42,33,24;19,28,37,38,47,56,57,66,67;54,63,72,73,74,75,76,77,78,79,80,71,62,53,44,35,26,17,8,7,6,5,4,13,12,21;10,11,20,29,30,39,48;3,2,1,0,9,18,27,36,45,46,55,64,65;69,70,61,52,43,34,25,16,15,14,23,32,41,50;58,49,40,31,22
9,0,35,8;32,31,30,21,20,19;59,50,41,40,39,38,29,28,27,36,45,54,63,64,65,66;55,56,57;37,46,47,48,49,58,67,68;18,9,0,1,2,3,4,5,14,15,16,25,34,43,52,61,70,69;75,76,77,78,79,80,71,62,53,44,35,26,17,8,7,6;74,73,72;60,51,42,33,24,23,22,13,12,11,10
9,0,36,7;43,42,51,60,69,78,77,76,75,74,73,72,63,54,45,36,27,18,9,0,1,2,3,4,5,6,7,16;52,61,70;49,58,57,56,55,64;19,10,11,12,13,14,15;28,37,46,47,48,39,40,41,50,59,68,67,66,65;79,80,71,62,53,44,35,34,33,32,31,30,29,38;8,17,26,25,24,23,22,21,20
9,0,37,9;45,54,63,72;32,23,14,15,16,25,34,43,52;21,22,31;76,77,78,79,80,71,62,61,60,59,58,57,56,65,64;73,74,75,66,67,68,69,70;28,19,10,11,12,13,4,5,6,7,8,17,26,35,44,53;24,33,42,41,40,39,30,29,20;55,46,47,48,49,50,51;38,37,36,27,18,9,0,1,2,3
9,0,38,9;64,55,56,57,48,39;10,11,20,29,38,47,46,45,54,63,72,73,74,75,76,77,78,79,80,71,62,53,52,51,42;22,13,14,15,16;36,27,18,9,0,1,2;19,28,37;23,24,25,34,43;70,69,68;61,60,59,50,41,32,33;65,66,67,58,49,40,31,30,21,12,3,4,5,6,7,8,17,26,35,44
9,0,39,9;70,61,52,43,34,25,16,7;27,36,45,54,63,64,65,66,75,76,77,78,79,80,71,62,53,44,35,26,17,8;74,73,72;31,40,49,58;48,47,38,29,20,11,10;39,30,21,22;19,18,9,0,1,2,3,4,5,6,15,24,33,42,51,60,69,68,67;59,50,41,32,23,14,13,12;28,37,46,55,56,57
9,0,40,8;37,38,29,30,21;6,5,4,3,12,11,20;56,57,58,49,50,41,32,23,14,15;79,80,71,62,53,44;10,19,28,27,36,45,54,55,64,65,66,67,68,59,60,51,42,33,24,25,16,7;63,72,73,74,75,76,77,78,69,70,61,52,43,34,35,26,17,8;46,47,48,39,40,31,22,13;2,1,0,9,18
9,0,41,8;16,15,6,5,4;51,60,59,58,57;7,8,17,26,35,44,43,42,41,50,49,48,47,46,45,54,63,72;53,52,61,70,69,68,67,66,65;10,19,28,29,30;56,55,64,73,74,75,76,77,78,79,80,71,62;25,24,23,14,13,12,3,2,1,0,9,18,27,36,37,38,39,40;34,33,32,31,22,21,20,11
9,0,42,8;20,29,28,27,36,45,54,63,72,73,74,75,76,77,78,79,80;21,30,31,40,49,48,47,46,55,64,65,66,67,68,69,70,71;13,22,23,32,41,50,51,52,53,44,35,26,17,8;43,42,33,24,15,14;18,9,0,1,2;37,38,39;34,25,16,7,6,5,4,3,12,11,10,19;62,61,60,59,58,57,56
9,0,43,8;20,21,30,31,32,33,34,43,52,61,70;38,39,40,41,42,51,60,69,78,77,76,75,74,73,72,63,54,45;79,80,71,62,53,44,35,26,17,8,7,6,5,4,13,12,11,10,19,28,29;47,48,49;22,23,24,25;14,15,16;3,2,1,0,9,18,27,36,37,46,55,56,57,58,59,50;68,67,66,65,64
9,0,44,8;24,33,42,51,60,69,68,67,66,75,74,73,64;49,48,47,46,45,54,63,72;40,41,50,59,58,57;65,56,55;39,30,31,32,23;28,19,10,11,12,3,4,5,6,7,8,17,26,35,44,53,62,71;78,77,76;2,1,0,9,18,27,36,37,38,29,20,21,22,13,14,15,16,25,34,43,52,61,70,79,80
9,0,45,8;29,20,11,2;40,31,32;33,24,23,22,21,30,39,38,47,56;41,50,49,48;61,70,69,68,67,66,65,64,55,46,37,28,19,10;34,25,16,15,14,13,12,3;1,0,9,18,27,36,45,54,63,72,73,74,75,76,77,78,79,80,71,62,53,52,51,60,59,58,57;42,43,44,35,26,17,8,7,6,5,4
9,0,46,8;10,1,2,3,4,5,6,15,24,23,22,31;7,8,17,26,35,44,53,62,71,70,69,60;57,58,59,50,51,42;39,38,37,46,55,64,65,66,67,68,77,78,79,80;76,75,74,73,72,63,54,45,36,27,28,29,30,21,12,13,14;61,52,43;0,9,18,19,20,11;16,25,34,33,32,41,40,49,48,47,56
9,0,47,8;25,16,15,14,13,12,11,20;54,63,72,73,74,75,76,77,78,79,80,71,62,53,44,43,42,41;68,67,66,65,64,55,46,45,36,27,18,9,0;47,48,49,50,51,52,61,70,69;24,33,34,35,26,17,8,7,6,5;60,59,58,57,56;22,21,30,29,28,19,10,1,2,3,4;37,38,39,40,31,32,23
9,0,48,9;46,37,28,19,10,11,12,21,22,23,24,15,16;43,52,51,60;75,74,65,64;20,29,30,31,32;14,5,6,7,8,17,26,25,34,33,42,41,50,49;73,72,63,54,55,56,47,38,39,40;13,4,3,2,1,0,9,18,27,36,45;35,44,53,62,61,70,69,68,59,58;71,80,79,78,77,76,67,66,57,48
9,0,49,8;64,65,66,67,68,69,70;24,23,32,41,50,59,60,61,62,71,80,79,78,77,76,75,74,73,72,63,54,45,36,27,28,19;20,29,38,47,48,57;39,30,21,12,11,10;37,46,55,56;58,49,40,31,22,13,14;43,34,25,16,15,6,5,4,3,2,1,0,9,18;7,8,17,26,35,44,53,52,51,42,33
9,0,50,10;15,14,13,22;12,21,20,29,38,47,56;23,24,25,16,17;77,68,59,60,51;42,43,52,61,70,69,78;79,80,71,62,53,44;40,39,48,57,66,65,64,55,46,37,28,19,10,11;26,35,34,33;8,7,6,5,4,3,2,1,0,9,18,27,36,45,54,63,72,73,74,75,76,67,58,49,50;41,32,31,30
9,0,51,7;40,31,22,13,12,3,2,1;65,66,67,68,69,70,61,52,43,34,25,16;74,75,76,77,78,79,80,71,62,53,44,35,26,17,8,7,6,15,24,33,42,51,60,59,58,57;0,9,18,19;37,46,55,64;10,11,20,21,30,39,48,49,50,41,32,23,14,5,4;56,47,38,29,28,27,36,45,54,63,72,73
9,0,52,10;20,19,18,27,36,45,54,63,72;8,7,6,5,14;13,4,3,2,1;38,47,56,65,66,67;77,78,79,80,71,62,61,60,51,42,41,32,23;16,25,34,43;70,69,68,59,50,49,40,31,22,21,12,11,10,9,0;76,75,74,73,64,55,46,37,28,29,30,39,48,57,58;17,26,35,44,53,52;33,24,15
9,0,53,9;13,4,3;67,66,65,64;32,33,24,15;60,51,50,49,48,47,56;10,19,28,37,46,55;38,39,30,21,12;29,20,11,2,1,0,9,18,27,36,45,54,63,72,73,74,75,76,77,78,79,80,71,62,53,44;35,26,17,8,7,6,5,14,23,22,31,40,41,42,43,52,61,70,69,68,59,58,57;34,25,16
9,0,54,7;22,21,20,19,18,9,0,1,2,3,4,5,6,7,8,17,26,35,44,53,62,71,80,79,78,69,60,51,50,49;14,13,12,11,10;56,47,48,39,30,31,32,23,24;29,38,37,46,55,64,65,66,67;33,34,25,16,15;28,27,36,45,54,63,72,73,74,75,76,77,68,59,58,57;70,61,52,43,42,41,40
9,0,55,9;28,19,10,11;48,47,46,45,36,27,18,9,0,1,2,3,4,5,14,23,24,33,42,43,52;20,29,38,37;50,49,40,39,30,21;15,16,25,34,35,44,53,62,71,80,79,78,77,68,67,66,65,64;69,70,61;26,17,8,7,6;76,75,74,73,72,63,54,55,56,57,58,59,60,51;41,32,31,22,13,12
9,0,56,8;54,45,36,27,18,9,0,1,2,3,4,13,22,21,20,29,38,39,40,41,50;16,25,24,33,42,51;70,69,68,67,66,65,64,55;15,14,23,32,31,30;17,8,7,6,5;56,57,58,59,60,61,52,43,34;63,72,73,74,75,76,77,78,79,80,71,62,53,44,35,26;49,48,47,46,37,28,19,10,11,12
9,0,57,6;40,49,48,47,46,45,54,63;28,19,10,11,12,13,14,15,16,25,34,43,52,51,60;39,30,31,32;36,37,38,29,20,21,22,23,24,33,42,41,50,59,58,57,56,55,64,73,72;75,76,77,78,79,80,71;74,65,66,67,68,69,70,61,62,53,44,35,26,17,8,7,6,5,4,3,2,1,0,9,18,27
9,0,58,9;0,9,18,27,36,37,46;31,32,33,24,15,14,13,12,11,20,29,38,47;40,41,42,51,60,59;58,57,56,55,64;28,19,10,1,2,3,4,5,6,7,8,17,26,35,44,53,62,71,80,79,78,77,76,67,66,65;50,49,48,39,30,21,22,23;16,25,34;68,69,70,61,52,43;45,54,63,72,73,74,75
9,0,59,7;70,69,68,67,66,57,56,55,46,37,28,19,10,1,2,3,12,21,30,39,40;23,24,33,42,51,60,59,58,49;50,41,32,31,22;11,20,29,38,47,48;65,64,63,54,45,36,27,18,9,0;13,14,15,16,25,34,43,52,61,62,71,80,79,78,77,76,75,74,73,72;4,5,6,7,8,17,26,35,44,53
9,0,60,9;11,2,3,4,5,6,7,8,17,26,25,24,23,22,31;67,66,65,74,73,72,63,54,45,46,47,48,49,40,41,42,43,52,61,70,69,78;60,51,50;28,29,20;32,33,34,35,44,53,62,71,80,79;9,18,27,36,37,38,39,30,21,12,13,14,15,16;19,10,1,0;64,55,56,57,58,59,68;77,76,75
9,0,61,7;40,41,42,43,34,25;61,70,69,78,77,76,75,74,73,72,63,54,45,36,27,28,19,10,11,2,3,4,13,22;8,7,6,5,14,23,32,31,30,39,48,47,56;33,24,15,16,17,26,35,44,53,52,51,50,49,58,57;79,80,71,62;1,0,9,18;60,59,68,67,66,65,64,55,46,37,38,29,20,21,12
9,0,62,7;45,46,47,48,49,40,41;29,28,19,10,11,12,13,14,15,16,25,34,43,52,61,70;50,51,42,33,32,31,30,39,38,37,36,27,18,9;63,72,73,74,75,76;56,57,58,59,60,69,78,79,80,71,62,53,44,35,26,17,8,7,6,5,4,3,2,1,0;54,55,64,65,66,67,68,77;24,23,22,21,20
9,0,63,7;33,34,35,26,17,16,15;25,24,23,22,21,30,39,48,57,58,67,68,69,70;53,44,43,42,41,32;52,51,50,49,40,31;59,60,61,62,71,80,79,78,77,76,75,74,73,64,55,46,37,28,19,10;8,7,6,5,4,3,2,1,0,9,18,27,36,45,54,63,72;66,65,56,47,38,29,20,11,12,13,14
9,0,64,10;0,1,2,3,4,5,6,7,8,17,26,35,44,43;24,33,42,51,50,59;19,28,37,36;74,73,72,63,54,45;67,68,69,60;56,57,58,49,40,41,32,23;14,15,16,25,34;53,52,61,70,79,78,77,76,75,66,65,64,55,46,47,38,29,20,21;62,71,80;27,18,9,10,11,12,13,22,31,30,39,48
9,0,65,9;1,10,19,28,37,46,55,64,65,66;2,11,20,29,38,47;17,8,7;32,41,42,51,60,69,68,67,58,57,56;0,9,18,27,36,45,54,63,72,73,74,75,76,77,78,79,80,71,62,53,44,35;30,21,12,3,4,5,6,15,16,25,26;59,50,49;70,61,52,43,34,33,24,23,14,13;22,31,40,39,48
9,0,66,8;5,14,23;16,25,34,43,42,41,40,39,48,57;80,71,70,69,68,67,66;59,60,61,62;79,78,77,76,75,74,73,72,63,54,45,36,27,18,9,0,1;20,21,12;56,47,38,29,30;65,64,55,46,37,28,19,10,11,2,3,4,13,22,31,32,33,24,15,6,7,8,17,26,35,44,53,52,51,50,49,58
9,0,67,8;33,32,23,14,5,6,7,8;80,79,78,77,76,75,74,73,72,63,54,55,56,57,58,59,60,61,52,43,34,25,24,15;38,29,20,21,12,3,4;13,22,31,30,39;37,28,19,10,11,2;40,41,42,51;16,17,26,35,44,53,62,71,70,69,68,67,66,65,64;1,0,9,18,27,36,45,46,47,48,49,50
9,0,68,8;56,55,46,37,28,19,10,1,0;13,14,15,16,25;2,11,20,29,38,47;48,57,58,59,60,51,52,43,34,33,24,23,22;30,21,12,3,4,5,6,7,8,17,26,35,44,53,62,71,80,79,78,77,76,75,74,73,72;49,50,41,42;39,40,31,32;61,70,69,68,67,66,65,64,63,54,45,36,27,18,9
9,0,69,8;64,65,66,67,68,77,78,79,80,71,62,53,44,35,26,17,8,7,6,5,4,3;20,29,38,47;31,22,13;56,57,48,49,50;12,21,30,39,40,41,32,23,14,15,16,25,34,43,52,61,70,69;55,46,37,28,19,10,11,2;58,59,60,51,42,33,24;1,0,9,18,27,36,45,54,63,72,73,74,75,76
9,0,70,8;61,60,59,58,57,56;63,72,73,74,75,76,77,78,79,80,71,62,53,52,51,50,49,48,47;46,37,38;70,69,68,67,66,65,64,55,54,45,36,27,18,9,0,1,2,3,4,5,6,7,8,17,26,35,44;10,19,20,21,22;39,40,41,42,33,24;43,34,25,16,15,14,23,32,31,30,29,28;11,12,13
9,0,71,8;77,68,59,60,51,42,33,24,15;16,25,34,43,52,61,70;55,64,65,66,57,48,39,40,31,22,13,4,3,2,11;28,37,46,45,54,63,72,73,74,75,76,67,58,49,50,41,32,23,14;56,47,38,29,30,21,12;0,1,10,19,20;9,18,27,36;69,78,79,80,71,62,53,44,35,26,17,8,7,6,5
9,0,72,7;41,42,43,34,25,24;33,32,31,40;51,52,61,70,69,68,67,66,65,64;60,59,58,57,56,55,54,63,72,73,74,75,76,77,78,79,80,71,62,53,44,35,26,17,16,15,14,13;50,49,48,39,30,29,20;47,46,45,36,27,18,9,0,1,2,3,4,5,6,7,8;38,37,28,19,10,11,12,21,22,23
9,0,73,7;40,49,58,67;63,54,45,36,27,18,9,0,1,2,3,4,5,6,7,8,17,26;57,48,39,30,31,32,41,50,51;72,73,64,55,46,37,28,19,10,11,12,13,14,15,16,25,34,35,44;68,59,60,61,70;69,78,79,80,71,62,53,52,43,42,33,24,23,22,21,20,29,38,47,56,65,74;77,76,75,66
9,0,74,8;69,68,67,76,75,74,73,72,63,54,55,56,47,48;9,0,1,2,3,4,5,6,7,8,17,26,35,44,53,62,71,80,79,78,77;46,37,38,29,20;41,32,31;70,61,60,59,58,57,66,65,64;42,33,24,23,22,21,30;45,36,27,28;18,19,10,11,12,13,14,15,16,25,34,43,52,51,50,49,40,39
9,0,75,9;48,39,30;44,35,26,17,16,15,14,23;20,21,12,3,2,1,0,9,18,27,36,45,54,63,72,73,74,75,76,77,78,79,80,71,62,53,52,43,34,25,24;37,46,55,64,65,66,67;57,56,47,38,29,28,19,10,11;40,31,22,13,4,5,6,7,8;59,60,51,42,33;68,69,70,61;32,41,50,49,58
9,0,76,8;60,59,58,49,48,39;13,12,11,10,19,28,37,46,55,64,65;1,0,9,18,27,36,45,54,63,72,73,74,75,76,77,78,79,80,71,62,53,44,35,34;24,25,26,17,8,7,6,5,4,3,2;31,40,41,50,51;68,69,70,61,52,43,42,33,32;30,21,22,23,14,15,16;20,29,38,47,56,57,66,67
9,0,77,9;70,69,60,51,50,49,58,57,56,47;15,16,25,34,33,32;45,46,55,64,65,66,67,68,59;54,63,72,73,74,75,76,77,78,79,80,71,62,53,44,35,26,17,8,7,6,5,4,3,2,1,0,9,18;24,23,22,31,30,39,48;36,37,38,29,20,21;12,13,14;40,41,42,43,52,61;11,10,19,28,27
9,0,78,9;80,71,62,53,44,35,26,17,8,7,6,5,14,23,32,41,40,49;12,21,20,29,38;65,66,67,58,59,50,51,42,33,24,15;48,39,30,31,22;72,63,54,45,36,27,18,9,0,1,2,11;47,46,37,28,19,10;78,79,70,61,52,43,34,25,16;60,69,68,77,76,75,74,73,64,55,56,57;13,4,3
9,0,79,7;76,77,78,79,80,71,62,53,44,35,26,17,8,7,6,5,4,3,2,1,0,9,18,27,36,45,54,63;19,10,11;70,69,68,67,66;72,73,64,55,46,37,28,29,20,21,12;60,61,52,43,34,25,16,15,14,23,32,41,40,49,48,57;24,33,42,51,50,59,58;75,74,65,56,47,38,39,30,31,22,13
9,0,80,7;59,58,49,40,41,42,43,34,25,16;23,14,13,12,11,10,19,28,37,46,55,64,65,74,75,76,77,78,79,80,71;21,20,29,38,47,56;50,51,52,61,70;32,33,24,15,6,5,4,3,2,1,0,9,18,27,36,45,54,63,72,73;60,69,68,67,66,57,48,39,30,31,22;62,53,44,35,26,17,8,7
9,0,81,7;40,41,32,23,22,21,12,11,2,1,0,9,18,27,36,45,54,55,64,65,66;10,19,28,37,46,47,56,57,58,67,68,69,70,61,52,43,34,25,16;59,60,51,42,33,24,15;20,29,30,31;63,72,73,74,75,76,77,78,79,80,71,62,53,44,35,26,17,8,7,6,5,14;38,39,48,49,50;13,4,3
9,0,82,10;12,21,20,29,38,39,40,41,32;63,72,73,74,75;24,23,22,31,30;48,49,50;7,16,25,34,43,52,61,70;69,60,51,42,33;15,14,13;68,59,58,57,56,47,46,37,28,19,10,11,2,3,4,5,6;1,0,9,18,27,36,45,54,55,64,65,66,67,76,77;8,17,26,35,44,53,62,71,80,79,78
9,0,83,9;2,1,0,9,18,27,36,45,54,63,72,73,74,75,76,77,68;49,48,39;40,41,42,43,34,25,16;50,51,52,61,70;21,30,31,32,33,24,15,14,5,4;20,29,38,47,56,57,66;23,22,13,12,3;6,7,8,17,26,35,44,53,62,71,80,79,78,69,60,59,58,67;11,10,19,28,37,46,55,64,65
9,0,84,8;5,14,15,16,17,26,35,34,33,32,41,40,39,48;23,24,25;2,11,10,19,28,37,46,55,64,65,66,67,68,69,70,61;49,50,51,52;4,13,22,31,30;6,7,8;42,43,44,53,62,71,80,79,78,77,76,75,74,73,72,63,54,45,36,27,18,9,0,1;3,12,21,20,29,38,47,56,57,58,59,60
9,0,85,8;8,17,26,35,44,53,62,71,80,79,78,77,76,75,74,65,64;50,49,48,47;58,59,60,51,42,41,40,31,22,21,20,29,28,37;23,32,33,34,43,52,61,70,69,68,67,66,57,56;55,54,63,72,73;9,0,1,2,3,4,5,6,7,16,25,24;38,39,30;46,45,36,27,18,19,10,11,12,13,14,15
9,0,86,9;30,39,48;49,40,31,22,21,20,29,38,47,56;13,12,11,10,19,28,37,46,55,64,65,66,75;50,41,32,23;76,77,78,79,80,71,62,53,44,35,26,17,8,7,6,5,4,3,2,1,0,9,18,27,36,45,54,63,72,73,74;14,15,16,25,34,43,52;57,58,67;59,68,69,70,61;60,51,42,33,24
9,0,87,8;56,57,58,59,60;34,43,42,41,40,31,30,29;33,32,23,22,21,20;70,69,68,67,66,65,64,55,46,47,48,49,50,51;39,38,37,28,19,10,11,12,13,14,15;16,25,24;52,53,44,35;61,62,71,80,79,78,77,76,75,74,73,72,63,54,45,36,27,18,9,0,1,2,3,4,5,6,7,8,17,26
9,0,88,9;49,48,47,38,29;21,30,31,32,33,42,43;39,40,41,50;56,65,74,73,72,63,54,45,36,27,18,9,10,11,12,13,14,15,16,25,34;75,66,57,58,59,60,51;52,61,70,69,68,67,76;22,23,24;64,55,46,37,28,19,20;0,1,2,3,4,5,6,7,8,17,26,35,44,53,62,71,80,79,78,77
9,0,89,7;5,4,3,2,1,10,19,28,37,46,47,56;17,16,25,24,23,22;8,7,6,15,14,13,12,11,20,29,38,39,48,49,50;26,35,44,53,62,71,70,69,68,67,66,65,64,55,54,45,36,27,18,9,0;57,58,59,60,61,52,43,34,33,32;63,72,73,74,75,76,77,78,79,80;21,30,31,40,41,42,51
9,0,90,7;40,39,48,47,46,45,54,63,64,65,66,67;16,15,14,13,12,11,10,19,28;55,56,57,58,49;60,51,42;41,50,59,68,69,70,61,52,43,34,25,24,23,22,21,20;38,37,36,27,18,9,0,1,2,3,4,5,6,7,8,17,26,35,44,53,62,71,80,79,78,77,76,75,74,73,72;33,32,31,30,29
9,0,91,7;13,22,31,40,39,38,37,46,45;28,19,20;64,65,74,75,76,77,78,79,80,71,62,53,44,35,26,17,8,7;32,41,50,49,48,47;29,30,21,12,11,10,9,18,27,36;66,67,68,69,70,61,52,43,34,25,16,15,6,5,4,3,2,1,0;14,23,24,33,42,51,60,59,58,57,56,55,54,63,72,73
9,0,92,8;9,0,1,2,3,4,5,6,15,16,25,34,43,52,51,50,41,32,31,30;7,8,17,26,35,44,53,62,61,70,69,78;60,59,58,49,40,39,38,37,46,55,64;79,80,71;65,56,47;68,67,66,57,48;42,33,24,23,22,21,20,29,28;14,13,12,11,10,19,18,27,36,45,54,63,72,73,74,75,76,77
9,0,93,8;32,41,40,49,58,57;21,20,29,28,27;71,62,53,44,35,26,17,8,7;80,79,70,61,52,43,34,25,16,15,6,5,4,3,2,1,0,9;72,63,54,45,36,37,38,39,30,31,22,13,12,11,10,19,18;14,23,24,33,42,51,60,69,78,77,76,75,74,73;56,47,48;50,59,68,67,66,65,64,55,46
9,0,94,7;71,80,79,78,77,76,75,74,73,72,63,54,45,36,27,18,9,0,1,2;43,52,51,60,59,58,49;8,17,26,35,44,53,62,61,70,69,68,67,66,57,48,39,40,31,32,23,24;56,47,38,29,30;20,21,22,13,14,15;65,64,55,46,37,28;19,10,11,12,3,4,5,6,7,16,25,34,33,42,41,50
9,0,95,9;57,58,59,60;8,7,6,5,4,13,22,21,20;76,77,78,79,80,71,62,53,44,35,26,25,24,23;67,68,69,70,61,52,51,50,49;56,47,48,39,40,41,42,43;38,37,46,55,64,65,66,75;12,11,10,19,28,29,30,31,32,33,34;3,2,1,0,9,18,27,36,45,54,63,72,73,74;17,16,15,14
9,0,96,9;20,29,30,31,32,33,34,25,16,15,14;37,36,45,54,63,72,73,74,75,76,77,78,79,80,71,62,53;3,2,1,10,19,28;60,59,58,57,56;4,13,12,11;24,23,22,21;5,6,7,8,17,26,35,44,43,42,41,40,39,38,47,46,55,64,65,66,67,68,69;27,18,9,0;70,61,52,51,50,49,48
9,0,97,8;40,39,48,57;59,60,51,42,33,24,23,14;64,55,56,47,38,29,28,19,10,1,0;12,13,22,31,32,41,50,49,58,67,68,69,70,61,52,43,34,25,16,15;46,37,36,27,18,9;2,3,4,5,6,7,8,17,26,35,44,53,62,71,80,79,78,77,76,75,66;30,21,20,11;65,74,73,72,63,54,45
9,0,98,8;57,56,55,54,63,72,73,74,75,76,77,78,79,80,71,62,53,44,35,26,17,8,7,6,5;21,12,11,10,1,0;50,49,58,67,66,65,64;9,18,27,28,37,38,39,40,41,32;14,15,16,25,34,43,52,61,70,69,68;2,3,4,13,22,23,24,33,42,51,60,59;19,20,29,30,31;48,47,46,45,36
9,0,99,8;67,66,65,64,55,46,37,28;60,69,78,79,80,71;32,41,40;33,24,23,22,21,20,19,10,9;31,30,39,48,49,50,51,52;42,43,34,25,16,15,14,13,12,11;0,1,2,3,4,5,6,7,8,17,26,35,44,53,62,61,70;29,38,47,56,57,58,59,68,77,76,75,74,73,72,63,54,45,36,27,18
9,0,100,9;67,76,75,74,73,64;13,14,15,16,25,34,43,52;47,48,57,58;79,78,77;66,65,56,55,46,37,38,39,40,49;28,29,20;72,63,54,45,36,27,18,19,10,11,12,21,30,31,32;9,0,1,2,3,4,5,6,7,8,17,26,35,44,53,62,61,60,51;80,71,70,69,68,59,50,41,42,33,24,23,22
9,0,101,8;38,39,48,57,58,59,60,61,62,53,44,35,26;46,47,56;8,17,16,15,24,33,42,41,40,31,30,29,28,37;71,80,79,78,77,76,75,74,73,72,63,54,45,36,27,18,19,20,21,22;10,11,12,13,14,23,32;49,50,51,52,43,34,25;55,64,65,66,67,68,69,70;7,6,5,4,3,2,1,0,9
9,0,102,6;60,59,58,57,56,47,38,29;1,2,3,4,5,6,7,8,17,26,25,24,23,22,21,30,39,48,49,50,51;40,31,32,33,34,35,44,53,62,71,80;41,42,43,52,61,70,79,78,77,76,75,74,73,72,63,54,45,36,27,18;16,15,14,13,12,11,10,9,0;69,68,67,66,65,64,55,46,37,28,19,20
9,0,103,7;79,80,71,62,53,44,35,26,17,8,7,6,5,4,3,12,21,30,39,40,49,58,67;10,19,28,37,46,55,64,65;0,1,2,11,20,29,38,47,48;69,60,51,42,33,24,23;74,73,72,63,54,45,36,27,18,9;70,61,52,43,34,25,16,15,14,13,22,31,32,41,50,59,68,77,78;56,57,66,75,76
9,0,104,8;45,54,63,72,73;29,30,31,32;56,57,58,49;61,70,69,68,67,66,65,64,55,46,47,48;74,75,76,77,78,79,80,71,62,53,44,35,26,17,8,7,6,5,4,3,2,1,0,9,18,27,36;33,24,23,22,21,20,19,28,37,38,39,40,41,50;59,60,51,52;42,43,34,25,16,15,14,13,12,11,10
9,0,105,8;69,70,71,62,53,44,35,26,17,8,7,6,5,4,3,2,1,0,9,18,19,20,21,22,23,24;45,36,27;43,52,51,50,49,48,57,66,75,74,73;76,67,58;72,63,54,55,46,37,28,29,30,31,32;64,65,56,47,38,39,40,41,42,33,34,25,16,15,14;13,12,11,10;61,60,59,68,77,78,79,80
9,0,106,8;13,14,15,16,25;69,60,51,42,41;66,65,64,55,54,45,36,27;68,59,50,49,40;46,37,28,19,10;70,61,52,43,34,33,32,31,30,39,48;24,23,22,21,12,3,4,5,6,7,8,17,26,35,44,53,62,71,80,79,78,77;18,9,0,1,2,11,20,29,38,47,56,57,58,67,76,75,74,73,72,63
9,0,107,8;12,21,30,31,32;72,73,64,55,56;74,65,66,57,58,49,40,39,38,29,20,11,2,3,4,5,6,7,8,17,26,35,44,53,62,61,70,69;13,14,15,16,25,34,43,52,51,60,59,68,67;71,80,79,78,77,76,75;63,54,45,36,27,18,9,0,1;50,41,42,33,24,23,22;48,47,46,37,28,19,10
9,0,108,9;67,68,69,70,71,62,53,44,35,26,17,8,7,6,5;11,10,9;0,1,2,3,12,21,22,23,24,33,42,51,50,49,58;28,37,46,55,64,65,66,57,48;4,13,14,15,16,25,34,43,52,61,60,59;41,32,31,30,29;27,18,19,20;80,79,78,77,76,75,74,73,72,63,54,45,36;40,39,38,47,56
9,0,109,7;44,53,62,71,80,79,78;64,55,46,37,28,29,30,31,22,23;27,36,45,54,63,72,73,74,65,56,47,38,39,40;35,34,43,42,51,60,59,58,67;21,20,19,18,9,0,1,2,3;52,61,70,69,68,77,76,75,66,57,48,49,50,41,32,33,24,25,26,17,8,7,6,5,4;10,11,12,13,14,15,16
9,0,110,9;80,79,78,77,76,75,66,57,58;71,70,61,60,59,50,49,48,39,30,31;65,74,73,72,63,54;64,55,56,47,38,29,20,21,22,13,14,15,24,33,42,51;67,68,69;45,36,27,18,9,0,1,2,3,4,5,6,7,8,17,26,35,44,53,62;46,37,28,19,10,11,12;40,41,32,23;16,25,34,43,52
9,0,111,9;33,32,31,30,39,48,57;54,45,46,47,56;55,64,65;40,41,42,43,34,25,24,23,22,21,20,29,38;60,59,58;3,2,1,0,9,18,27;14,15,16;66,67,68,69,70,61,52,51,50,49;63,72,73,74,75,76,77,78,79,80,71,62,53,44,35,26,17,8,7,6,5,4,13,12,11,10,19,28,37,36
9,0,112,10;25,34,43,42,41;38,37,28;61,52,51;70,69,68,67,66;60,59,50,49,40,31,32,33,24,15,14,13;8,7,6,5,4,3,2,1,0,9,18,27,36,45,54,63,72,73,74,65,56,57,58;64,55,46,47,48,39,30,29,20,19;44,35,26,17,16;10,11,12,21,22,23;75,76,77,78,79,80,71,62,53
9,0,113,10;23,32,33,42,43,44,53,62,71;8,17,26,35;16,7,6,5,4,3,2,1,10,19,28;29,20,11;77,68,67,66,65;46,47,48,49;76,75,74,73,72,63,54,45;0,9,18,27,36,37,38,39,30,21,12,13,14,15,24,25,34;70,61,52,51,50,41,40,31,22;80,79,78,69,60,59,58,57,56,55,64
9,0,114,9;11,12,21;1,2,3,4,13,22;19,28,37,46,55,64;40,39,38,47,56,65,74,73,72,63,54,45,36,27,18;15,16,25,34,43,52,61,70,69,68,67;49,50,41,32,31,30,29,20;66,75,76,77,78,79,80,71,62,53,44,35,26,17,8,7,6,5,14,23,24,33,42,51;60,59,58,57,48;10,9,0
9,0,115,8;38,29,20,21,22,23,24,25,26,17,8,7,6,5,4,3,2,1,0,9,18,27,36;16,15,14,13,12,11,10,19,28,37,46,45,54,63;55,56,57,58,49,40,41;80,71,62,53,44;35,34,43,42,51,60,69,78,77,76,75,74;52,61,70,79;50,59,68,67,66,65,64,73,72;47,48,39,30,31,32,33
9,0,116,8;77,76,75,74,73,72,63,54,45,36,27,18,9,0,1,2,3,4,5,6,7,8;78,79,70;80,71,62,53,44;50,41,40,39;61,52,43,34,35,26,17,16,15,14,13,12,11,10,19,28,37,46,55,64,65;48,49,58,59;60,69,68,67,66,57,56,47,38,29,20,21,22,23,24,25;51,42,33,32,31,30
9,0,117,10;43,52,61,60,59;32,23,24,15,16,17,26,35,44,53,62,71,80,79,78,77,76;22,21,20,19,18,27;14,13,12,11,10,9;48,49,58,67,68,69,70;50,51,42,33,34,25;31,30,29,28,37,36,45,54,63,72,73,74,75,66;8,7,6,5,4,3,2,1,0;41,40,39,38,47,46,55;64,65,56,57
9,0,118,9;50,49,58;54,63,72,73;48,39,30,29,28,27,36,45,46,55,64,65,74,75,76,77;59,60,51,42,41;1,10,11,12,13,14,15;37,38,47,56,57,66,67,68,69,78,79,80,71,62,53,44,35,26,17,8,7,6,5,4,3,2;40,31,32,33,24,25,16;34,43,52,61,70;0,9,18,19,20,21,22,23
9,0,119,7;63,64,65,66,57,48;7,8,17,26,35,44,53,62,71,80,79,78,77;38,47,56;50,41,32,31,22,21;72,73,74,75,76,67,58,49,40,39,30,29,20;59,60,51,42,33,24,23,14,13,12,11,10,19,28,37,46;55,54,45,36,27,18,9,0,1,2,3,4,5,6,15,16,25,34,43,52,61,70,69,68
9,0,120,7;32,41,50,49,48,39;45,36,27,18,9;20,19,28,37,46,55,64,65;10,11,12,13,14,15,16,25,34,43,52,61,70,69,68,67,66;40,31,22,23,24,33,42,51,60,59,58,57,56,47,38;54,63,72,73,74,75,76,77,78,79,80,71,62,53,44,35,26,17,8,7,6,5,4,3,2,1,0;21,30,29
9,0,121,9;50,49,40,31,22,23,24,25,16,7,6,5,4,3,2,1,0;62,71,80,79,78,77;67,66,65,56,47,38,29,30;76,75,74,73,72,63,54,45,36,27,18,9,10,11,12,13,14,15;59,58,57,48,39;8,17,26,35,44,53,52,61,70;68,69,60,51,42,41,32;64,55,46,37,28,19,20,21;43,34,33
9,0,122,9;47,56,57,58;52,51,60,69,70;38,29,20,21;12,11,10,19,28,37,36,45,54,63,72,73,74,75,76,77,78,79,80,71,62,61;40,41,42,33,24,15;53,44,43,34,25,16,7,6,5,14,23,32;35,26,17,8;13,4,3,2,1,0,9,18,27;46,55,64,65,66,67,68,59,50,49,48,39,30,31,22
9,0,123,8;55,54,63,72,73,74,75,76,77,78,79,80,71,62,53,44,35,26,17,16,15,14;57,56,47,46,45,36,27,18,9,0,1,2,11,20,29;10,19,28,37,38;3,12,21;49,58,59,60;8,7,6,5,4,13,22,23,24,25,34,43,52,61,70,69,68,67,66,65,64;40,41,50,51;42,33,32,31,30,39,48
9,0,124,10;48,39,30,29,20,19;35,44,53,62,61,70;71,80,79,78;68,59,50,41,42;21,22,23,24,15,16;75,66,57,56,47,38;74,73,72,63,54,45,36,27,18,9,10,11,12,13,14,5,6,7,8,17,26,25;65,64,55,46,37,28;69,60,51,52,43,34,33,32,31,40,49,58,67,76,77;4,3,2,1,0
9,0,125,9;61,60,59,50,49,40,39,38,47,56,65,66,75;8,7,6,5,4,3,2,1,0,9,18,27,36,45,54;33,34,43,52;21,20,19;17,16,15,14;70,69,68,67,58,57,48;76,77,78,79,80,71,62,53,44,35,26,25,24,23,32,41,42,51;72,73,74;10,11,12,13,22,31,30,29,28,37,46,55,64,63
9,0,126,8;67,58,49,50,41;16,15,14,13,12,11,10,9,18,27,36,45,54,63,72,73,74,75;53,62,71,80,79,78,77,76;66,65,56,47,38,29,30,21,22,23,24,25,26,17,8,7,6,5,4,3,2,1,0;32,31,40,39,48,57;20,19,28,37,46,55,64;44,43,52,61,70,69;35,34,33,42,51,60,59,68
9,0,127,7;20,21,22,13;18,9,0,1,2,3,4,5,6,7,8,17,26,35,44,53,62,71,80,79;54,55,64;70,69,78,77,76,75,66,57,58,49,50,51,52,43,34,25,16,15,14,23,32,31,30,29,38,37,46;61,60,59,68,67;63,72,73,74,65,56,47,48,39,40,41,42,33,24;12,11,10,19,28,27,36,45
9,0,128,8;44,35,26,17,8,7,6;30,21,12,3,4,5,14,23,32,41,50,49,48,47,46,45,54,63,72,73,74,75,76,77,78,79,80,71,62,53;24,33,42,51,60,59,58,57,56,55;36,37,38,39,40,31,22,13;0,9,18;15,16,25,34,43,52,61,70,69,68,67,66,65,64;27,28,29,20,11,2;1,10,19
9,0,129,9;13,22,23,24,33,34,35;17,8,7,6,5,4,3,2,1,0,9,18,27,36,45,54,63,64,65,66,67,68,77,78,79,80,71,62,53,44;69,70,61,52,43;76,75,74,73,72;10,11,12;42,51,60,59,58,57,56,55,46,37,28,19,20,21,30,31,32;14,15,16,25,26;41,50,49,48,47;40,39,38,29
9,0,130,9;72,63,64,55,56,47,38,37,28;65,74,73;39,40,49,50,51,52,43,34,25,16,15,14,13,4,3,2,1,0,9,18,27,36;19,20,29,30,31,32;48,57,66,75,76,77,78,79,80,71,62,53,44,35,26,17,8,7,6,5;58,67,68,69,70;54,45,46;10,11,12,21,22,23,24,33,42,41;61,60,59
9,0,131,10;20,21,22,23,24;14,15,16,25,34,33,32,31,30;28,19,18,9,0,1,2,3,4,13;10,11,12;5,6,7,8,17,26,35,44,43,42,41,40,49,58,57,56,65,64;27,36,37,38,29;76,77,78,79,70,61;39,48,47,46,45;60,69,68,67,66,75,74,73,72,63,54,55;80,71,62,53,52,51,50,59
9,0,132,10;54,45,46;28,19,10,11,12,13,14,15,16,25,34,43,52,51,50,49;41,42,33;37,36,27,18,9,0,1,2,3,4,5,6,7,8,17,26,35,44,53,62,71,80;40,39,38,47,56,65,74,73,72;24,23,22,21,20,29;32,31,30;69,68,67,66,75;63,64,55;48,57,58,59,60,61,70,79,78,77,76
9,0,133,9;14,23,22,31,40,39;53,52,61,70,69,68,67;3,2,11,10,19;1,0,9,18,27,28,29,20;55,56,57,58,59,60,51,42,43,44,35,26,17,8,7;24,15,6,5,4,13,12,21,30;16,25,34,33,32,41,50,49,48,47,46,45,54,63,64,65,66;72,73,74,75,76,77,78,79,80,71,62;38,37,36
9,0,134,7;16,15,14,13,22,21,30,39,48,57,58,59,50,41,42,43,52,61;33,34,35,44,53,62,71;76,75,74,73,72,63,54,45,36,27,18,9,0,1,2;80,79,70,69,60,51;64,55,46,37,28,19,10,11,12,3,4,5,6,7,8,17;26,25,24,23,32,31,40,49;78,77,68,67,66,65,56,47,38,29,20
9,0,135,8;47,38,29,20;78,79,70,61,52,43,34,25,16,15;39,30,21,12,11,10,19,28,37,46;60,69,68,77,76,75,66;67,58,59,50,51,42,33,24;80,71,62,53,44,35,26,17,8,7,6,5,14,23,32,41,40,49,48,57,56,55,64,63;72,73,74,65;31,22,13,4,3,2,1,0,9,18,27,36,45,54
9,0,136,8;16,15,14,13,12,21,30;27,36,45;35,44,53,62,71,80,79,78,77,76,75,74,73,72,63,54,55,46,37,28,29,20,11,10,1;19,18,9,0;2,3,4,5,6,7,8,17,26,25,24,33,32,41,50,49,48,57,56,65,64;23,22,31,40,39,38,47;52,61,70,69,68,67,66;58,59,60,51,42,43,34
9,0,137,7;59,58,49,40,39;20,29,30,31,32,41,50,51,60,69,68,67,66,57,48;38,47,56,55;34,35,26,17,8,7,6,5,4,3,2,1,0,9,18,27,36,45,54,63,72,73;21,22,23,24,33,42,43,52,61,70,79,78,77,76,75,74,65,64;25,16,15,14,13,12,11,10,19,28,37,46;80,71,62,53,44
9,0,138,8;59,50,41,40,31,22,13,12;9,18,27,36,45,46,55,64,65,66,67,68,69,60,51,42,43,34,25,16,17;37,38,47,56,57,58;49,48,39,30,29,28,19,10,1,0;70,61,52;54,63,72,73,74,75,76,77,78,79,80,71,62,53,44,35,26;33,32,23,14,5,4,3,2,11,20,21;24,15,6,7,8
9,0,139,9;29,20,19,10;34,43,52,61,70,69,68,67,66;15,6,7,8,17,26,35,44,53,62,71,80,79,78,77,76,75,74,73,72,63,54,45,36,37,38;13,22,31,40,39;64,65,56,57,58,59,60,51,42,33,24,25,16;11,12,21,30;28,27,18,9;14,5,4,3,2,1,0;55,46,47,48,49,50,41,32,23
9,0,140,9;49,50,51,52,53;80,71,62,61,60,59,58,57,56;8,17,26,25,24;22,31,40,41,42,43,44;7,16,15;11,20,29,38;10,19,28,37;6,5,4,3,2,1,0,9,18,27,36,45,54,63,72,73,74,75,76,77,78;79,70,69,68,67,66,65,64,55,46,47,48,39,30,21,12,13,14,23,32,33,34,35
9,0,141,7;14,15,16,25;47,48,57,58,67,76,75,74,73,64,55;46,37,28;5,6,7,8,17,26,35,44,53,62,71,80,79,78,77,68,59,50,49,40,39,38,29,20,19;72,63,54,45,36,27,18,9,10,11,12,21,30,31,32,41,42,51,60;0,1,2,3,4,13,22,23,24,33,34,43,52,61,70,69;56,65,66
9,0,142,10;79,80,71,62,53,44,35,26,17,8,7,6,5,4,3,2,11;24,15,14,13;70,61,52,51,42,33,32,23,22;1,10,19,28,37,46,47,56,57,66,67,68;31,40,41,50,59,60,69,78,77,76,75,74,65,64,55,54;63,72,73;20,29,38,39,48,49,58;43,34,25,16;12,21,30;0,9,18,27,36,45
9,0,143,8;0,1,10,19,20,21,30,31,40,49;32,41,50,59,58,57,48,39,38,29,28,27,18,9;35,26,17,8,7,6,5,4,3;66,67,68,69,60,51,42,33,24,23,22,13,12,11,2;64,65,56,47,46,37;70,61,52;14,15,16,25,34,43,44,53,62,71,80,79,78,77,76,75,74,73,72,63;36,45,54,55
9,0,144,9;61,60,59;24,23,22,21,20;29,30,31,32;41,50,51,52,53,62,71,80,79,78,77,76,75,74;73,64,65,66;70,69,68,67,58,57,48,47,46,45,36,27,18,9,0;72,63,54,55,56;33,42,43,44,35,26,17,8,7,6,5,4,3,2,1;34,25,16,15,14,13,12,11,10,19,28,37,38,39,40,49
9,0,145,8;46,55,64,73,74,75,66,67,68,69,70,61,52,43;3,2,1,0,9,18,27,36,45,54,63,72;31,22,21,20,19,28,37,38,47,48,49,50,41;40,39,30,29;76,77,78,79,80,71,62,53,44;65,56,57,58,59,60,51,42,33,24,25;16,15,14,23,32;10,11,12,13,4,5,6,7,8,17,26,35,34
9,0,146,8;57,66,65,64;1,10,11,12,21,30,29,28,27,36,45,54,63,72,73,74,75,76,77,78,79,80,71,62,53,44,35,26,17,8;69,70,61,52,43,34,25,16,7,6;67,58,49,50,41,32,23;68,59,60,51,42,33,24,15,14,13,22,31,40,39,48,47,56;0,9,18,19,20;38,37,46,55;5,4,3,2
9,0,147,9;76,67,68,69,70,61,52,43,34,25,16,7,6,5,14,13,22,31,40,49,48,47,46;15,24,33,42,51,60;10,11,12,21,30,39;4,3,2,1,0,9,18,27,36,45,54,63,72,73,74,75;29,38,37;23,32,41,50,59,58,57,56,55;20,19,28;77,78,79,80,71,62,53,44,35,26,17,8;64,65,66
9,0,148,8;51,60,59,58;34,43,42,41,50,49,48,57,66,67,68,69,70,61;65,56,47,38,39,30,21,12,13;52,53,62,71,80,79,78,77,76,75,74,73,64,55,46,37,28,29,20;16,25,24,33,32;15,14,23,22,31,40;72,63,54,45,36,27,18,19,10,11;9,0,1,2,3,4,5,6,7,8,17,26,35,44
9,0,149,9;43,52,61,70,69,68,67,66,65,64,55;31,22,13,4,3,2,1,0,9,18,19,20;28,37,46,47,56,57,58;16,15,24,33,34,35,44,53,62,71,80,79,78,77,76,75,74,73,72,63,54,45,36,27;40,41,32,23,14,5,6,7,8;59,60,51,42;17,26,25;50,49,48,39,38,29;10,11,12,21,30
9,0,150,7;80,71,62,53,44,35,26,17,8,7,6,5,4,3,2,1,0,9,18,27,36,45,54,63,72,73,74,75,76,77;33,32,31,30;57,48,39,38,29,20,21,22,23,24;70,61,52,51,50;79,78,69,60,59,58,49,40,41;55,64,65,66,67,68;42,43,34,25,16,15,14,13,12,11,10,19,28,37,46,47,56
