10:12+B,0,1,8,,24_0B:25_0B:26_0B:27_0B:28_0B:34_0B:38_0B:48_0B:58_0B:68_0B:74_0B:75_0B:76_0B:78_0B:84_0B:86_0B:88_0B:94_0B:96_0B:98_0B:103_0B:104_0B:106_0B:108_0B:116_0B:117_0B:118_0B;3,2,1,0,10,20,30,40,50,60,70,80,90,100,110,111,112,113,114,115,105,95,85;107,97,87,77;67,57,47,37,36,35,45,44,43,33;119,109,99,89,79,69,59,49,39,29,19,9,8,7,6,5,4,14,13,23,22,32,42,41,51,61,71;46,56,55,54,53,52,62,72,82,81,91,101,102;18,17,16,15;31,21,11,12;66,65,64,63,73,83,93,92
10:12+B,0,2,8,,15_0B:16_0B:17_0B:18_0B:22_0B:23_0B:24_0B:28_0B:32_0B:34_0B:35_0B:36_0B:37_0B:38_0B:42_0B:52_0B:53_0B:54_0B:55_0B:56_0B:57_0B:58_0B:68_0B:76_0B:77_0B:78_0B:86_0B:96_0B:97_0B:101_0B:102_0B:103_0B:104_0B:107_0B:114_0B:115_0B:116_0B:117_0B;27,26,25;87,88,98,108;84,94,93,92,91,90,100,110,111,112,113;71,72,62,63,64,65,66,67;118,119,109,99,89,79,69,59,49,39,29,19,9,8,7,6,5,4,3,2,1,0,10,20,30,40,50,60;48,47,46,45,44,43,33;14,13,12,11,21,31,41,51,61;70,80,81,82,83,73,74,75,85,95,105,106
10:12+B,0,3,5,,0_0B:1_0B:2_0B:3_0B:10_0B:20_0B:22_0B:23_0B:24_0B:25_0B:30_0B:32_0B:35_0B:36_0B:40_0B:42_0B:44_0B:46_0B:50_0B:52_0B:54_0B:56_0B:60_0B:62_0B:64_0B:66_0B:70_0B:72_0B:73_0B:74_0B:76_0B:80_0B:86_0B:90_0B:91_0B:92_0B:93_0B:94_0B:95_0B:96_0B;108,98,88,78,68,58,48,38,28,18,17,7,6,5,4,14;45,55,65,75,85,84,83,82,81,71,61,51,41,31,21,11,12,13;63,53,43,33,34;110,100,101,102,103,104,105,106,107,97,87,77,67,57,47,37,27,26,16,15;111,112,113,114,115,116,117,118,119,109,99,89,79,69,59,49,39,29,19,9,8
10:12+B,0,4,8,,0_0B:1_0B:11_0B:12_0B:13_0B:23_0B:33_0B:43_0B:53_0B:63_0B:73_0B:83_0B;85,86,76,66,56,46,47,37,27;69,68,78,88,98,108,107,106,105,104,103,113,112,111,110,100,90,80,70,60,50,40,30,20,10;102,101,91,81,71,61,51,41,31;2,3,4,14,24,34,44,54,64,74,84;21,22,32,42,52,62,72,82,92,93,94,95,96,97,87,77,67,57,58,48,38,28,18,17;75,65,55,45,35,25,15,5,6,7,8,9,19,29,39,49,59;79,89,99,109,119,118,117,116,115,114;16,26,36
10:12+B,0,5,6,,46_0B:47_0B:48_0B:49_0B:56_0B:59_0B:66_0B:69_0B:74_0B:75_0B:76_0B:79_0B:89_0B:99_0B:106_0B:107_0B:108_0B:109_0B;54,44,34,35,36,37,38,39,29,19,9,8,7,6,5,4,3,2,1,0,10,20,30,40,50;101,102,103,104,105,95,96,97,98,88,78,68;45,55,65,64;58,57,67,77,87,86,85,84,94,93,92,91,81,71,72,62,52,42,32,22,12,13,14,15,16,17;119,118,117,116,115,114,113,112,111,110,100,90,80,70,60,61,51,41,31,21,11;82,83,73,63,53,43,33,23,24,25,26,27,28,18
10:12+B,0,6,6,,0_0B:1_0B:2_0B:3_0B:10_0B:20_0B:21_0B:22_0B:23_0B:24_0B:34_0B:44_0B;92,93,94,95,85,86,76,77,67,57,47,37,38,28,18,19,9;16,15,25,35,45,55,54,64,63,73;59,69,79,89,99,109,119,118,117,116,115,114,113,112,111,110,100,90,80,70,60,50,40,30,31,32,33,43,53,52,62,72,82,83,84,74,75,65,66,56,46,36,26,27,17;107,108,98,88,78,68,58,48,49,39,29;42,41,51,61,71,81,91,101,102,103,104,105,106,96,97,87;8,7,6,5,4,14,13,12,11
10:12+B,0,7,8,,0_0B:10_0B:20_0B:30_0B:40_0B:43_0B:44_0B:50_0B:52_0B:53_0B:60_0B:62_0B:70_0B:72_0B:80_0B:81_0B:82_0B;27,37,47,57,67,77,87,88;97,96,86,76,66,56,46,36,26;23,24,25,15,16,17,18,28,38,48,58,68,78,79,89,99,109,119,118,117,116,115,114,113,112,111,110,100;3,2,1,11,21,31;90,91,101,102,103,104,94,84,74,64,54,55,45,35,34,33,32,22,12,13,14,4,5,6,7,8,9,19,29,39,49,59,69;92,93,83,73,63;42,41,51,61,71;98,108,107,106,105,95,85,75,65
10:12+B,0,8,8,,46_0B:47_0B:48_0B:49_0B:56_0B:59_0B:69_0B:79_0B:89_0B:99_0B:109_0B:119_0B;60,70,80,81,82,72,62,52,42,32,22,23,24,25,26,27,28,18;93,92,91,90,100;6,5,4,3,2,1,0,10,20,30,40,50,51,61,71;58,68,78,88,98,108,118;95,85,75,74,64,54,44;110,111,101,102,103,104,94,84,83,73,63,53,43,33,34;105,106,96,86,76,66,65,55,45,35,36,37,38,39,29,19,9,8,7,17,16,15,14,13,12,11,21,31,41;57,67,77,87,97,107,117,116,115,114,113,112
10:12+B,0,9,8,,25_0B:26_0B:27_0B:28_0B:33_0B:34_0B:35_0B:38_0B:43_0B:48_0B:53_0B:58_0B:63_0B:68_0B:73_0B:78_0B:83_0B:84_0B:85_0B:86_0B:88_0B:98_0B:105_0B:106_0B:107_0B:108_0B:115_0B;102,101,91,81,71,61,51,41,31,21,11,12;67,66,76,75,74,64,54,44,45,46,36,37;32,42,52,62,72,82,92,93,103,113,112,111,110,100,90,80,70,60,50,40,30,20,10,0,1,2;22,23,13,3,4,5,6,7,8,9,19,29,39,49,59,69,79,89,99,109,119,118,117,116;24,14,15,16,17,18;47,57,56,55,65;96,97,87,77;114,104,94,95
10:12+B,0,10,6,,0_0B:1_0B:2_0B:10_0B:12_0B:13_0B:14_0B:15_0B:16_0B:17_0B:18_0B:20_0B:28_0B:30_0B:38_0B:40_0B:42_0B:48_0B:50_0B:52_0B:53_0B:54_0B:55_0B:58_0B:60_0B:65_0B:68_0B:70_0B:71_0B:72_0B:73_0B:75_0B:78_0B:83_0B:84_0B:85_0B:88_0B:91_0B:98_0B:101_0B:102_0B:103_0B:104_0B:105_0B:106_0B:107_0B:108_0B;3,4,5,6,7,8,9,19,29,39,49,59,69,79,89,99,109,119,118,117,116,115,114,113,112,111,110,100,90,80,81,82,92,93,94,95,96,97,87,77,67;11,21,22,23,24,25,26,27,37;86,76,66,56,57;47,46,36,35;45,44,43;34,33,32,31,41,51,61,62,63,64,74
11:13+B,0,11,7,,60_0B:71_0B:82_0B:93_0B:94_0B:95_0B:96_0B:97_0B:98_0B:109_0B:117_0B:118_0B:119_0B:120_0B:126_0B:127_0B:128_0B;41,40,51,50,49,48,59,70,81,92,103,104;28,29,30;101,90,79,68,57,46,35,24,25,26,27,16,17,18,19,20,31,42,53,64,75,74,73;130,129,140,139,138,137,136,135,134,133,132;52,63,62,61,72,83,84,85,86,87,76,65,54,43,32,21,10,9,8,7,6,5,4,3,2,1,0,11,22,33,44,55,66,77,88,99,110,121,122,123,124,125,114,115,116,105,106,107,108;141,142,131;39,38,37,36,47,58,69,80,91,102,113,112,111,100,89,78,67,56,45,34,23,12,13,14,15
11:13+B,0,12,8,,38_0B:39_0B:49_0B:60_0B:62_0B:71_0B:73_0B:82_0B:84_0B:93_0B:95_0B:104_0B:106_0B:107_0B:108_0B:109_0B:115_0B:120_0B:126_0B:127_0B:128_0B:129_0B:130_0B:131_0B;0,11,22,33,44,55,66,77,88,89,90,79,68,57,46,35,24,13,2;111,122,123;40,51,50,61,72,83,94,105,116,117,118,119;101,100,99,110,121,132,133,134,135;86,75,64,53,42,31,20,19,18,17,16,15,14,25,36,47,58,69,80,91,102,113,112;78,67,56,45,34,23,12,1;136,137,138,139,140,141,142;3,4,5,6,7,8,9,10,21,32,43,54,65,76,87,98,97,96,85,74,63,52,41,30,29,28,27,26,37,48,59,70,81,92,103,114,125,124
11:13+B,0,13,6,,0_0B:1_0B:2_0B:3_0B:4_0B:11_0B:15_0B:16_0B:17_0B:18_0B:19_0B:22_0B:30_0B:33_0B:41_0B:44_0B:45_0B:46_0B:47_0B:48_0B:49_0B:52_0B:60_0B:63_0B:71_0B:74_0B:82_0B:85_0B:93_0B:96_0B:104_0B:107_0B:112_0B:113_0B:114_0B:115_0B;10,21,32,43,54,65,76,87,98,109,120,131,142,141,140,139,138,137,136,135,134,133,132,121,110,99,88,77,66,55,56,57,58,59,70,81,92,91;103,102,101,90,79,80,69;34,23,12,13,14,25,26,27,28,29,40,51,62,73,84,95,106,117,118;5,6,7,8,9,20,31,42,53,64,75,86,97,108,119,130,129,128;68,67,78,89,100,111,122,123;124,125,126,127,116,105,94,83,72,61,50,39,38,37,36,35,24
11:13+B,0,14,9,,65_0B:73_0B:74_0B:75_0B:76_0B:84_0B:95_0B:104_0B:105_0B:106_0B:115_0B:124_0B:125_0B:126_0B;26,37,36,47,58,59,60,71,82,93,94;122,111,112,113,114,103,92,81,70,69,68,57,46,35,24,25;30,29,40,39,50,49,48;117,118,107,96,85,86,87,98,109,120,131,142,141,140,139,138,137,136,135;90,89,88,77,66,55,44,33,22,11,0,1,2,3,4,5,6,7,8,9,10,21,32,43,54,53,64,63,62,61,72,83;38,27,16,15,14,13,12,23,34,45,56,67,78,79,80,91,102,101,100,99,110;97,108,119,130,129,128,127,116;121,132,133,134,123;51,52,41,42,31,20,19,18,17,28
11:13+B,0,15,6,,16_0B:17_0B:18_0B:19_0B:20_0B:26_0B:27_0B:31_0B:36_0B:37_0B:42_0B:43_0B:47_0B:54_0B:58_0B:59_0B:60_0B:61_0B:62_0B:63_0B:65_0B:74_0B:76_0B:85_0B:87_0B:96_0B:98_0B:100_0B:103_0B:104_0B:105_0B:106_0B:107_0B:109_0B:111_0B:120_0B:122_0B:123_0B:124_0B:125_0B:126_0B:127_0B:128_0B:129_0B:130_0B:131_0B;67,56,45,34,23,12,13,2,3;32,21,10,9,8,7,6,5,4,15,14,25,24,35,46,57,68,69,70,71,72,73,84,95,94,93,92,91,102,113,114,115,116,117,118,119,108,97,86,75,64,53,52,41;48,49,50,51,40;1,0,11,22,33,44,55,66,77,78,79,80,81,82,83;38,39,28,29,30;112,101,90,89,88,99,110,121,132,133,134,135,136,137,138,139,140,141,142
11:13+B,0,16,6,,56_0B:57_0B:58_0B:59_0B:60_0B:67_0B:78_0B:89_0B:92_0B:93_0B:94_0B:100_0B:105_0B:106_0B:107_0B:108_0B:109_0B:111_0B:120_0B:122_0B:123_0B:124_0B:125_0B:126_0B:127_0B:128_0B:129_0B:130_0B:131_0B;112,113,114;45,46,47,48,49,50,61,62,63,52,41,30,29,28,27,26,25,24,13;75,64,53,42,31,20,19,18,17,16,15,14;119,118,117,116,115,104,103,102,101,90,79,68,69,70,71,72,73,74,85,86;91,80,81,82,83,84,95,96,97,98,87,76,65,54,43,32,21,10,9,8,7,6,5,4,3,2,1,0,11,22,33,44,55,66,77,88,99,110,121,132,133,134,135,136,137,138,139,140,141,142;12,23,34,35,36,37,38,39,40,51
11:13+B,0,17,9,,24_0B:25_0B:26_0B:27_0B:28_0B:29_0B:30_0B:35_0B:41_0B:46_0B:48_0B:49_0B:52_0B:53_0B:57_0B:59_0B:64_0B:65_0B:68_0B:69_0B:70_0B:76_0B:87_0B:98_0B:109_0B:120_0B:131_0B:141_0B:142_0B;32,21,10,9,8,7,6,5,4,3,2,1,0,11,22,33,44,55,66,77,88,99,110,121,132;83,94,95;50,61,60;117,106,105,104,93,92,91,80;123,112,101,102,103,114,115,116,127,128,129,130,119,108,97,86,75,74,63,62,51,40,39,38,37,36,47,58;81,82,71,72,73,84,85,96,107,118;79,90,89,100,111,122,133,134,135,136;140,139,138,137,126,125,124,113;78,67,56,45,34,23,12,13,14,15,16,17,18,19,20,31,42,43,54
11:13+B,0,18,8,,24_0B:25_0B:26_0B:27_0B:28_0B:34_0B:35_0B:39_0B:45_0B:49_0B:50_0B:56_0B:58_0B:59_0B:60_0B:67_0B:69_0B:78_0B:80_0B:81_0B:82_0B:83_0B:84_0B:89_0B:95_0B:100_0B:101_0B:102_0B:103_0B:106_0B:114_0B:125_0B:136_0B;20,19,18,17,16,15,14,13,12,23;63,62,61;104,115,126,127;137,138,139,128,129,130,119,108,97,86,75,64,53,52,51,40,29,30,31,32,21,10,9,8,7,6,5,4,3,2,1,0,11,22,33,44,55,66,77,88,99,110,111,112,113,124,135,134,133,132;121,122,123;41,42,43,54,65,76,87,98,109,120,131,142,141,140;36,47,46,57,68,79,90,91,92,93,94,105,116,117,118,107,96,85,74,73,72,71,70;38,37,48
11:13+B,0,19,6,,0_0B:1_0B:2_0B:3_0B:11_0B:22_0B:28_0B:29_0B:30_0B:33_0B:35_0B:36_0B:37_0B:38_0B:39_0B:41_0B:44_0B:46_0B:52_0B:55_0B:56_0B:57_0B:59_0B:60_0B:61_0B:62_0B:63_0B:70_0B:79_0B:80_0B:81_0B:90_0B:101_0B:112_0B;12,13,14,15,4,5,6,7,8,9,10,21,32,43,54,65,76,87,98,109,120,131,130,129,128,127;45,34,23,24,25,26,27,16,17,18,19,20,31,42,53,64,75,86,97,108,107,106,105,104,103,114,125,136,135,134,133,132,121,110,99,88,77,66,67,68,69,58,47,48,49,50,51,40;95,96,85,74;142,141,140,139,138,137,126,115,116,117,118,119;73,84,83,94;72,71,82,93,92,91,102,113,124,123,122,111,100,89,78
11:13+B,0,20,9,,35_0B:36_0B:46_0B:55_0B:57_0B:66_0B:67_0B:68_0B;64,65,76,87,98,109,120,131,142,141,140,139,138,137,136,135,134,133,132,121,110,99,88,77,78,79,80,69,58,47,48,49,50,61,72,83,94,95,106;127,126,125,124,113,112;123,122,111,100,101,102,103,114,115,116,117,118,107,96,85,84,73,62,51,40,39,38,37,26,25,24;52,53,42,31,20,19,18,17,6,5,4,3,2,1,0,11,22,33,44;54,43,32,21,10,9,8,7;128,129,130,119,108,97,86,75,74,63;89,90,91,92,81,70,59;105,104,93,82,71,60;41,30,29,28,27,16,15,14,13,12,23,34,45,56
12:14+B,0,21,9,,1_0B:2_0B:3_0B:4_0B:5_0B:6_0B:7_0B:8_0B:13_0B:20_0B:25_0B:31_0B:32_0B:37_0B:49_0B:61_0B:62_0B:63_0B:64_0B:76_0B:77_0B:78_0B:90_0B:91_0B:92_0B:104_0B:116_0B:125_0B:126_0B:127_0B:128_0B;86,98,110,122,134,146,158,159,160,161,162,163,164,165,166,167,155,143,131,119,107,95,83,71,59,47,35,23,11,10,9,21,33,45,44,43,42,30,18,19;79,80,81,93,105,117,129,141,140,139,138,137,149,148,147,135,123,111,99,100;50,51,39,27,28;22,34,46,58,57,56,55,54;38,26,14,15,16,17,29,41;144,132,120,108,96,84,72,60,48,36,24,12,0;40,52,53,65,66,67,68,69,70,82,94,106,118,130,142,154,153,152,151,150;103,102,101,89,88,87,75,74,73,85,97,109,121,133,145,157,156;136,124,112,113,114,115
12:14+B,0,22,6,,15_0B:16_0B:17_0B:18_0B:19_0B:20_0B:21_0B:22_0B:26_0B:27_0B:34_0B:38_0B:50_0B:54_0B:55_0B:56_0B:57_0B:58_0B:62_0B:66_0B:70_0B:74_0B:78_0B:80_0B:82_0B:83_0B:86_0B:90_0B:91_0B:92_0B:95_0B:98_0B:107_0B:110_0B:119_0B:122_0B:131_0B:134_0B:135_0B:136_0B:137_0B:138_0B:139_0B:140_0B:141_0B:142_0B:143_0B;53,65,77,89,101,102,103,104,105,106,118,130,129,128,127,126,125,124,123,111,99,87,75,63,51,39,40,28,29,30,31,32,33;94,93,81,69,68,67,79;167,155,154,153,152,151,150,149,148,147,146,145,133,121,109,97,85,73,61,49,37,25,13,14;46,45,44,43,42,41;52,64,76,88,100,112,113,114,115,116,117;71,59,47,35,23,11,10,9,8,7,6,5,4,3,2,1,0,12,24,36,48,60,72,84,96,108,120,132,144,156,157,158,159,160,161,162,163,164,165,166
12:14+B,0,23,9,,17_0B:18_0B:19_0B:20_0B:21_0B:29_0B:33_0B:41_0B:45_0B:53_0B:57_0B:65_0B:67_0B:68_0B:69_0B:76_0B:77_0B:79_0B:88_0B:91_0B:100_0B:103_0B:105_0B:106_0B:107_0B:111_0B:112_0B:115_0B:117_0B:119_0B:123_0B:127_0B:129_0B:131_0B:134_0B:135_0B:139_0B:143_0B:151_0B:152_0B:153_0B:154_0B:155_0B;39,38,37,49,61,73,85,97,109,121,133,145,146,147,148,136,124,125,113,101,89;99,87,75,63,64,52,40,28,16,4,3,2,1,0,12,24,36,48,60,72,84,96,108,120,132,144,156,157,158,159,160,161,149,137,138,126,114,102,90,78,66,54,55,56,44,32,31;25,26,27;11,23,35,47,59,71,83,95,94,93,92,104,116,128,140,141,142,130,118;13,14,15;150,162,163,164,165,166,167;30,42,43;80,81,82,70,58,46,34,22,10,9,8,7,6,5;51,50,62,74,86,98,110,122
12:14+B,0,24,8,,30_0B:31_0B:32_0B:33_0B:41_0B:42_0B:45_0B:52_0B:53_0B:56_0B:57_0B:67_0B:68_0B:76_0B:77_0B:78_0B:79_0B:88_0B:95_0B:100_0B:106_0B:107_0B:112_0B:113_0B:114_0B:118_0B:126_0B:130_0B:138_0B:142_0B:150_0B:151_0B:152_0B:153_0B:154_0B;149,148,147,146,145,133,121,109,97,98;16,15,27,26,38,50;44,43,55,54,66,65,64,63,62,61,49,37,25,13,14,2,3,4,5,6,7,8,9,10,11,23,35,47,59,71,83,82,94,93,105,117,129,141,140,139,127,115,103,102,101,89;137,136,135,134,122,110;90,91,92,80,81,69,70,58,46,34,22,21,20,19,18,17,29,28,40,39,51;104,116,128;1,0,12,24,36,48,60,72,73,74,75;125,124,123,111,99,87,86,85,84,96,108,120,132,144,156,157,158,159,160,161,162,163,164,165,166,167,155,143,131,119
12:14+B,0,25,10,,0_0B:1_0B:2_0B:3_0B:4_0B:5_0B:6_0B:7_0B:8_0B:12_0B:20_0B:21_0B:22_0B:24_0B:34_0B:36_0B:46_0B:48_0B:53_0B:54_0B:55_0B:58_0B:60_0B:64_0B:65_0B:67_0B:68_0B:69_0B:70_0B:72_0B:84_0B:96_0B:108_0B:120_0B;66,78,77,89,88,87;160,161,162,163,164,165,166,167,155,143,131,119,107,106,105;104,92,93,94,95;39,51,63,75,76;145,146,134,122,110,109,97,85,73,61,49,37,25,13,14,15,16,17,18,19,31,32,33,45;52,40,41;113,114,115,103,91,79,80,81,82,83,71,59,47,35,23,11,10,9;129,141,140,139,138,137,136,135,123,111;57,56,44,43,42,30,29,28,27,26,38,50,62,74,86,98,99,100,112,124,125,126,127,128,116,117,118,130,142,154,153,152,151,150,149,148,147,159,158,157,156,144,132,133,121;101,102,90
12:14+B,0,26,10,,21_0B:22_0B:23_0B:29_0B:30_0B:31_0B:32_0B:33_0B:35_0B:39_0B:40_0B:41_0B:47_0B:51_0B:59_0B:63_0B:67_0B:68_0B:69_0B:75_0B:79_0B:81_0B:82_0B:87_0B:91_0B:94_0B:99_0B:103_0B:106_0B:111_0B:115_0B:118_0B:123_0B:124_0B:125_0B:126_0B:127_0B:130_0B:142_0B;28,27,26,38,50,62,74,86,98,110,122,134,135,136,137,138,139,140,152;34,46,58,70,71,83,95,107,119,131,143;11,10,9,8,7,6,5,4,3,2,1,0,12,24,36,48,60,72,84,96,108,120,132,144,156,157,158,159,160,161,162,163;93,105,117;78,90,102,114,113,112,100,88,76,64,52,53,54,55,56,57;66,65,77,89,101;154,153,141,129,128,116,104,92,80;42,43,44,45;155,167,166,165,164;151,150,149,148,147,146,145,133,121,109,97,85,73,61,49,37,25,13,14,15,16,17,18,19,20
12:14+B,0,27,10,,13_0B:14_0B:15_0B:16_0B:17_0B:18_0B:19_0B:20_0B:21_0B:25_0B:33_0B:37_0B:38_0B:39_0B:45_0B:51_0B:53_0B:54_0B:55_0B:57_0B:58_0B:63_0B:64_0B:65_0B:67_0B:70_0B:79_0B:80_0B:82_0B:92_0B:94_0B:104_0B:106_0B:116_0B:118_0B:128_0B:130_0B:142_0B:150_0B:151_0B:152_0B:153_0B:154_0B:161_0B:162_0B;75,76,77,78,66;127,115,103,91;145,146,147,135,123,111,112,113,114,102,90,89,88,87,86,74,62,50;49,61,73,85,97,109,121,120,132,144,156,157,158,159,160,148,149,137,138,139,140,141,129,117,105,93,81,69,68;52,40,41,42,43;163,164,165,166,167,155,143,131,119,107,95,83,71,59,47,46,34,22,10,9,8,7,6,5,4,3,2,1,0,12,24,36,48,60,72,84,96,108;35,23,11;133,134,122,110,98,99,100,101;136,124,125,126;56,44,32,31,30,29,28,27,26
12:14+B,0,28,7,,41_0B:42_0B:43_0B:44_0B:53_0B:60_0B:61_0B:65_0B:72_0B:77_0B:84_0B:89_0B:96_0B:101_0B:108_0B:109_0B:110_0B:111_0B:112_0B:113_0B;149,150,151,152,153,154,142,130,118,106,94,82,81;120,132,144,156,157,158,159,160,161,162,163,164,165,166,167,155,143,131,119,107,95,83;40,52,51,63,75,87,86;39,38,37,25,13,14,15,16,17,18,19,20,21,22,34,46,58;134,135,123,124,125,126,127,128,116,104,103,91,79,67;64,76,88,100,99,98,97,85,73,74,62,50,49,48,36,24,12,0,1,2,3,4,5,6,7,8,9,10,11,23,35,47,59,71,70,69,68,80,92,93,105,117,129,141,140,139,138,137,136,148,147,146,145,133,121,122;115,114,102,90,78,66,54,55,56,57,45,33,32,31,30,29,28,27,26
12:14+B,0,29,7,,13_0B:14_0B:15_0B:16_0B:17_0B:18_0B:19_0B:20_0B:21_0B:22_0B:25_0B:34_0B:46_0B:52_0B:53_0B:54_0B:55_0B:58_0B:64_0B:67_0B:70_0B:76_0B:79_0B:82_0B:88_0B:91_0B:94_0B:96_0B:97_0B:98_0B:100_0B:103_0B:104_0B:105_0B:106_0B:110_0B:112_0B:122_0B:123_0B:124_0B;141,140,139,138,137,136,135,134;109,108,120,132,144,156,157,158,159,160,161,162,163,164,165,166,167,155,143,131,130,129,128,127,126,125,113,101,89,77,65,66;142,154,153,152,151,150,149,148,147,146,145,133,121;78,90,102,114,115,116,117,118,119,107,95,83,71,59,47,35,23,11,10,9,8,7,6,5,4,3,2,1,0,12,24,36,37,38,26,27,28,29,30,31,32,33,45,57,69,81,93;92,80,68,56,44,43,42,41,40,39,51,50,49,48,60,72;111,99,87,75,63,62,61,73;84,85,86,74
12:14+B,0,30,10,,0_0B:1_0B:2_0B:3_0B:4_0B:5_0B:6_0B:7_0B:19_0B:20_0B:21_0B:22_0B:34_0B:46_0B:58_0B:70_0B:81_0B:82_0B:90_0B:91_0B:92_0B:93_0B:102_0B:114_0B:126_0B:138_0B:139_0B:140_0B:152_0B;157,156,144,132,133,134,122,110,98,86,87;107,119,131,143,155,167,166,165,164,163,162,161,160,159,158,146,145;8,9,10,11,23,35,47,59,71,83,95,94,106,105,104,103;116,117,118,130,142,154,153;51,63,64,65,66;67,55,54,53,52,40,39,38,50,62,74,75,76,88,100,112,124;151,150,149,148,147;120,121,109,97,85,73,61,49,37,25,26,27,28,29,41,42,43,44,56;108,96,84,72,60,48,36,24,12,13,14,15,16,17,18,30,31,32,33,45,57,69,68,80,79,78,77,89,101,113,125,137,136,135,123,111,99;115,127,128,129,141
