10,0,1,8,,44_0B:45_0B:54_0B:55_0B;99,89,79,69,59,49,39,29,19,9,8,7,6,5,4,3,13,23,24,25,26,27;67,57,56;52,42,32,22,12;75,74,73,72,62,61,51,41,31,21,11;77,76,66,65,64,63,53,43,33,34;71,81,82,83,84,85,86,87,88,78,68,58,48,47,46,36,35;2,1,0,10,20,30,40,50,60,70,80,90,91,92,93,94,95,96,97,98;37,38,28,18,17,16,15,14
10,0,2,5,,44_0B:45_0B:54_0B:55_0B;65,75,85,84,83,82,81;63,53,43,33,34,35,36,46,56,66,76,86,96,95,94,93,92,91,90,80,70,60,50,40,30,20,10,0;62,52,42,32,22,12,13,14,15,16,17,18,28,38,48,58,68,78,88;23,24,25,26,27,37,47,57,67,77,87,97,98,99;89,79,69,59,49,39,29,19,9,8,7,6,5,4,3,2,1,11,21,31,41,51,61,71,72,73,74,64
10,0,3,5,,44_0B:45_0B:54_0B:55_0B;99,89,79,69,59,49,39,29,19,9,8,7,6,5,4,3,2,1,0,10,20,30,40,50,60,70,80,90,91,92,93,94;62,72,73,74,75,76;57,56,46,36,35,34,33,43;95,96,97,98,88,78,68,58,48,38,28,18,17,16,15,14,13,12,11,21,31,41,51,61,71,81,82,83,84;47,37,27,26,25,24,23,22,32,42,52,53,63,64,65,66,67,77,87,86,85
10,0,4,6,,44_0B:45_0B:54_0B:55_0B;85,86,87,88,78,68,58,57,47,37,27,26,25,24,23,22,32,42,41,51,61;30,40,50,60,70,71,72,62,52,53,43,33,34,35,36,46,56,66,65,75,74,84,94,93,92,91,90;76,77,67;95,96,97,98,99,89,79,69,59,49,48,38,28,18,17,16,15,14,13,12,11,21,31;20,10,0,1,2,3,4,5,6,7,8,9,19,29,39;80,81,82,83,73,63,64
10,0,5,5,,44_0B:45_0B:54_0B:55_0B;2,1,0,10,20,30,31,32,22,23,24,14,4,5,6,7,8,9,19,29,39,49,59,69,79,89,99,98,97,96,95,94,93,92,91,90,80,70,60,50;53,63,64,65,66,56,46,36;26,27,37,47,57,67,77,76,75,74,73,72,62,52,42,43,33,34,35;21,11,12,13,3;25,15,16,17,18,28,38,48,58,68,78,88,87,86,85,84,83,82,81,71,61,51,41,40
10,0,6,7,,44_0B:45_0B:54_0B:55_0B;75,74,73,72;51,41,42,43,33,34,35,36,46,56,57;99,98,88,78,68,58,48,47,37,27,26,25,24,23,22,32;67,77,76,86,85,84,83,82,81,71,61,62;31,21,11,12,13,14,15,16,17,18,28,38,39,49,59,69,79,89;87,97,96,95,94,93,92,91,90,80,70,60,50,40,30,20,10,0,1,2,3,4,5,6,7,8,9,19,29;52,53,63,64,65,66
10,0,7,9,,44_0B:45_0B:54_0B:55_0B;88,78,68,67,66,65,64,63,53,43,33,34,24,14,13,12,11,21,31,41,51,61,71,81,82;9,19,18;17,7,8;83,84,85,75,76,77,87,97,98,99,89,79,69,59,49,48,47,46,36,35,25,15;74,73,72,62,52,42,32,22,23;58,57,56;39,29,28;38,37,27,26,16,6,5,4,3,2,1,0,10,20,30,40,50,60,70,80,90,91,92;93,94,95,96,86
10,0,8,4,,44_0B:45_0B:54_0B:55_0B;7,6,16,26,27,37,47,57,67,77,76,75,74,73,72,62,52,42,32;34,24,14,13,12,11;10,20,30,40,50,60,70,80,90,91,92,93,94,95,96,97,98,99,89,79,69,59,49,39,29,19,9,8;0,1,2,3,4,5,15,25,35,36,46,56,66,65,64,63,53,43,33,23,22,21,31,41,51,61,71,81,82,83,84,85,86,87,88,78,68,58,48,38,28,18,17
10,0,9,7,,44_0B:45_0B:54_0B:55_0B;34,35,36,46,56,57,67,68,78,88,87,86,85,95,94,93,92,91,90,80,70,60,50,40,30,20,10,0,1,2,3,4,5,6,7,8,9,19,29,39,49;42,32,22;47,37,27;77,76,75,74,84,83,82,81,71,61,51,41,31,21,11,12,13,14,15,16,17,18,28,38,48;63,64,65,66;26,25,24,23,33,43,53,52,62,72,73;58,59,69,79,89,99,98,97,96
10,0,10,5,,44_0B:45_0B:54_0B:55_0B;91,81,82,83,84,85,86,87,88,78,68,58,48,38,28,18,17,16,15,14,13,12,11,21,31,32,33,34,35,36,46,56,66,65;22,23,24,25,26,27,37,47,57,67,77,76,75,74,73,72,62;64,63,53,43,42,41,40,50,60,70,80,90;30,20,10,0,1,2,3,4,5,6,7,8,9,19,29,39,49,59,69,79,89,99,98,97,96,95,94,93,92;52,51,61,71
11,0,11,9,,48_0B:49_0B:50_0B:59_0B:60_0B:61_0B:70_0B:71_0B:72_0B;42,31,20,19,18,7,6,5,16,27,38,37,36,47,46,45,56,67,78,89,100,101,102,103,104,105,94,95,96,85,86;17,28,39,40,51,62,73,74,75,76,87,98,109,120,119,118;34,35,24,25,26,15,4,3,2,1,0,11,22;69,80,81,82,83,84;53,52,41,30,29;14,13,12,23;63,64,65,54,43,32,21,10,9,8;58,57,68,79,90,91,92,93;33,44,55,66,77,88,99,110,111,112,113,114,115,116,117,106,107,108,97
11,0,12,6,,48_0B:49_0B:50_0B:59_0B:60_0B:61_0B:70_0B:71_0B:72_0B;63,52,41,42,31,20,19,18,17,16,15,14,13,12,23,34,45,56,67,78;108,97,86,75,64,53,54,43,32,21,10,9,8,7,6,5,4,3,2,1,0,11,22,33,44,55,66,77,88,89,100,101,102,103,104,115;117,116,105,94,93,92,91,90;106,95,84,83,82,81,80,79,68,57,46,35,24,25,26,27,28,29,30;69,58,47,36,37,38,39,40,51,62,73,74,85,96,107,118,119,120,109,98,87,76,65;114,113,112,111,110,99
11,0,13,6,,48_0B:49_0B:50_0B:59_0B:60_0B:61_0B:70_0B:71_0B:72_0B;16,5,4,3,2,1,0,11;27,28,17,6,7,8,9,10,21,32,31,30,41;34,35,46,57,68,79,90,91,92,93,94,95,96,85,74,63,64,65,54,43,42;76,75,86,97,108,107,106,105,104,103,102,101,100,89,78,67,56,45;87,98,109,120,119,118,117,116,115,114,113,112,111,110,99,88,77,66,55,44,33,22,23,24,25,36,47,58,69,80,81,82,83,84,73,62,51,52,53;12,13,14,15,26,37,38,39,40,29,18,19,20
11,0,14,6,,48_0B:49_0B:50_0B:59_0B:60_0B:61_0B:70_0B:71_0B:72_0B;0,11,22,33,44,45;14,15,16,27,28,29,30,41,52,63,74,85,96,95,94,93,92,91,90,89,100,111,110;7,8,9,10,21,32,43,54,65,76,87,98,109,120,119,118,117,116,115,114,113,112;13,24,25,36,47,58,69,68,67,66;55,56,57,46,35,34,23,12,1,2,3,4,5,6,17,18,19,20,31,42,53,64,75,86,97,108,107,106,105,104,103,102,101;99,88,77,78,79,80,81,82,83,84,73,62,51,40,39,38,37,26
11,0,15,7,,48_0B:49_0B:50_0B:59_0B:60_0B:61_0B:70_0B:71_0B:72_0B;44,33,34,23,24,25,14;16,17,18,19,20,31,42,53,64,75,86,97,108,107,106,105,104,103,102,101,100,89,78,67,56;1,0,11,22;12,13,2,3;27,28,29,30,41,52,63,74,85,96,95,94,93,92,91,90,79,68,57,46,45;81,80,69,58,47,36,35;55,66,77,88,99,110,111,112,113,114,115,116,117,118,119,120,109,98,87,76,65,54,43,32,21,10,9,8,7,6,5,4,15,26,37,38,39,40,51,62,73,84,83,82
11,0,16,6,,48_0B:49_0B:50_0B:59_0B:60_0B:61_0B:70_0B:71_0B:72_0B;42,41,30,19,18,17;29,40,51,52,53;38,37,26,25,24,23,34,45,56,67,78,89,100,101,102,103,104,105,106,107,108,97,86;46,57,68,79,90,91,92,93,94,95,96,85,74,75,76,87,98,109,120,119,118,117,116,115,114,113,112,111,110,99,88,77,66,55,44,33,22,11,12,13,14,15,16,27,28,39;35,36,47,58,69,80,81,82,83,84,73,62,63,64,65,54,43,32,31,20;0,1,2,3,4,5,6,7,8,9,10,21
11,0,17,7,,48_0B:49_0B:50_0B:59_0B:60_0B:61_0B:70_0B:71_0B:72_0B;30,29,40,39;100,89,78,67,56,45,34,23,12,13,14,3,4,5,16,17,18,19,20,31,42,41,52,51,62,73,84,83,82;75,86,97,108,107,106,105,104,103,92,81,80,69,58,57,46,35,24,25,26,15;65,76,87,98,109,120,119,118,117,116,115,114,113,102,91,90,79,68;28,27,38,37,36,47;6,7,8,9,10,21,32,43,54,53,64,63,74,85,96,95,94,93;101,112,111,110,99,88,77,66,55,44,33,22,11,0,1,2
11,0,18,9,,48_0B:49_0B:50_0B:59_0B:60_0B:61_0B:70_0B:71_0B:72_0B;56,67,68;93,104,103,102,101,100,89,78,79;8,9,10,21,32,43,54,65,76,87,98,109,120,119,118,117,116,115,114,113,112,111,110,99,88,77,66,55,44,33,22,11,0,1,2,3,4,5;35,24,25,26,27,28,29,18,19,20,31,42,53,64,75,86;47,36,37,38,39,40,41,30;97,96,85,74,63;52,51,62,73,84,95,106,107,108;105,94,83,82,81,80,69,58,57,46,45,34,23,12,13,14,15,16,17,6,7;90,91,92
11,0,19,6,,48_0B:49_0B:50_0B:59_0B:60_0B:61_0B:70_0B:71_0B:72_0B;34,23,12,13,14,15,16,17,18,19,20,31,42,53,64,75,86,97,108,107,106,105,104,103,102,101,100;37,38,39,40,51,62,73,84,83,82,81,80,79;56,67,78,77;25,26,27,28,29,30,41,52,63,74,85,96,95,94,93,92,91,90,89,88,99,110,111,112,113,114,115,116,117,118,119,120,109,98,87,76,65,54,43,32,21,10,9,8,7,6,5,4,3,2,1,0,11,22,33;24,35,36,47,58,69,68;57,46,45,44,55,66
11,0,20,7,,48_0B:49_0B:50_0B:59_0B:60_0B:61_0B:70_0B:71_0B:72_0B;34,45,44,55,66,77,88,99,110,111,112,113,114,115,116,117,118,119,120,109,98,87,76,65,54,43,32,21,10,9;35,46,47,58,69,80,81,82,83,84,73;16,5,4,3,2;18,29,30,41,52,63,74,85,96,95,94,93,92,91,90,79,68;23,24,25,36,37,38,39,40,51,62;57,56,67,78,89,100,101,102,103,104,105,106,107,108,97,86,75,64,53,42,31,20,19,8,7,6,17,28,27,26,15,14,13,12,1;0,11,22,33
12,0,21,7,,65_0B:66_0B:77_0B:78_0B;41,40,39,27,15,16,17,18,19,20,21,22,34,46,58,70,82,94,95,107;28,29,30,31,32;138,137,136,135,134,133,132,120,108,96,84,85,86,98,110,111,112,113,114,115,116,117,105,93,81,69,57,45,33;0,12,24,36,48,60,72,73,74,75,87,99,100,101,102,103,104,92,80,68,56,44,43,42,54,53,52,51,50,38,26,14,2,3,4,5,6,7,8,9,10,11,23,35,47,59,71,83;97,109,121,122,123,124,125,126,127,139,140,141,142,143,131,119;1,13,25,37,49,61,62,63,64,76,88,89,90,91,79,67,55;106,118,130,129,128
12,0,22,9,,65_0B:66_0B:77_0B:78_0B;83,95,107,119,131,143,142,141;59,71,70,82,94,106,118,130,129,128,140,139,138,137,136,135,134,133,121,109,97,85,73,74,62;43,42,41;99,100,88,76,64,52,40,28,29,30,31,32,33,34,22;53,54,55,67,79,91,90,89,101,113,112,111,110,98,86,87,75,63,51,50,38;127,115,116,117,105,93,81,69,57,58,46,47,35,23,11,10,9,8,7,6,5,4,3,2,1,0,12,24,36,48;39,27,26;45,44,56,68,80,92,104,103,102,114,126,125,124,123,122;21,20,19,18,17,16,15,14,13,25,37,49,61,60,72,84,96,108,120,132
12,0,23,6,,65_0B:66_0B:77_0B:78_0B;124,123,135,134,133,132,120,108,96,84,72,60,48,36,24,12,0,1,2,3,4,5,6,7,8,9,10,11,23,35,47,59,71,83,95,107,119,131,143,142,141,140,139,127,115,116,117,105,93,81,69,57,45,33,32,31,30,29,28,27,26,38,50,62;90,89,101,113,125;91,79,67,55,54,53,52,64,76,88,100,112;111,99,87,75,63,51,39,40,41,42,43,44,56,68,80,92,104,103,102,114,126,138,137,136;121,122,110,98,86,74;109,97,85,73,61,49,37,25,13,14,15,16,17,18,19,20,21,22,34,46,58,70,82,94,106,118,130,129,128
12,0,24,6,,65_0B:66_0B:77_0B:78_0B;123,122,121,109,97,85,73,61,49,37,25,13,14,15,16,17,18,19,20,21,22,34,46,58;47,35,23,11,10,9,8,7,6,5,4,3,2,1,0,12,24,36,48,60,72,84,96,108,120,132,133,134,135,136,124,112,111,110,98,86,74,62,50,38,26,27,28,29,30,31,32,33,45,57,69,81,80,79,67,55,54,53,52,64,76,88,89,90,102,114,126,127,128,129,130;82,94,93,92,91,103,115,116,117,118;119,131,143,142,141,140,139,138,137,125,113,101,100,99,87,75,63,51,39,40,41,42,43,44,56,68;70,71,59;83,95,107,106,105,104
12,0,25,6,,65_0B:66_0B:77_0B:78_0B;117,116,115;82,83,71,59,47,35,23,11,10,9,8,7,6,5,4,3,2,1,0,12,24,36,48,60,72,84,96,108,120,132,133,134,135,136,137,138,139,140;57,45,33,32,31,30,29,28,27,26,38,50,62,74,86,98,110,111,112,113,114,102,103;70,58,46,34,22,21,20,19,18,17,16,15,14,13,25,37,49,61,73,85,97,109,121,122,123,124,125,126,127,128,129,141,142,143,131,119,107,95,94,93,81,80,79,67,55,54,53,52,64,76,88,89;90,91,92,104,105,106,118,130;69,68,56,44,43,42,41,40,39,51,63,75,87,99,100,101
12,0,26,7,,65_0B:66_0B:77_0B:78_0B;91,90,89,88,76,64;142,143,131,119,107,95,83,71,59,47,35,23,11,10,9,8,7,6,5,4,3,2,1,0,12,24,36,48,60,72,84,96,108,120,132,133,134,135;55,67,79,80,92,104,103,115,127;46,34,22,21,20,19,18,17,16,15,14,13,25,37,49,61,73,85,97,109,121,122,123,124,136;138,137,125,113,112,111,110,98,86,74,62,50,38,26,27,28,29,30,31,32,33,45,57,58,70,82,94,106,118,130,129,141;52,53,54,42,43,44,56,68,69,81,93,105,117,116,128,140,139;126,114,102,101,100,99,87,75,63,51,39,40,41
12,0,27,6,,65_0B:66_0B:77_0B:78_0B;111,99,87,75,63,51,52,53,54,55,67,79,91,103,115,127,128,140;121,109,97,85,73,61,49,37,25,26,27,28,29,30,31,32,33,45,57,69,81,93,105,106,118,130,142,143;141,129,117,116,104,92,80,68,56,44,43,42,41,40,39,38,50,62,74,86,98,110,122,123,124,112,100,88,76,64;94,82,70,58,46,34,22,21,20,19,18,17,16,15,14,13;131,119,107,95,83,71,59,47,35,23,11,10,9,8,7,6,5,4,3,2,1,0,12,24,36,48,60,72,84,96,108,120,132,133,134,135,136,137,125,113,101,89,90;139,138,126,114,102
12,0,28,7,,65_0B:66_0B:77_0B:78_0B;142,143,131,119,107,95,94,93,92,104,103,115,114,113,112,100,99,87,75,63,51,39,40,41,42,43,44,45,33,21,20,19,18,17,16,15,14,13,25,37,49,61,73,85,97,109,121,122,134,135;32,31,30,29,28,27,26,38,50,62,74,86,98,110,111,123,124,125,126,127,128,116,117,105,106;118,130,129,141,140,139,138,137,136;58,70,69,68,67;102,101,89,88,76,64,52,53,54,55,56,57;11,23,35,47,59,71,83,82,81,80,79,91,90;46,34,22,10,9,8,7,6,5,4,3,2,1,0,12,24,36,48,60,72,84,96,108,120,132,133
12,0,29,9,,65_0B:66_0B:77_0B:78_0B;61,49,37,25,13,14,15,16,17,29,30,31,19,20,21,22,34,46,47;5,4,3,2,1,0,12,24,36,48,60;76,88,89,90,91,79,67,55,54,53,52,51,39;74,75,87,99,100,101,102,103,115,127,126,125,124,123,122,121,109,97,85;59,71,83,95,107,119,131,143,142,141,140,139,138,137,136,135,134,133,132,120,108,96,84,72,73;64,63,62,50,38,26,27,28,40,41,42,43,44,56,68,80,92,104,116,128,129,130,118,106,94,82,70,58;32,33,45,57,69,81,93,105,117;35,23,11,10,9,8,7,6,18;86,98,110,111,112,113,114
12,0,30,9,,65_0B:66_0B:77_0B:78_0B;114,115,116,117,105,93,81,69,57,45,33,32,31,30,18,6,5,4,3,2,1,0,12;75,87,86,98,110,111,112,124,136,135,134,133,132,120,108,96,84,72;91,79,67,55,54,53,52,40,39;19,7,8,9,10,11,23,35,47,59,71,83,95,107,119,131,143,142,141,140,139,138,137,125,113,101,100,99;37,49,50,51,63,64,76,88,89,90,102,103,104,92,80,68,56,44,43,42,41,29,28;123,122,121,109,97,85,73;74,62,61,60,48,36,24,25,13,14;126,127,128,129,130,118,106,94,82,70,58,46,34,22,21,20;17,16,15,27,26,38
