10:12+B,0,1,7,,,4|5:14|15:50|60:51|61:58|68:59|69:104|105:114|115;41,31,21,11,12,13,23,33,34,44,54,64,65,75,85,86,87,97,107,108;38,48,47,46,56,66,76,77,78,88,98,99,109,119,118,117,116,115,105;55,45,35,36,26,16,17,18,19,29,39,49,59,58,57,67,68,69,79,89;92,82,83,84,74;28,27,37;93,103,102,101,91,81,71,72,73,63,53,43,42,32,22;9,8,7,6,5,15,25,24,14,4,3,2,1,0,10,20,30,40,50,51,52,62,61,60,70,80,90,100,110,111,112,113,114,104,94,95,96,106
10:12+B,0,2,7,,,4|5:14|15:50|60:51|61:58|68:59|69:104|105:114|115;101,91,92,82,83,84,85,86,76,77,78,88,98,108,107;57,58,59,49,39,29,19,9,8,7,6,5,15,25,24,14,4,3,2,1,0,10,20,30,40,50;87,97,96,106;113,114,104,94,95,105,115,116,117,118,119,109,99,89,79,69,68,67,66,56,46,47,48,38,28,18,17,16,26;70,60,61,62,63;27,37,36,35,34,33,23,13,12,11,21,31,41,51,52,53,54,64;22,32,42,43,44,45,55,65,75,74,73,72,71,81,80,90,100,110,111,112,102,103,93
10:12+B,0,3,8,,,4|5:14|15:50|60:51|61:58|68:59|69:104|105:114|115;6,7,8,9,19,29,39,49,59,58,57,67,68,69,79,89,99,109,119,118,117,116,115,105;5,15,16,17,18,28,38,48,47,46,56,66,76,75,74,64,54,44,34,33,32,22;71,81,91,101,102,103,104,114;97,87,86,85,84,83,73,63,53,52,51,50,40;14,4,3,2,1,0,10,20,30,31,41,42,43;36,35,45,55,65;37,27,26,25,24,23,13,12,11,21;77,78,88,98,108,107,106,96,95,94,93,92,82,72,62,61,60,70,80,90,100,110,111,112,113
10:12+B,0,4,9,,,4|5:14|15:50|60:51|61:58|68:59|69:104|105:114|115;0,1,2,3,4,14,24,23,22,21,31,41,42,43,53,63,73,72,82,92,93;13,12,11,10,20,30,40,50,51,52,62,61,60,70,80,90,100,110,111,112,113,114,104,94,95,96,106,107,108,98,88,78,77,76,75,65,55,56,57,58,59,49,39;32,33,34,35;66,67,68,69,79,89,99,109,119,118,117,116,115,105;16,26,36;85,86,87,97;48,38,28,29,19,9,8,7,6,5,15,25;103,102,101,91,81,71;83,84,74,64,54,44,45,46,47,37,27,17,18
10:12+B,0,5,9,,,4|5:14|15:50|60:51|61:58|68:59|69:104|105:114|115;27,37,36,35,45,44,54,64,74;97,87,86,76,66;34,33,23,13,12,11,21,31,41,51,52,62,61,60,70;50,40,30,20,10,0,1,2,3,4,14,24,25,26,16,17,18;102,103,93,83,84;15,5,6,7,8,9,19,29,28,38,48,47,46,56,55,65,75,85,95,105,115,116,117,118,119,109,99,89,79,69,68;39,49,59,58,57,67,77,78,88,98,108,107,106,96;22,32,42,43,53,63,73,72,82,92,91,101;94,104,114,113,112,111,110,100,90,80,81,71
10:12+B,0,6,8,,,4|5:14|15:50|60:51|61:58|68:59|69:104|105:114|115;65,64,63,62,61,60,70,80,90,100,110,111,112,102,103,93,83,84,85,86,96,106,107;57,58,48,38,28,18,17,16,26,36,46,45,44,43,42,41,31,21,11,12,13,23;87,97,98,108,118,117,116,115,105,95,94,104,114,113;22,32,33,34,35;119,109,99,89,79,69,68,67,66,56,55,54,53,52,51,50,40,30,20,10,0,1,2,3,4,14,24,25,15,5,6,7,8,9,19,29,39,49,59;88,78,77,76,75,74,73,72,71,81;82,92,91,101;47,37,27
10:12+B,0,7,9,,,4|5:14|15:50|60:51|61:58|68:59|69:104|105:114|115;58,59,49,39,29,19,9,8,7,6,5,15,25,24,14,4,3,2,1,0,10,20,30,40,50,51;46,45,44,43,42,41,31,21,11,12,13,23;93,103,102,101,91,90,80,70,60,61,62,52,53,54,55,56,57,47,37,27;22,32,33,34,35,36,26;96,106,116,117,118,119,109,99,89,79,69,68,67,66,65,64,63;81,71,72,73,74,75,76,77,78,88,98,108;92,82,83,84,85,86,87,97,107;100,110,111,112,113,114,104,94,95,105,115;16,17,18,28,38,48
10:12+B,0,8,8,,,4|5:14|15:50|60:51|61:58|68:59|69:104|105:114|115;41,31,21,11,12,13,23,33,43,53,63,73,72,71,81,91,101,102,103,93;92,82,83,84,74,64,54,44,34,35,36,37,27;22,32,42;116,117,118,119;97,87,86,85,75,65,55,45;26,16,17,18,28,38,48,47,46,56,66,76,77,78,88,98;109,108,107,106,105,115;99,89,79,69,68,67,57,58,59,49,39,29,19,9,8,7,6,5,15,25,24,14,4,3,2,1,0,10,20,30,40,50,51,52,62,61,60,70,80,90,100,110,111,112,113,114,104,94,95,96
10:12+B,0,9,9,,,4|5:14|15:50|60:51|61:58|68:59|69:104|105:114|115;96,97,87;104,114,113,112,111,110,100,90,80,70,60,61,62,52,42,41,31,21,11,1;32,22,12,2,3;92,82,83,84,85,86;54,44,34,24,25,15,5,6,7,8,9,19,29,39,49,59;51,50,40,30,20,10,0;4,14,13,23,33,43,53,63,64,74,75,76,77,78,88,98,108,107,106;73,72,71,81,91,101,102,103,93,94,95,105,115,116,117,118,119,109,99,89,79,69,68,67,66,56,46,47,37,27;65,55,45,35,36,26,16,17,18,28,38,48,58,57
10:12+B,0,10,7,,,4|5:14|15:50|60:51|61:58|68:59|69:104|105:114|115;110,111,112,113,114;14,4,3,2,1,0,10,20,30,40,50,51;78,88,98,108,107,106,96,86,85,75,65,55,45,46,47,48,38,28,18,17,16,26,25,24,23,13,12,11,21,31,41,42,52;71,81,91,92,93,83,84,74,64,54,44,34,35,36,37,27;22,32,33,43,53,63,73,72,82;15,5,6,7,8,9,19,29,39,49,59,58,57,56,66,76,77,87,97;62,61,60,70,80,90,100,101,102,103,104,94,95,105,115,116,117,118,119,109,99,89,79,69,68,67
11:13+B,0,11,8,,5:16:66:67:75:76:126:137;92,103,114,125,136;15,4,3,2,1,0,11,22,33,44,55,56,57,58,59,60,61,62,73,84,95,96,107,118;123,122,111,100,89,78,79,68,69,70,71,72,83,94,105,106,117,128,129,130,119,108,97,86,85,74,63,64,65,54,43,42;21,20,19,18,29,40,39,38,37,36,35,24;77,88,99,110,121,132,133,134,135,124,113,102;112,101,90,91,80,81,82,93,104,115,116,127,138,139,140,141,142,131,120,109,98,87;41,30,31,32;10,9,8,7,6,17,28,27,26,25,14,13,12,23,34,45,46,47,48,49,50,51,52,53
11:13+B,0,12,9,,5:16:66:67:75:76:126:137;127,138,139,140,141,142,131,120,109,98,87,86,85,74,63,64,65,54,43,32,21,10,9,8,19,30,41;60,59,58,57,56,55,44,33,22,11,12,13,14,25,26,27,28,17;20,31,42,53,52,51,62,73,84,95,96,97,108,119,130,129,128,117,116,115,104,93,82,71,70,69,68,79,78,77,88,99,110,121,122,123,124,125,136;118,107,106,105,94,83,72,61,50,49,48,47,46,45,34,23;135,134,133,132;101,102,103,92;24,35,36,37,38,39,40,29,18,7,6;15,4,3,2,1,0;114,113,112,111,100,89,90,91,80,81
11:13+B,0,13,10,,5:16:66:67:75:76:126:137;52,53,42,43;20,31,30,41,40,39,38,49,60,61,72,83;112,101,102,103,92,81;25,14,13,12,23,34,45,46,47,58,69,80,91,90,89,100,111,122,123,124,113,114,115,116,117,128,129,130,119,108,97,96;50,51,62;118,107,106,105,104;19,18,29,28,27,26,15,4,3,2,1,0,11,22,33,44,55,56,57,68,79,78,77,88,99,110,121,132,133,134,135,136,125;24,35,36,37,48,59,70,71,82,93,94,95,84,73,74,63,64,65,54;85,86,87,98,109,120,131,142,141,140,139,138,127;32,21,10,9,8,7,6,17
11:13+B,0,14,10,,5:16:66:67:75:76:126:137;40,41,30;78,89,100,101,112,113,114,115,116,127,138,139,140,141,142,131,120,109,98,87,86,85,74,63,64,65,54,43,32,21,10,9,8,7,6,17,28,27;136,135,134,133,132,121;15,4,3,2,1,0,11,22,33,44,55,56;39,50,51,52,53,42,31,20,19,18,29;12,13,14,25,26,37,38,49,60,61,62,73,84,83,82;97,108,119,130,129,128,117,106,105,104,103,102,91,90,79,68,57,46,45,34,23,24;58,69,80,81,92,93,94,95,96,107,118;77,88,99,110,111,122,123,124,125;72,71,70,59,48,47,36,35
11:13+B,0,15,7,,5:16:66:67:75:76:126:137;100,89,90,91,80,69,58,47,46,45,34,23,12,13,14;30,41,40,39,50,49,48,59,70,81,92,103,102,101,112,111,122;123,124,113,114,115,104,93,82,71,60,61,62,51,52,53,42,31,20,19,18,29;84,95,106,117,128,129,130,119,108,97;35,24,25,26,15,4,3,2,1,0,11,22,33,44,55,56,57,68,79,78,77,88,99,110,121,132,133,134,135,136,125;36,37,38,27,28,17,6,7,8,9,10,21,32,43,54,65,64,63,74,73,72,83,94,105,116,127,138,139,140,141,142,131,120,109,98;87,86,85,96,107,118
11:13+B,0,16,10,,5:16:66:67:75:76:126:137;30,41,52,63,64,65,54;12,13,24,35,46,47,58,69,70,71,72,73,74,85,86,97,108,119,130,129,128,117,106,105,94,93,92,91,90,101,112,123;114,125,136,135,134,133,132,121,110,99,88,77,78,79,68,57,56,55,44,33,22,11,0,1,2,3,14,25,36,37,48,59,60,61,62,51,40,29,18,19,20,21,32,43;89,100,111,122;45,34,23;4,15,26,27,38;80,81,82,83,84,95,96,107,118;49,50,39,28,17,6,7,8,9,10;31,42,53;124,113,102,103,104,115,116,127,138,139,140,141,142,131,120,109,98,87
11:13+B,0,17,7,,5:16:66:67:75:76:126:137;86,97,108,119,130,129,128,117,106,95,84,73,62,51,52,53,42,43,32,21,10,9,8,19,18,29;72,83,94,105,116,127,138,139,140,141,142,131,120,109,98,87;14,13,12,23,34,45,46,47,58,69,80,91,90,101,112;7,6,17,28,27,38,49,48,59,70,81,92,103,102,113,124,123,122,111,100,89;54,65,64,63,74,85,96,107,118;37,36,35,24;20,31,30,41,40,39,50,61,60,71,82,93,104,115,114,125,136,135,134,133,132,121,110,99,88,77,78,79,68,57,56,55,44,33,22,11,0,1,2,3,4,15,26,25
11:13+B,0,18,10,,5:16:66:67:75:76:126:137;102,113,114,125,136,135,134,133,132,121,110,99,88,77;107,106,105,94,83,72,71,70,69,58,47,46,45;112,101,90,91,80,81,82,93;59,60,61,62,73,84,95,96,97,108,119,118,117,128;30,41,52;35,34,23,12,13,14,15,26,27;142,141,140,139,138,127,116,115,104,103,92;124,123,122,111,100,89,78,79,68,57,56,55,44,33,22,11,0,1,2,3,4;38,39,28,17,6,7,8,9,10,21,32,43,54,65;24,25,36,37,48,49,50,51,40,29,18,19,20,31,42,53,64,63,74,85,86,87,98,109,120,131,130,129
11:13+B,0,19,8,,5:16:66:67:75:76:126:137;119,108,97,86,85,74,63,52,41,30,29,28,17;118,107,96,95,84,73,62,51,40,39,38,27,26,15,4,3,2,1,0,11,22,33,44,55,56,57,68,69,80,91,102,113,124,123,122,111,100,89,88,77;99,110,121,132,133,134,135,136,125,114,103,92,81,70,59,58,47,46,35,24;87,98,109,120,131,130,129,128,117,106,105,94,83,72,61,50,49,48,37,36,25,14,13,12,23,34,45;65,64,53,42,31,20,19,18;60,71,82,93,104,115,116,127,138,139,140,141,142;112,101,90,79,78;6,7,8,9,10,21,32,43,54
11:13+B,0,20,9,,5:16:66:67:75:76:126:137;97,96,95,84,73,62,51,50,49,48,37,36,35,24,23;130,129,128,127,116;34,45,46,47,58,69,80,91,90,101,112,111,122;15,4,3,2,1,0;32,21,10,9,8,7,6,17,28,29,30;100,89,78,79,68,57,56,55,44,33,22,11,12,13,14,25,26,27,38,39,40,41,52,53;18,19,20,31,42,43,54,65,64,63,74,85,86,87,98,109,108,107,106,105,94,83,72,61,60,59,70,81,92,103,102,113,124,123;138,139,140,141,142,131,120,119,118,117;71,82,93,104,115,114,125,136,135,134,133,132,121,110,99,88,77
12:14+B,0,21,11,,,5|6:17|18:29|30:72|84:73|85:74|86:81|93:82|94:83|95:137|138:149|150:161|162;30,31,19,20,21;92,93,94,95,107,119,131,143,155,167,166,165,164,163,151,139;33,32,44,43,42,41,40,39,38,50,62,63,75,87,99,98,97,109,121,133,145;11,10,9,8,7,6,18;74,73,61,49,37,25,26,27,28,29,17,5,4,3,2,1,0;72,60,48,36,24,12,13,14,15,16;148,136,124,125,113,101,89,77,65,53,54,55,56,57,45,46,34,22,23;86,85,84,96,108,120,132,144,156,157,158,146,134,122,110;137,149,161,160,159,147,135,123,111,112,100,88,76,64,52,51;58,70,69,68,67,66,78,90,102,114,115,116,117,129,141;35,47,59,71,83,82,81,80,79,91,103,104,105,106,118,130,142,154,153,152,140,128,127,126,138,150,162
12:14+B,0,22,11,,,5|6:17|18:29|30:72|84:73|85:74|86:81|93:82|94:83|95:137|138:149|150:161|162;56,44,32,31;99,98,110,122,134,146,147,148,136,124,112,113,114,115,116,117,129,141;30,18,19,20,21,33,45,57,69,68,67,55,43;135,123,111;16,15,14,13,25,37,49,61,62,63,64,76,88,100,101,102,103,104,105,106,118,130,142,154,153,152,140,128;50,38,26;84,96,108,120,132,144,156,157,158,159,160,161,149,137,125,126,127,139,151,163,164,165,166,167,155,143,131,119,107,95,94,93,92,91,90,89,77,65,53,52,51,39,27;6,7,8,9,10,11,23,35,47,59,71,83,82,81,80,79,78,66,54,42,41,40,28;22,34,46,58,70;138,150,162;29,17,5,4,3,2,1,0,12,24,36,48,60,72,73,74,75,87,86,85,97,109,121,133,145
12:14+B,0,23,11,,,5|6:17|18:29|30:72|84:73|85:74|86:81|93:82|94:83|95:137|138:149|150:161|162;95,94,106,118,130;52,53,54,66,78,79,80,81,82,70,58,57,56,44,32,33;59,71,83;123,124,125,126,138,150,162,163,164,165,166,167,155;141,129,117,105,93,92,91,90,89,77,65;107,119,131,143,142,154,153,152,140,128,116,104,103,102;45,46,47,35,23,11,10,9,8,7,6,18,30,42,41,40,39,51,63,64,76,88,100,101,113,114,115,127,139,151;99,98,97,109,121,133,145,146,147,148;73,61,49,37,25,13,14,15,16;69,68,67,55,43,31,19,20,21,22,34;72,60,48,36,24,12,0,1,2,3,4,5,17,29,28,27,26,38,50,62,74,75,87,86,85,84,96,108,120,132,144,156,157,158,159,160,161,149,137,136,135,134,122,110,111,112
12:14+B,0,24,11,,,5|6:17|18:29|30:72|84:73|85:74|86:81|93:82|94:83|95:137|138:149|150:161|162;119,107,106,105,117,129;28,16,15,14,13,25,37,38,50,51,52,53,54,55,43,31,19;87,86,85,84,96,108,120,132,144,156,157,158,159,160,161,149,137,125,126,138,150,162,163,164,165,166,154,142,141,140,128,116,104,103;26,27,39,40;148,147,135,134,122,110,111,112,113,101,89,77,65,64,63,62,61,49,48,36,24,12,0,1,2,3,4,5,17,29,41,42,30,18,6,7,8,9,10,11,23,35,47,59,71,83,82,81,80;123,124,136;153,152,151,139,127,115,114,102,90,78,66;58,46,34,22,21,20,32,44,56,68,67,79,91,92,93,94,95;70,69,57,45,33;60,72,73,74,75,76,88,100,99,98,97,109,121,133,145,146;118,130,131,143,155,167
12:14+B,0,25,9,,,5|6:17|18:29|30:72|84:73|85:74|86:81|93:82|94:83|95:137|138:149|150:161|162;18,6,7,8,9,10,11,23,35,47,59,71,83,82;26,27,39,51,63,75,76;64,65,77,89,88,87,86,85,84,96,108,120,132,144,156,157,158,159,160,161,149,137,136,135,134,122,110,111,112,113,114,115,116,117,129;139,151,163,164,165,166,167,155,143,131,119,107,95,94,93,92,80,81,69,70,58,46,34,22,21,20,19;61,49,48,36,24,12,0,1,2,3,4,5,17,29,41,42,30,31,32,33,45,57,56,68,67,79,91,103,104,105,106,118,130,142,141;60,72,73,74,62,50,38,37,25,13,14,15,16,28,40,52,53;127,128,140,152,153,154;44,43,55,54,66,78,90,102,101,100,99,98,97,109,121,133,145,146,147,148;162,150,138,126,125,124,123
12:14+B,0,26,10,,,5|6:17|18:29|30:72|84:73|85:74|86:81|93:82|94:83|95:137|138:149|150:161|162;140,141,129,117,105,106;74,73,72,60,48,36,24,12,0,1,2,3,4,5,17,29,28,27,26,38,50,51,52,64,76,88,100,112,111,110,122,134,135,136;104,116,128;102,90,78,66,54,55,43,44;123,124,125,137,149,161,160,159,158,157,156,144,132,120,108,96,84,85,86;16,15,14,13,25,37,49,61,62,63,75,87,99,98,97,109,121,133,145,146,147,148;118,130,142,154,153,152,151,139,127,115,103,91,79,67,68,69,81,82,83,71,59,47,35,23,11,10,9,8,7,6,18,30,42;70,58,46,34,22,21,20,19;39,40,41,53,65,77,89,101,113,114,126,138,150,162,163,164,165,166,167,155,143,131,119,107,95,94,93,92,80;56,57,45,33,32,31
12:14+B,0,27,8,,,5|6:17|18:29|30:72|84:73|85:74|86:81|93:82|94:83|95:137|138:149|150:161|162;19,20,21,22,34,46,58,70,69,68,67,79,91,103,102,101,100,99,111,110,122;61,49,48,36,24,12,0,1,2,3,4,5,17,29,41,42,43,44;94,106,118,130,142,154,153,152,151;60,72,73,74,75,76,77;128,116,104,92,80,81,82,83,71,59,47,35,23,11,10,9,8,7,6,18,30,31,32,33,45,57,56,55,54,53,52,40,28,16,15,14,13,25,37,38,50,62;98,97,109,121,133,145,146,147,148,136;134,135,123,124,112,113,114,115,127,139,140,141,129,117,105,93;95,107,119,131,143,155,167,166,165,164,163,162,150,138,126,125,137,149,161,160,159,158,157,156,144,132,120,108,96,84,85,86,87,88,89,90,78,66,65,64,63,51,39,27,26
12:14+B,0,28,10,,,5|6:17|18:29|30:72|84:73|85:74|86:81|93:82|94:83|95:137|138:149|150:161|162;72,60,48,36,24,12,0,1,2,3,4,5,17,29,41,53,65,77,89,101,113,112,111,110,122,134,135,136,137,149,161;128,127,139,151,152,164,165,166,167,155,143,131,119,107,95,94,93,92,80,81,82,83,71,59,47,35,23,11,10,9,8,7,6,18,30;163,162,150,138,126,125,124,123;56,57,45,33,32,31;19,20,21,22,34,46,58,70,69,68,67,55;90,102,114,115,116,117,129,141,140;38,50,62,74,73;13,14,15,16,28,40,52,64,76,88,100,99,98,97,109,121,133,145,146,147;148,160,159,158,157,156,144,132,120,108,96,84,85,86,87,75,63,51,39,27,26,25,37,49,61;44,43,42,54,66,78,79,91,103,104,105,106,118,130,142,154,153
12:14+B,0,29,9,,,5|6:17|18:29|30:72|84:73|85:74|86:81|93:82|94:83|95:137|138:149|150:161|162;145,146,147,148,136,124,112,113,101,102,103,104,105,106,118,130,142,154,153,165,164;40,39,51,63,64,65,66,67,68,69,70,58,46,34,33,32,44;109,97,85,86,87,75,76,77,78,79,80,81,82,83,71,59,47,35,23,22,21,20,19,31,43;163,151,152,140,141,129,117,116,115,114,126,125,137,149,161,160,159,158,157,156,144,132,133,134,135,123,111;45,57,56,55,54,53,52;27,26,38,50,62,74,73,72,60,48,36,24,12,0,1,2,3,4,5,17,29,41,42,30,18,6,7,8,9,10,11;84,96,108,120,121,122,110,98,99,100,88,89,90,91,92,93,94,95,107,119,131,143,155,167,166;28,16,15,14,13,25,37,49,61;162,150,138,139,127,128
12:14+B,0,30,11,,,5|6:17|18:29|30:72|84:73|85:74|86:81|93:82|94:83|95:137|138:149|150:161|162;97,98,110,122,134,135,136,124,112,100,88,76,64,52,53,54,55,56,68,69,70,58,46,34,33,32,31,30,18,6,7,8,9,10,11;148,147,146,145,133,121,109;19,20,21,22,23,35,47,59,71,83,82,81,80,92,93;27,26,38,50,62,74,73;78,90,102,114,115,127,139,151,163,164;94,106,118,130,131,143,155,167,166,165,153,152,140,128,116;154,142,141,129,117,105,104,103,91,79,67,66,65,77,89,101,113,125,137,149,161,160,159,158,157,156,144,132,120,108,96,84,85,86,87,75,63,51,39,40,28,16,15,14,13,25,37,49,61,60,72;162,150,138,126;99,111,123;48,36,24,12,0,1,2,3,4,5,17,29,41,42,43,44,45,57;95,107,119
