8,0,1,5,,,10|11:11|12:11|19:16|17:17|18:17|25:20|21:21|22:21|29:35|36:36|37:36|44:41|42:42|43:42|50:45|46:46|47:46|54;17,9,10,18,19,20,12,4,5,6,7,15,23,31,39,38,46;44,43,35,34,42;63,62,61,60,52,51,50,49,41,33,25,26,27,28,36;21,13,14,22,30,29,37,45,53,54,55,47;59,58,57,56,48,40,32,24,16,8,0,1,2,3,11
8,0,2,6,,,10|11:11|12:11|19:13|14:14|15:14|22:16|17:17|18:17|25:28|29:29|30:29|37:42|43:43|44:43|51:45|46:46|47:46|54:48|49:49|50:49|57;12,20,19,18,10,9,17;11,3,2,1,0,8,16,24,25,26,27,28,36,37,45,53,54,55,47,39,31;29,21,13,5,4;14,6,7,15,23,22,30,38,46;44,52,51,50,42,41,49;63,62,61,60,59,58,57,56,48,40,32,33,34,35,43
8,0,3,6,,,10|11:11|12:11|19:16|17:17|18:17|25:21|22:22|23:22|30:27|28:28|29:28|36:33|34:34|35:34|42:45|46:46|47:46|54:48|49:49|50:49|57:51|52:52|53:52|60;22,14,13,21,29,30,38,46;34,26,18,10,9,17;11,3,2,1,0,8,16,24,25,33,41,49;28,20,12,4,5,6,7,15,23,31,39,47,55,63,62,61,60,59,51;32,40,48,56,57,58,50,42,43,44,52;54,53,45,37,36,35,27,19
8,0,4,5,,,8|9:9|10:9|17:13|14:14|15:14|22:19|20:20|21:20|28:34|35:35|36:35|43:40|41:41|42:41|49:44|45:45|46:45|53;20,12,11,19,18,17,25,33,41;35,27,28,29,21,13,5,4,3,2,10;49,50,51,52,53,54,46,38,30,22;45,37,36,44,43,42,34,26;9,1,0,8,16,24,32,40,48,56,57,58,59,60,61,62,63,55,47,39,31,23,15,7,6,14
8,0,5,5,,,11|12:12|13:12|20:16|17:17|18:17|25:21|22:22|23:22|30:26|27:27|28:27|35:36|37:37|38:37|45:41|42:42|43:42|50:53|54:54|55:54|62;54,46,45,44,43,35,34,42;27,19,11,3,2,1,0,8,16,24,32,40,48,56,57,58,59,60,61,62,63,55,47,39,38;22,14,13,21,20,28,36;37,29,30,31,23,15,7,6,5,4,12;17,9,10,18,26,25,33,41,49,50,51,52,53
8,0,6,6,,,10|11:11|12:11|19:16|17:17|18:17|25:21|22:22|23:22|30:27|28:28|29:28|36:42|43:43|44:43|51:48|49:49|50:49|57:53|54:54|55:54|62;45,53,61,62,63,55,47,39;17,9,10,18,19,27,35,43;49,41,33,25,24,16,8,0,1,2,3,11;28,20,12,4,5,6,7,15,23,31,30,38,46,54;26,34,42,50,51,52,44,36,37,29,21,13,14,22;60,59,58,57,56,48,40,32
8,0,7,4,,,12|13:13|14:13|21:16|17:17|18:17|25:35|36:36|37:36|44:41|42:42|43:42|50;14,22,30,38,46,54,53,52,51,50,49,41,33,25,26,18;13,5,6,7,15,23,31,39,47,55,63,62,61,60,59,58,57,56,48,40,32,24,16,8,0,1;2,3,4,12,20,21,29,37,45,44,43,35,34,42;17,9,10,11,19,27,28,36
8,0,8,5,,,8|9:9|10:9|17:13|14:14|15:14|22:18|19:19|20:19|27:28|29:29|30:29|37:40|41:41|42:41|49:43|44:44|45:44|52:53|54:54|55:54|62;29,21,13,5,4,3,2,10,18,17,25,33,41;44,36,37,38,30,22,23,15,7,6,14;19,11,12,20,28,27,35,43,51,52,53,45,46,54;9,1,0,8,16,24,32,40,48,49,50,42,34,26;56,57,58,59,60,61,62,63,55,47,39,31
8,0,9,5,,,10|11:11|12:11|19:20|21:21|22:21|29:25|26:26|27:26|34:42|43:43|44:43|51:45|46:46|47:46|54:48|49:49|50:49|57;27,28,29,30,22,14,13,21;49,41,42,50,51,52,44,36,37,38,46;45,53,54,55,47,39,31,23,15,7,6,5,4,12,20,19,18,26;10,9,17,25,33,34,35,43;11,3,2,1,0,8,16,24,32,40,48,56,57,58,59,60,61,62,63
8,0,10,6,,,9|10:10|11:10|18:13|14:14|15:14|22:24|25:25|26:25|33:37|38:38|39:38|46:42|43:43|44:43|51:48|49:49|50:49|57:52|53:53|54:53|61;25,17,9,1,2,10;43,35,27,28,20,12;14,6,7,15,23,31,39,47,55,63;49,41,40,48,56,57,58,59,60,61,62,54,46,45,53;38,30,29,37,36,44,52,51,50,42;0,8,16,24,32,33,34,26,18,19,11,3,4,5,13,21,22
8,0,11,6,,,10|11:11|12:11|19:16|17:17|18:17|25:21|22:22|23:22|30:27|28:28|29:28|36:33|34:34|35:34|42:48|49:49|50:49|57:53|54:54|55:54|62;49,41,42,50,51,52,60,61,62,63,55,47,39,31,30,29,21,13,14,22;34,26,25,33,32,40,48,56,57,58,59;11,3,2,1,0,8,16,24;17,9,10,18,19,27,35,43,44,45,53;54,46,38,37,36;23,15,7,6,5,4,12,20,28
8,0,12,6,,,8|9:9|10:9|17:13|14:14|15:14|22:25|26:26|27:26|34:35|36:36|37:36|44:40|41:41|42:41|49:50|51:51|52:51|59:53|54:54|55:54|62;26,18,17,25,33,41;54,46,38,39,31,23,15,7,6,14;49,50,42,34,35,27,19,11,12;22,30,29,37,45,53,61,62,63,55,47;36,28,20,21,13,5,4,3,2,10;9,1,0,8,16,24,32,40,48,56,57,58,59,60,52,44,43,51
8,0,13,6,,,8|9:9|10:9|17:13|14:14|15:14|22:18|19:19|20:19|27:28|29:29|30:29|37:32|33:33|34:33|41:42|43:43|44:43|51:52|53:53|54:53|61;14,6,7,15,23,31,39,47,55,63;19,11,12,20,28,27,26,34,42,50,51,52,44,45,53;43,35,36,37,38,30,22,21,29;33,25,17,18,10,2,3,4,5,13;9,1,0,8,16,24,32,40,41,49;48,56,57,58,59,60,61,62,54,46
8,0,14,4,,,10|11:11|12:11|19:16|17:17|18:17|25:20|21:21|22:21|29:33|34:34|35:34|42:52|53:53|54:53|61;21,13,14,22,30,29,28,27,19,18,10,9,17;20,12,4,5,6,7,15,23,31,39,47,55,63;34,26,25,33,41,42,43,35,36,37,38,46,54,62,61,60,59,58,57,56;11,3,2,1,0,8,16,24,32,40,48,49,50,51,52,44,45,53
8,0,15,6,,,9|10:10|11:10|18:13|14:14|15:14|22:19|20:20|21:20|28:24|25:25|26:25|33:36|37:37|38:37|45:41|42:42|43:42|50:53|54:54|55:54|62;9,17,25;20,12,11,19,18,26,34,42;1,0,8,16,24,32,33,41,49,50,51,43,35,27;40,48,56,57,58,59,60,52,44,36,28,29,37;14,6,7,15,23,31,39,47,55,63,62,61,53,45;54,46,38,30,22,21,13,5,4,3,2,10
8,0,16,6,,,10|11:11|12:11|19:20|21:21|22:21|29:25|26:26|27:26|34:35|36:36|37:36|44:40|41:41|42:41|49:45|46:46|47:46|54:50|51:51|52:51|59;0,1,2,3,11;46,38,30,22,14,13,21;26,18,17,25,33,41;51,43,44,45,37,29,28,36;56,57,58,59,60,61,62,63;52,53,54,55,47,39,31,23,15,7,6,5,4,12,20,19,27,35,34,42,50,49,48,40,32,24,16,8,9,10
8,0,17,6,,,8|9:9|10:9|17:13|14:14|15:14|22:18|19:19|20:19|27:28|29:29|30:29|37:33|34:34|35:34|42:43|44:44|45:44|52:48|49:49|50:49|57:53|54:54|55:54|62;29,21,13,5,4,3,2,10,18,26,34;14,6,7,15,23,22,30,38,37,36,44;19,11,12,20,28,27,35,43,42,41,49;17,25,33,32,40,48,56,57,58,59,60,61,62,63,55,47,39,31;50,51,52,53,45,46,54;9,1,0,8,16,24
8,0,18,5,,,10|11:11|12:11|19:21|22:22|23:22|30:33|34:34|35:34|42:43|44:44|45:44|52:48|49:49|50:49|57:53|54:54|55:54|62;11,3,2,10,9,17,25,33,41,49;34,26,18,19,20,21,13,14,22;1,0,8,16,24,32,40,48,56,57,58,59,60,61,62,63,55,47,39,31,23,15,7,6,5,4,12;42,43,35,27,28,29,30,38,46,54;50,51,52,53,45,37,36,44
8,0,19,6,,,11|12:12|13:12|20:17|18:18|19:18|26:21|22:22|23:22|30:32|33:33|34:33|41:35|36:36|37:36|44:45|46:46|47:46|54:49|50:50|51:50|58;36,28,20,21,13,14,22;18,10,9,17,16,24,32,40,48,56;8,0,1,2,3,11,19,27;33,25,26,34,35,43,44,45,37,29,30,31,23,15,7,6,5,4,12;46,38,39,47,55,63,62,61,60;50,42,41,49,57,58,59,51,52,53,54
8,0,20,6,,,8|9:9|10:9|17:13|14:14|15:14|22:19|20:20|21:20|28:25|26:26|27:26|34:42|43:43|44:43|51:48|49:49|50:49|57:52|53:53|54:53|61;26,18,10,2,1,9;17,25,33,41,49;0,8,16,24,32,40,48,56,57,58,59,60,61,62,63,55,47,39,31,30,29,28,27,19,11,3,4,5;20,12,13,21,22,23,15,7,6,14;43,35,34,42,50,51,52,44,45,53;54,46,38,37,36
8,0,21,6,,,9|10:10|11:10|18:13|14:14|15:14|22:19|20:20|21:20|28:36|37:37|38:37|45:40|41:41|42:41|49:50|51:51|52:51|59:53|54:54|55:54|62;20,12,11,19,18,17,9;41,33,25,26,27;1,0,8,16,24,32,40,48,56,57,58,59,60,52,44,43,51;49,50,42,34,35,36,28,29,37;14,6,7,15,23,31,39,47,55,63,62,61,53,45;10,2,3,4,5,13,21,22,30,38,46,54
8,0,22,5,,,10|11:11|12:11|19:16|17:17|18:17|25:21|22:22|23:22|30:42|43:43|44:43|51:45|46:46|47:46|54:48|49:49|50:49|57;17,9,10,18,19,20,12,4,5,6,7,15,23;52,51,50,42,41,49;63,62,61,60,59,58,57,56,48,40,32,33,34,35,43;22,14,13,21,29,37,38,46;11,3,2,1,0,8,16,24,25,26,27,28,36,44,45,53,54,55,47,39,31,30
8,0,23,6,,,9|10:10|11:10|18:13|14:14|15:14|22:19|20:20|21:20|28:24|25:25|26:25|33:42|43:43|44:43|51:45|46:46|47:46|54:48|49:49|50:49|57;10,2,1,9,17,25;40,48,56,57,58,59,60,61,62,63;14,6,5,4,3,11,19,18,26,34,33,32,24,16,8,0;20,12,13,21,22,30,38,46;7,15,23,31,39,47,55,54,53,45,37,29,28,27,35,43;36,44,52,51,50,42,41,49
8,0,24,6,,,8|9:9|10:9|17:18|19:19|20:19|27:29|30:30|31:30|38:35|36:36|37:36|44:40|41:41|42:41|49:50|51:51|52:51|59:53|54:54|55:54|62;30,22,14,13,12,11,19;51,43,35,27,28,36;9,1,0,8,16,24,32,40,48,56,57,58,59,60,52,44,45,37,29,21,20;54,46,47,55,63,62,61,53;49,50,42,34,26;38,39,31,23,15,7,6,5,4,3,2,10,18,17,25,33,41
8,0,25,5,,,17|18:18|19:18|26:21|22:22|23:22|30:34|35:35|36:35|43:45|46:46|47:46|54:48|49:49|50:49|57:51|52:52|53:52|60;46,38,30,29,21,13,14,22;49,41,33,25,17,9,10,18;35,27,28,36,37,45,53,54;12,4,5,6,7,15,23,31,39,47,55,63,62,61,60,59,51,43,44,52;20,19,11,3,2,1,0,8,16,24,32,40,48,56,57,58,50,42,34,26
8,0,26,6,,,11|12:12|13:12|20:16|17:17|18:17|25:21|22:22|23:22|30:26|27:27|28:27|35:36|37:37|38:37|45:40|41:41|42:41|49:51|52:52|53:52|60;41,33,25,24,16,8,0,1,2,3,11,19,27;17,9,10,18,26,34,42;62,54,46,38,30,29,37;52,44,45,53,61,60,59,58,57,56;12,4,5,6,7,15,23,31,39,47,55,63;22,14,13,21,20,28,36,35,43,51,50,49,48,40,32
8,0,27,6,,,9|10:10|11:10|18:13|14:14|15:14|22:28|29:29|30:29|37:33|34:34|35:34|42:43|44:44|45:44|52:48|49:49|50:49|57:53|54:54|55:54|62;29,21,13,5,4,3,11,19,18,26,34;54,46,38,30,22,23,15,7,6,14;44,36,37,45,53,52,51;10,2,1,9,17,25,33,41,49;31,39,47,55,63,62,61,60,59,58,57,56,48,40,32,24,16,8,0;50,42,43,35,27,28,20,12
8,0,28,5,,,10|11:11|12:11|19:16|17:17|18:17|25:29|30:30|31:30|38:40|41:41|42:41|49:44|45:45|46:45|53:50|51:51|52:51|59;7,15,14,13,21,29,28,27,26,25,33,41;30,22,23,31,39,47,55,63,62,61,60,59,58,57,56;45,37,36,35,34,42,50,49,48,40,32,24,16,8,0,1,2,3,11;6,5,4,12,20,19,18,10,9,17;38,46,54,53,52,44,43,51
8,0,29,5,,,12|13:13|14:13|21:16|17:17|18:17|25:26|27:27|28:27|35:45|46:46|47:46|54:48|49:49|50:49|57:51|52:52|53:52|60;49,41,33,25,26,18,19,27;14,22,21,20,12,11,10,9,17;30,29,28,36,35,34,42,50,58,57,56,48,40,32,24,16,8,0,1,2,3,4;52,44,43,51,59,60,61,62,63,55,47,39,31,23,15,7,6,5,13;54,53,45,37,38,46
8,0,30,6,,,10|11:11|12:11|19:13|14:14|15:14|22:16|17:17|18:17|25:27|28:28|29:28|36:40|41:41|42:41|49:44|45:45|46:45|53:50|51:51|52:51|59;5,13,21,29,37,45;28,20,12,4,3,11;51,43,42,34,26,25,24,16,8,0,1,2;17,9,10,18,19,27,35,36,44,52,53,54,46,38,30,22;41,33,32,40,48,56,57;49,50,58,59,60,61,62,63,55,47,39,31,23,15,7,6,14
9,0,31,8,,,12|13:13|14:13|22:18|19:19|20:19|28:23|24:24|25:24|33:29|30:30|31:30|39:40|41:41|42:41|50:46|47:47|48:47|56:51|52:52|53:52|61:57|58:58|59:58|67:63|64:64|65:64|73:68|69:69|70:69|78;41,32,23,14,5,6,7,8,17,26,35,44,53,62,71,80;13,4,3,2,1,10,19;12,11,20,29,28,37,46,55,64;30,21,22,31,40,49,58;52,43,34,25,16,15,24;56,57,48,39,38,47;65,66,67,68,59,50,51,42,33;0,9,18,27,36,45,54,63,72,73,74,75,76,77,78,79,70,61,60,69
9,0,32,8,,,9|10:10|11:10|19:14|15:15|16:15|24:20|21:21|22:21|30:31|32:32|33:32|41:37|38:38|39:38|47:42|43:43|44:43|52:48|49:49|50:49|58:54|55:55|56:55|64:59|60:60|61:60|69:65|66:66|67:66|75;55,46,37,28,19,20,11,2,3,4;77,78,79,80,71,62,53,44,35,26,17,8;43,34,25,16,7,6,15;32,23,22,31,40,49;21,12,13,14,5;66,57,58,59,50,41,42,33,24;64,65,56,47,48,39,30,29,38;60,51,52,61,70,69,68,67,76,75,74,73,72,63,54,45,36,27,18,9,0,1,10
9,0,33,8,,,10|11:11|12:11|20:15|16:16|17:16|25:22|23:23|24:23|32:29|30:30|31:30|39:41|42:42|43:42|51:45|46:46|47:46|55:48|49:49|50:49|58:60|61:61|62:61|70:64|65:65|66:65|74:67|68:68|69:68|77;49,40,31,22,13,14,23;30,21,12,3,4,5,6,15,24,25,34,43,52,61;11,2,1,10,19,28,37,46;20,29,38,47,56,65;39,48,57,66,75,74,73,64,55;72,63,54,45,36,27,18,9,0;42,33,32,41,50,51,60,69,70,71,62,53,44,35,26,17,8,7,16;68,59,58,67,76,77,78,79,80
9,0,34,8,,,9|10:10|11:10|19:13|14:14|15:14|23:24|25:25|26:25|34:29|30:30|31:30|39:36|37:37|38:37|46:40|41:41|42:41|50:51|52:52|53:52|61:57|58:58|59:58|67:64|65:65|66:65|74:68|69:69|70:69|78;10,1,0,9,18,19,20,29,38,47,46;14,5,6,7,8,17,26,35,34,33,42,51,50,49,58;30,21,12,11,2;59,68,67,66,57,48,39,40,31,32,41;72,63,54,45,36,27,28,37;52,43,44,53,62,71,80;65,56,55,64,73,74,75,76,77,78,79,70,61,60,69;3,4,13,22,23,24,15,16,25
9,0,35,7,,,11|12:12|13:12|21:18|19:19|20:19|28:23|24:24|25:24|33:30|31:31|32:31|40:37|38:38|39:38|47:50|51:51|52:51|60:54|55:55|56:55|64:65|66:66|67:66|75:69|70:70|71:70|79;12,3,4,13,22,31;51,42,33,32,23,14,5,6,7,8,17,26,35,44,53,62,71,80,79,78,77,76,75,74,73,72;2,1,0,9,18,27;19,10,11,20,21,30,39,40,41,50,59;24,15,16,25,34,43,52;70,61,60,69,68,67,58,49,48,47,46,55;38,29,28,37,36,45,54,63,64,65,56,57,66
9,0,36,7,,,10|11:11|12:11|20:15|16:16|17:16|25:22|23:23|24:23|32:29|30:30|31:30|39:36|37:37|38:37|46:41|42:42|43:42|51:48|49:49|50:49|58:55|56:56|57:56|65:60|61:61|62:61|70:67|68:68|69:68|77;37,28,19,10,1,2,11;42,33,32,31,22,13,14,23;30,21,20,29,38,39,48,57,58,59,68;56,47,46,55,64,65,66,67,76,77,78,79,80;49,40,41,50,51,60,69,70,71,62,53,44,35,26,17,8,7,16;12,3,4,5,6,15,24,25,34,43,52,61;0,9,18,27,36,45,54,63,72,73,74,75
9,0,37,5,,,19|20:20|21:20|29:23|24:24|25:24|33:30|31:31|32:31|40:49|50:50|51:50|59:55|56:56|57:56|65:68|69:69|70:69|78;56,47,38,29,30,21,12,13,14;24,15,16,25,34,43,44,53,62,71,80,79,78,77,68,59,60,69;20,11,10,19,28,37,46,55,64,65,66,57,48,39;35,26,17,8,7,6,5,4,3,2,1,0,9,18,27,36,45,54,63,72,73,74,75,76,67,58,49,40,41,50;31,22,23,32,33,42,51,52,61,70
9,0,38,7,,,9|10:10|11:10|19:14|15:15|16:15|24:20|21:21|22:21|30:37|38:38|39:38|47:40|41:41|42:41|50:51|52:52|53:52|61:56|57:57|58:57|66:63|64:64|65:64|73:68|69:69|70:69|78;52,43,34,25,16,7,6,15;41,32,31,22,13,12,21;38,29,30,39,40,49,58;8,17,26,35,44,53,62,71,80;69,60,61,70,79,78,77,76,75,66;57,48,47,56,65,74,73,72,63,54,45,36,27,18,9,0,1,10;64,55,46,37,28,19,20,11,2,3,4,5,14,23,24,33,42,51,50,59,68,67
9,0,39,7,,,11|12:12|13:12|21:18|19:19|20:19|28:23|24:24|25:24|33:38|39:39|40:39|48:42|43:43|44:43|52:45|46:46|47:46|55:57|58:58|59:58|67:64|65:65|66:65|74:68|69:69|70:69|78;12,3,2,1,0,9,18,27,28,29,38,47,48,57,66,67,68,59,50,41,32,23,14,15,24;72,63,54,45,36,37,46;39,30,21,20,11,10,19;52,51,42,33,34,43;80,71,62,53,44,35,26,25,16;69,60,61,70,79,78,77,76,75,74,73,64,55,56,65;17,8,7,6,5,4,13,22,31,40,49,58
9,0,40,7,,,15|16:16|17:16|25:18|19:19|20:19|28:21|22:22|23:22|31:38|39:39|40:39|48:42|43:43|44:43|52:45|46:46|47:46|55:58|59:59|60:59|68:64|65:65|66:65|74:69|70:70|71:70|79;46,37,38,47,48,57,66,67,68,69,60,51,52,53,44,35,26,17,8,7,16;43,34,33,42,41,50,59;19,10,11,20,29,28,27,36,45,54,63,72;70,61,62,71,80,79,78,77,76,75,74,73,64,55,56,65;39,30,21,12,3,2,1,0,9,18;58,49,40,31,32,23,14;25,24,15,6,5,4,13,22
9,0,41,7,,,9|10:10|11:10|19:15|16:16|17:16|25:21|22:22|23:22|31:28|29:29|30:29|38:32|33:33|34:33|42:49|50:50|51:50|59:56|57:57|58:57|66:60|61:61|62:61|70:63|64:64|65:64|73;33,24,15,6,7,16;57,48,39,38,37,28,19,18,9,0,1,10;61,52,43,34,25;64,55,54,63,72,73,74,75,76,77,78,79,80;42,51,60,59,58,49,40,31,30,21,12,13,22;50,41,32,23,14,5,4,3,2,11,20,29;8,17,26,35,44,53,62,71,70,69,68,67,66,65,56,47,46,45,36,27
9,0,42,7,,,9|10:10|11:10|19:13|14:14|15:14|23:24|25:25|26:25|34:30|31:31|32:31|40:36|37:37|38:37|46:41|42:42|43:42|51:47|48:48|49:48|57:60|61:61|62:61|70:64|65:65|66:65|74:67|68:68|69:68|77;35,26,17,8,7,6,5,14;37,28,19,20,11,2,3,4,13,22,31;80,79,78,77,76,67,58,49,40,39,48;12,21,30,29,38,47,46,55,64;61,52,51,50,41,32,23,24,15,16,25;10,1,0,9,18,27,36,45,54,63,72,73,74,75,66,57,56,65;42,33,34,43,44,53,62,71,70,69,60,59,68
9,0,43,8,,,11|12:12|13:12|21:15|16:16|17:16|25:18|19:19|20:19|28:22|23:23|24:23|32:37|38:38|39:38|47:42|43:43|44:43|52:49|50:50|51:50|59:54|55:55|56:55|64:65|66:66|67:66|75:68|69:69|70:69|78;19,10,11,20,21,22,13,4,5,6;59,68,77,78,79,80,71,62,53,44,35,34,43;52,51,42,33,32,31,30,39,48,47,46,55;50,41,40,49,58,67,76,75,74,73,72;12,3,2,1,0,9,18,27;16,7,8,17,26,25,24,15,14,23;69,60,61,70;38,29,28,37,36,45,54,63,64,65,56,57,66
9,0,44,8,,,9|10:10|11:10|19:14|15:15|16:15|24:20|21:21|22:21|30:31|32:32|33:32|41:36|37:37|38:37|46:42|43:43|44:43|52:47|48:48|49:48|57:59|60:60|61:60|69:63|64:64|65:64|73:66|67:67|68:67|76;15,6,7,8,17,26,35,44,53,62,71,80,79,78,77,76,75,66;64,55,46,47,38,29,30,31,22,13,12,21;32,23,24,25,16;67,58,49,40,39,48;59,68,69,70,61,52,51,60;43,34,33,42,41,50;37,28,19,20,11,2,3,4,5,14;10,1,0,9,18,27,36,45,54,63,72,73,74,65,56,57
9,0,45,8,,,9|10:10|11:10|19:13|14:14|15:14|23:20|21:21|22:21|30:24|25:25|26:25|34:36|37:37|38:37|46:39|40:40|41:40|49:56|57:57|58:57|66:60|61:61|62:61|70:63|64:64|65:64|73:67|68:68|69:68|77;61,52,51,50,49,58,67,66,65,56;8,7,16,25;17,26,35,34,33,24,15,6,5,14;3,4,13,22,23,32,41,42,43,44,53,62,71,70,69,60,59,68;57,48,39,30,31,40;80,79,78,77,76,75,74,73,72,63,54,45,36,27,28,37;64,55,46,47,38,29,20,19,18,9,0;21,12,11,2,1,10
9,0,46,8,,,9|10:10|11:10|19:13|14:14|15:14|23:20|21:21|22:21|30:33|34:34|35:34|43:36|37:37|38:37|46:39|40:40|41:40|49:50|51:51|52:51|60:55|56:56|57:56|65:66|67:67|68:67|76:69|70:70|71:70|79;14,5,4,3,2,11,20,19;40,31,30,39,48,49,50,59,60,69,78,79,80,71,62,53;10,1,0,9,18,27,36,45,54,63,72,73,74,75,76,77,68;16,25,34;51,42,41,32,23,22,13,12,21;67,58,57,66,65,64,55,46;70,61,52,43,44,35,26,17,8,7,6,15,24,33;56,47,38,29,28,37
9,0,47,8,,,9|10:10|11:10|19:13|14:14|15:14|23:20|21:21|22:21|30:24|25:25|26:25|34:37|38:38|39:38|47:41|42:42|43:42|51:48|49:49|50:49|58:54|55:55|56:55|64:65|66:66|67:66|75:69|70:70|71:70|79;42,33,34,43,52,51;8,7,16,25;17,26,35,44,53,62,71,80,79,78,77,68,59,50,41,32,23,24,15,6,5,14;0,9,18,27,36,45,54,63,72,73,74,75,76,67,58,57,66;10,1,2,3,4,13,22,31,30,29,38;49,40,39,48,47,56,65,64;21,12,11,20,19,28,37,46,55;69,60,61,70
9,0,48,8,,,9|10:10|11:10|19:12|13:13|14:13|22:15|16:16|17:16|25:31|32:32|33:32|41:38|39:39|40:39|48:42|43:43|44:43|52:54|55:55|56:55|64:58|59:59|60:59|68:65|66:66|67:66|75:69|70:70|71:70|79;55,46,37,28,19,20,11,2,3,4,13;6,5,14,23,32;39,30,29,38,47,56,65,64,63,54,45,36,27,18,9,0,1,10;12,21,22,31,40,41,42,33,24,15;16,7,8,17,26,25;43,34,35,44,53,52,51,60,69,68,67,58;66,57,48,49,50,59;70,61,62,71,80,79,78,77,76,75,74,73,72
9,0,49,7,,,9|10:10|11:10|19:20|21:21|22:21|30:23|24:24|25:24|33:37|38:38|39:38|47:42|43:43|44:43|52:48|49:49|50:49|58:54|55:55|56:55|64:59|60:60|61:60|69:65|66:66|67:66|75;55,46,37,28,19,20,11,12,21;2,3,4,13,22;43,34,33,42,41,50,59,58,57,66;38,29,30,31,32,23,14,5,6,7,8,17;10,1,0,9,18,27,36,45,54,63,64,65,56,47,48,39,40,49;72,73,74,75,76,67,68,69,70,61,52,51,60;77,78,79,80,71,62,53,44,35,26,25,16,15,24
9,0,50,8,,,12|13:13|14:13|22:15|16:16|17:16|25:18|19:19|20:19|28:31|32:32|33:32|41:37|38:38|39:38|47:42|43:43|44:43|52:54|55:55|56:55|64:58|59:59|60:59|68:65|66:66|67:66|75:69|70:70|71:70|79;32,23,14,5,4,13;19,10,11,20,21,22,31,40,41,42,33,34,43;8,17,26,35,44,53,52,51,60,69,68,67;55,46,37,28,27,18,9,0,1,2,3,12;72,73,74,75,76,77,78,79,80,71,62,61,70;59,50,49,58,57,66;36,45,54,63,64,65,56,47,48,39,30,29,38;16,7,6,15,24,25
9,0,51,6,,,9|10:10|11:10|19:20|21:21|22:21|30:32|33:33|34:33|42:36|37:37|38:37|46:39|40:40|41:40|49:55|56:56|57:56|65:59|60:60|61:60|69:66|67:67|68:67|76;21,12,13,22,23,32,41,42,51,60;56,47,38,29,30,31,40;37,28,19,20,11,2,3,4,5,14,15,24,33;39,48,49,50,59,68,69,70,61,52,43,34,25,16;46,55,64,65,66,57,58,67;10,1,0,9,18,27,36,45,54,63,72,73,74,75,76,77,78,79,80,71,62,53,44,35,26,17,8,7,6
9,0,52,7,,,9|10:10|11:10|19:15|16:16|17:16|25:20|21:21|22:21|30:31|32:32|33:32|41:36|37:37|38:37|46:42|43:43|44:43|52:56|57:57|58:57|66:59|60:60|61:60|69:63|64:64|65:64|73;16,7,6,15,14,23,32;46,47,38,29,30,31,22,13,12,21;64,55,56,65,66,67,58,49,50,51,60;57,48,39,40,41,42,33,24,25,26,17,8;59,68,69,70,61,52;10,1,0,9,18,27,36,45,54,63,72,73,74,75,76,77,78,79,80,71,62,53,44,35,34,43;37,28,19,20,11,2,3,4,5
9,0,53,6,,,15|16:16|17:16|25:18|19:19|20:19|28:22|23:23|24:23|32:39|40:40|41:40|49:42|43:43|44:43|52:55|56:56|57:56|65:59|60:60|61:60|69:66|67:67|68:67|76;25,24,15,14,23;60,51,42,33,34,43;56,47,38,39,30,21,22,13,4,5,6;16,7,8,17,26,35,44,53,52,61,70,69,68,59,58,67;62,71,80,79,78,77,76,75,74,73,72,63,54,45,36,27,18,9,0,1,2,3,12;19,10,11,20,29,28,37,46,55,64,65,66,57,48,49,50,41,32,31,40
9,0,54,6,,,12|13:13|14:13|22:24|25:25|26:25|34:29|30:30|31:30|39:36|37:37|38:37|46:56|57:57|58:57|66:59|60:60|61:60|69:63|64:64|65:64|73;13,4,3,2,1,10,19,28,37;25,16,15,24,33,32,31,40,39,38,29,20,11,12;57,48,49,50,41,42,43,34,35,26,17,8,7,6,5,14,23,22,21,30;0,9,18,27,36,45,46,47,56,65,66,67,58,59;68,69,70,61,52,51,60;44,53,62,71,80,79,78,77,76,75,74,73,72,63,54,55,64
9,0,55,7,,,11|12:12|13:12|21:15|16:16|17:16|25:18|19:19|20:19|28:22|23:23|24:23|32:38|39:39|40:39|48:41|42:42|43:42|51:45|46:46|47:46|55:58|59:59|60:59|68:64|65:65|66:65|74:69|70:70|71:70|79;39,30,21,20,11,10,19;59,50,41,32,33,42;46,37,36,45,54,63,72;58,49,40,31,22,13,4,5,6;70,61,62,71,80,79,78,77,76,75,74,73,64,55,56,65;23,14,15,24,25,34,43;16,7,8,17,26,35,44,53,52,51,60,69,68,67,66,57,48,47,38,29,28,27,18,9,0,1,2,3,12
9,0,56,7,,,11|12:12|13:12|21:15|16:16|17:16|25:18|19:19|20:19|28:32|33:33|34:33|42:46|47:47|48:47|56:49|50:50|51:50|59:60|61:61|62:61|70:63|64:64|65:64|73:66|67:67|68:67|76;50,41,42,43,34,25,24,33;70,69,60,51,52,61;66,75,76,77,78,79,80,71,62,53,44,35,26,17,8;64,55,46,37,28,29,20,11,10,19;47,38,39,30,21,22,13,4,5;68,59,58,67;16,7,6,15,14,23,32,31,40,49,48,57,56,65,74,73,72,63,54,45,36,27,18,9,0,1,2,3,12
9,0,57,4,,,12|13:13|14:13|22:33|34:34|35:34|43:48|49:49|50:49|58:55|56:56|57:56|65:69|70:70|71:70|79;49,40,41,42,43,44,35,26,17,8,7,6,5,4,13;12,11,10,19,28,37,46,55,64,65,66,67,68,69,60,61,70;3,2,1,0,9,18,27,36,45,54,63,72,73,74,75,76,77,78,79,80,71,62,53,52,51,50,59,58,57,48,39,30,31,32,33,24;56,47,38,29,20,21,22,23,14,15,16,25,34
9,0,58,8,,,9|10:10|11:10|19:14|15:15|16:15|24:21|22:22|23:22|31:28|29:29|30:29|38:33|34:34|35:34|43:40|41:41|42:41|50:45|46:46|47:46|55:57|58:58|59:58|67:64|65:65|66:65|74:68|69:69|70:69|78;22,13,12,21,30,31,32,41;10,1,0,9,18;8,17,26,35,44,43,42,33,24,23,14,5,4,3,2,11;15,6,7,16,25,34;46,37,38,39,40,49,58;69,60,61,70,79,78,77,76,75,74,73,64,55,56,65;80,71,62,53,52,51,50,59,68,67,66,57,48,47;72,63,54,45,36,27,28,19,20,29
9,0,59,5,,,24|25:25|26:25|34:27|28:28|29:28|37:38|39:39|40:39|48:49|50:50|51:50|59:60|61:61|62:61|70:63|64:64|65:64|73;40,49,48,47,46,45,54,63,72,73,74,65,66,67,68,69,70;64,55,56,57,58,59,60,51,42,41,50;39,30,31,32,33,34,43,52,61;4,3,2,1,0,9,18,27,36,37,38,29,20,21,22,23,24,15,16,25;28,19,10,11,12,13,14,5,6,7,8,17,26,35,44,53,62,71,80,79,78,77,76,75
9,0,60,8,,,10|11:11|12:11|20:13|14:14|15:14|23:24|25:25|26:25|34:30|31:31|32:31|40:36|37:37|38:37|46:41|42:42|43:42|51:47|48:48|49:48|57:58|59:59|60:59|68:63|64:64|65:64|73:69|70:70|71:70|79;11,2,1,10,19,20;31,22,13,4,3;42,33,34,43,52,51,50,59;12,21,30,29,28,37;14,5,6,7,8,17,26,35,44,53,62,71,80,79,78,77,76,75;25,16,15,24,23,32,41,40,49,58,57,56,65,74,73,72,63,54,45,36,27,18,9,0;66,67,68,69,60,61,70;64,55,46,47,38,39,48
10,0,61,9,,,12|13:13|14:13|23:17|18:18|19:18|28:20|21:21|22:21|31:25|26:26|27:26|36:33|34:34|35:34|44:41|42:42|43:42|52:54|55:55|56:55|65:57|58:58|59:58|68:62|63:63|64:63|73:80|81:81|82:81|91:83|84:84|85:84|94:87|88:88|89:88|98;96,95,94,93,83,73,74,84;58,48,38,28,27,17,7,6,5;26,16,15,14,4,3,13;2,1,0,10,20,30,40,50,60,70,80,90,91,92,82,72;42,32,31,41,51;63,53,52,62,61,71,81;55,45,46,56,66,76,77,78,88;18,8,9,19,29,39,49,59,69,79,89,99,98,97,87,86,85,75,65,64,54,44,43,33,23,22,12,11,21;68,67,57,47,37,36,35,25,24,34
10,0,62,9,,,10|11:11|12:11|21:23|24:24|25:24|34:27|28:28|29:28|38:35|36:36|37:36|46:42|43:43|44:43|53:50|51:51|52:51|61:54|55:55|56:55|65:57|58:58|59:58|68:71|72:72|73:72|82:75|76:76|77:76|86:83|84:84|85:84|94:87|88:88|89:88|98;21,20,10,0,1,11;24,14,15,16,26,36;28,18,17,27,37,38,39,49,59,69,68;58,48,47,57,67,77,87,86,85,75,65,64,54,44,34,35,25;55,45,46,56,66,76;2,12,22,32,31,30,40,50,60,70,80,90,91,92;43,33,23,13,3,4,5,6,7,8,9,19,29;51,41,42,52,53,63,73,74,84;88,78,79,89,99,98,97,96,95,94,93,83,82,81,71,61,62,72
10,0,63,8,,,10|11:11|12:11|21:16|17:17|18:17|27:33|34:34|35:34|44:37|38:38|39:38|48:45|46:46|47:46|56:50|51:51|52:51|61:63|64:64|65:64|74:67|68:68|69:68|78:75|76:76|77:76|86:80|81:81|82:81|91;38,28,18,8,7,17;46,36,35,25,24,34;68,58,59,69,79,89,99,98,97,96,95,94,93,92,91,90,80,70,60,50,40,30;11,1,0,10,20,21,31,41,51;81,71,72,82,83,84,85,86,87;64,54,53,52,42,32,22,12,2,3,4,5,6,16,26,27,37,47,48,49,39,29,19,9;88,78,77,67,57,56,55,45,44,43,33,23,13,14,15;61,62,63,73,74,75,65,66,76
10,0,64,8,,,10|11:11|12:11|21:15|16:16|17:16|26:27|28:28|29:28|38:33|34:34|35:34|44:45|46:46|47:46|56:50|51:51|52:51|61:57|58:58|59:58|68:73|74:74|75:74|84:76|77:77|78:77|87:81|82:82|83:82|92;16,6,5,4,3,2;9,8,7,17,27,26,25,15,14,13,12,22,21,20,10,0,1,11;58,48,49,59,69,79,89,99,98,97,96,95,94,93,92,91,81;51,41,42,43,44,45,35,36,46;28,18,19,29,39,38,37,47,57,56,66,76;82,72,71,70,80,90;75,65,55,54,53,52,62,61,60,50,40,30,31,32,33,23,24,34;77,67,68,78,88,87,86,85,84,83,73,63,64,74
10,0,65,7,,,12|13:13|14:13|23:15|16:16|17:16|26:20|21:21|22:21|31:27|28:28|29:28|38:34|35:35|36:35|45:57|58:58|59:58|68:63|64:64|65:64|74:71|72:72|73:72|82:75|76:76|77:76|86:87|88:88|89:88|98;35,25,15,5,6,16;76,66,56,57,47,37,38,39,29,19,9,8,7;64,54,44,34,33,32,31,30,20,10,0,1,2,3,13;28,18,17,27,26,36,46,45,55,65,75,74,73,63,53,43,42,41,40;4,14,24,23,22,12,11,21;88,78,79,89,99,98,97,96,95,94,93,92,91,90,80,70,60,50,51,52;58,48,49,59,69,68,67,77,87,86,85,84,83,82,81,71,61,62,72
10,0,66,8,,,16|17:17|18:17|27:24|25:25|26:25|35:31|32:32|33:32|42:45|46:46|47:46|56:57|58:58|59:58|68:61|62:62|63:62|72:64|65:65|66:65|75:80|81:81|82:81|91:83|84:84|85:84|94:87|88:88|89:88|98;81,71,61,51,52,62;25,15,16,26,27,28,18,8,7,17;46,36,35,45,55,65;9,19,29,39,38,37,47,57,56,66,76,75;58,48,49,59,69,68,67,77,87,86,85;32,22,23,33,43,53,63,73,83,93,94,95,96,97,98,99,89,79,78,88;6,5,4,3,2,1,0,10,20,30,40,50,60,70,80,90,91,92,82,72;84,74,64,54,44,34,24,14,13,12,11,21,31,41,42
10,0,67,8,,,13|14:14|15:14|24:17|18:18|19:18|28:21|22:22|23:22|32:25|26:26|27:26|36:42|43:43|44:43|53:55|56:56|57:56|66:60|61:61|62:61|71:63|64:64|65:64|74:76|77:77|78:77|87:81|82:82|83:82|92:84|85:85|86:85|95;90,80,70,60,50,40,30,20,10,0,1,2,3,13,23,24,34,44,45,55,65,66,76,86,87,88,78,68,58,48,38,28;22,12,11,21,31,41,51,61;43,33,32,42,52,62,72,82;26,16,15,25,35,36,37;77,67,57,47,46,56;18,8,9,19,29,39,49,59,69,79,89,99,98,97,96,95,94,84,74,75,85;71,81,91,92,93,83,73,63,53,54,64;27,17,7,6,5,4,14
10,0,68,7,,,10|11:11|12:11|21:23|24:24|25:24|34:27|28:28|29:28|38:35|36:36|37:36|46:57|58:58|59:58|68:63|64:64|65:64|74:76|77:77|78:77|87:80|81:81|82:81|91:84|85:85|86:85|95;81,71,61,51,41,31,21,22,12,2,3,4,5,6,7,8,9,19,29,39,38,48,58;49,59,69,79,89,99,98,97,96,95,94,84,83,82,72,62,52,42,32,33,23,13,14,24;68,78,88,87,86,76,66,65;64,54,55,56,57,67,77;93,92,91,90,80,70,60,50,40,30,20,10,0,1,11;36,26,27,37,47,46,45,44,43,53,63,73,74,75,85;28,18,17,16,15,25,35,34
10,0,69,9,,,10|11:11|12:11|21:15|16:16|17:16|26:23|24:24|25:24|34:27|28:28|29:28|38:31|32:32|33:32|42:45|46:46|47:46|56:50|51:51|52:51|61:53|54:54|55:54|64:57|58:58|59:58|68:75|76:76|77:76|86:80|81:81|82:81|91:83|84:84|85:84|94:87|88:88|89:88|98;46,36,26,25,15,5,4,3,2,12;16,6,7,8,9,19,29,39,38,48,58;11,1,0,10,20;73,83,93,94,95,96,97,98,99,89,79,78,88;32,22,21,31,30,40,50,60,70,80,90,91,92,82,72;81,71,61,62,52,42,41,51;49,59,69,68,67,77,87,86,85,75,65,55,45,35,34,33,23,13,14,24;54,44,43,53,63,64,74,84;28,18,17,27,37,47,57,56,66,76
10,0,70,8,,,17|18:18|19:18|28:21|22:22|23:22|32:24|25:25|26:25|35:36|37:37|38:37|47:40|41:41|42:41|51:57|58:58|59:58|68:71|72:72|73:72|82:75|76:76|77:76|86:83|84:84|85:84|94:87|88:88|89:88|98;25,15,5,6,7,17;72,62,63,64,65,75,85,86,87,77,78,88;21,11,1,2,3,4,14,24,34,35,36,26,16;37,27,28,38,48,58;18,8,9,19,29,39,49,59,69,79,89,99,98,97,96,95,94,93,92,91,90,80,70,60;76,66,56,55,54,53,52,42,32,31,41;84,74,73,83,82,81,71,61,51,50,40,30,20,10,0;22,12,13,23,33,43,44,45,46,47,57,67,68
10,0,71,9,,,12|13:13|14:13|23:15|16:16|17:16|26:20|21:21|22:21|31:27|28:28|29:28|38:34|35:35|36:35|45:41|42:42|43:42|52:46|47:47|48:47|57:53|54:54|55:54|64:65|66:66|67:66|76:72|73:73|74:73|83:77|78:78|79:78|88:80|81:81|82:81|91:84|85:85|86:85|95;35,25,15,5,6,16;88,87,97,96,95,94,93,92,91,90,80,70,60,50,40,30,20,10,0,1,2;7,8,9,19,29,39,49,59,69,79,89,99,98;21,11,12,22,23,33,43,53,52,62,72,82,83,84,74,75,85;78,68,58,48,38,37,47;73,63,64,65,55,45,46,36,26,27,17,18,28;42,32,31,41,51,61,71,81;66,56,57,67,77,76,86;54,44,34,24,14,4,3,13
10,0,72,7,,,14|15:15|16:15|25:21|22:22|23:22|32:27|28:28|29:28|38:53|54:54|55:54|64:57|58:58|59:58|68:71|72:72|73:72|82:75|76:76|77:76|86:83|84:84|85:84|94:87|88:88|89:88|98;76,66,56,55,45,35,25,24,14,4,5,15;54,44,43,42,32;84,74,73,83,82,81,71,61,62,72;46,36,26,16,6,7,8,9,19,29,39,49,59,69,68;22,12,11,21,31,41,51,52,53,63,64,65,75,85,86,87,77,67,57,47;88,78,79,89,99,98,97,96,95,94,93,92,91,90,80,70,60,50,40,30,20,10,0,1,2,3,13,23,33,34;58,48,38,37,27,17,18,28
10,0,73,5,,,17|18:18|19:18|28:24|25:25|26:25|35:47|48:48|49:48|58:54|55:55|56:55|65:66|67:67|68:67|77:80|81:81|82:81|91;6,5,4,3,2,1,0,10,20,30,40,50,60,70,80,90,91,92,93,94,95,96,97,98,99;9,19,29,28,27,37,47,46,56,66,65,64,54,44,34,24,14,15,25;81,71,61,51,41,31,21,11,12,13,23,33,43,53,63,73,74,75,76,77,78,68,58,57,67;48,38,39,49,59,69,79,89,88,87,86,85,84,83,82,72,62,52,42,32,22;55,45,35,36,26,16,17,7,8,18
10,0,74,7,,,10|11:11|12:11|21:15|16:16|17:16|26:31|32:32|33:32|42:36|37:37|38:37|47:54|55:55|56:55|65:61|62:62|63:62|72:66|67:67|68:67|77:84|85:85|86:85|95:87|88:88|89:88|98;21,31,41,51,61,71,81,82,83,84,74,64,65,66,56,46,47,48,38,28,18,17,7,6,16;32,22,12,2,3,4,5,15,25,24,34,44,54,53,63,73,72;85,75,76,86,96,95,94,93,92,91,90,80,70,60,50,40,30,20,10,0,1,11;67,57,58,68,78,88;77,87,97,98,99,89,79,69,59,49,39,29,19,9,8;37,27,26,36,35,45,55;14,13,23,33,43,42,52,62
10,0,75,9,,,10|11:11|12:11|21:15|16:16|17:16|26:22|23:23|24:23|33:36|37:37|38:37|47:41|42:42|43:42|52:44|45:45|46:45|55:57|58:58|59:58|68:65|66:66|67:66|76:72|73:73|74:73|83:80|81:81|82:81|91:84|85:85|86:85|95:87|88:88|89:88|98;58,48,38,28,18;88,78,68,67,57,47,46,36,26,25,15,5,6,16;77,76,86,96,95,94,93,92,91,90,80,70,60,50,40,30,20,10,0,1,11;81,71,61,51,41,31,21,22,12,2,3,4;45,35,34,24,14,13,23;42,32,33,43,44;85,75,74,84,83,82,72,62,52,53,54;66,56,55,65,64,63,73;37,27,17,7,8,9,19,29,39,49,59,69,79,89,99,98,97,87
10,0,76,9,,,10|11:11|12:11|21:17|18:18|19:18|28:22|23:23|24:23|33:36|37:37|38:37|47:40|41:41|42:41|51:53|54:54|55:54|64:57|58:58|59:58|68:61|62:62|63:62|72:75|76:76|77:76|86:80|81:81|82:81|91:83|84:84|85:84|94:87|88:88|89:88|98;76,66,56,55,45,35,25,15;88,78,77,87,86,85,75,65,64,63,53,43,44,54;62,52,42,32,33,34,24,14,13,23;58,48,38,28,27,37;41,31,21,22,12,2,3,4,5,6;11,1,0,10,20,30,40,50,51,61,71,81;7,17,16,26,36,46,47,57,67,68;84,74,73,83,93,94,95,96,97,98,99,89,79,69,59,49,39,29,19,9,8,18;60,70,80,90,91,92,82,72
10,0,77,5,,,24|25:25|26:25|35:27|28:28|29:28|38:31|32:32|33:32|42:53|54:54|55:54|64:65|66:66|67:66|76:81|82:82|83:82|92;28,18,17,27,37,38,48,58,68,78,88,87,86,85,84,94,93,92,91,90,80,70,60;82,72,62,52,42,41,31,21,11,12,13,14,24,34,35,36,26,16,6,7,8,9,19,29,39,49,59,69,79,89,99,98,97,96,95;54,44,45,46,47,57,67,77,76,75,74,73,83;66,56,55,65,64,63,53,43,33,23,22,32;81,71,61,51,50,40,30,20,10,0,1,2,3,4,5,15,25
10,0,78,9,,,10|11:11|12:11|21:14|15:15|16:15|25:17|18:18|19:18|28:22|23:23|24:23|33:41|42:42|43:42|52:45|46:46|47:46|56:53|54:54|55:54|64:57|58:58|59:58|68:60|61:61|62:61|71:75|76:76|77:76|86:83|84:84|85:84|94:87|88:88|89:88|98;93,94,95,96,97,98,99,89,79,78,88;11,1,0,10,20,30,40,50,60,70;2,3,4,14,24,34,33,32,42;58,48,38,28,27,17,7;46,36,37,47,57,56,66,76;23,13,12,22,21,31,41,51,61;18,8,9,19,29,39,49,59,69,68,67,77,87,86,85,75,74,84;54,44,43,53,52,62,72,71,81;80,90,91,92,82,83,73,63,64,65,55,45,35,25,26,16,6,5,15
10,0,79,8,,,10|11:11|12:11|21:17|18:18|19:18|28:23|24:24|25:24|34:42|43:43|44:43|53:46|47:47|48:47|57:54|55:55|56:55|65:75|76:76|77:76|86:80|81:81|82:81|91:83|84:84|85:84|94:87|88:88|89:88|98;24,14,15,25,35,45,55;34,44,54,64,65,66,76;18,8,9,19,29,39,49,59,69,79,89,99,98,97,96,95,94,93,83,73,63,53,52,42,32,33,43;81,71,70,60,50,40,30,20,10,0,1,11;47,37,38,48,58,68,78,88;80,90,91,92,82,72,62,61,51,41,31,21,22,12,2;7,17,27,28;23,13,3,4,5,6,16,26,36,46,56,57,67,77,87,86,85,75,74,84
10,0,80,7,,,10|11:11|12:11|21:13|14:14|15:14|24:25|26:26|27:26|36:41|42:42|43:42|52:47|48:48|49:48|58:64|65:65|66:65|75:71|72:72|73:72|82:76|77:77|78:77|87:83|84:84|85:84|94;72,62,52,53,43,33,32,42;11,1,2,12,22,21,31,41,51,61,71,81,82,83,73,63,64,54,55,65;14,4,3,13,23,24,34,44,45;77,67,57,47,37,27,17,16,26;84,74,75,76,66,56,46,36,35,25,15,5,6,7,8,18,28,38,48;0,10,20,30,40,50,60,70,80,90,91,92,93,94,95,96,97,98,99,89,79,69;85,86,87,88,78,68,58,59,49,39,29,19,9
10,0,81,8,,,12|13:13|14:13|23:16|17:17|18:17|27:20|21:21|22:21|31:35|36:36|37:36|46:41|42:42|43:42|52:56|57:57|58:57|67:60|61:61|62:61|71:64|65:65|66:65|75:72|73:73|74:73|83:87|88:88|89:88|98;17,7,6,16,15,25,35,45,46,56,66,76,75,74,64,63,73;42,32,31,41,51,61;21,11,12,22,23,33,43,53,52,62,72;36,26,27,37,47,57;8,18,28,38,48,58,68,67;65,55,54,44,34,24,14,4,5;71,81,82,83,84,85,86,87,77,78,88;13,3,2,1,0,10,20,30,40,50,60,70,80,90,91,92,93,94,95,96,97,98,99,89,79,69,59,49,39,29,19,9
10,0,82,8,,,10|11:11|12:11|21:16|17:17|18:17|27:24|25:25|26:25|35:31|32:32|33:32|42:47|48:48|49:48|58:54|55:55|56:55|65:60|61:61|62:61|71:72|73:73|74:73|83:76|77:77|78:77|87:84|85:85|86:85|95;25,15,14,24,34,35,36,46,56,66,67,77;61,51,52,53,54,44,45,55;32,22,12,2,3,4,5,6,16,26,27,28,18;11,1,0,10,20,21,31,41,42,43,33,23,13;85,75,76,86,87,88,78,68,58,57,47,37,38,48;73,63,62,72,71,81;17,7,8,9,19,29,39,49,59,69,79,89,99,98,97,96,95,94,93,92,91,90,80,70,60,50,40,30;82,83,84,74,64,65
10,0,83,6,,,13|14:14|15:14|24:20|21:21|22:21|31:26|27:27|28:27|37:32|33:33|34:33|43:61|62:62|63:62|72:64|65:65|66:65|75:76|77:77|78:77|87;77,67,57,47,37,36,26,16,6,7,8,9,19,29,39,49,59,69,79,89,99,98,97,96,95,94,93,92,91,90,80,70,60,50,40,30,20,10,0,1,2,3,13,23,33;65,55,54,53,63,73,72,71,61;42,43,44,34,24;27,17,18,28,38,48,58,68,78,88,87,86,85,84,83,82,81;62,52,51,41,31,32,22,12,11,21;14,4,5,15,25,35,45,46,56,66,76,75,74,64
10,0,84,8,,,11|12:12|13:12|22:16|17:17|18:17|27:24|25:25|26:25|35:40|41:41|42:41|51:43|44:44|45:44|54:57|58:58|59:58|68:72|73:73|74:73|83:76|77:77|78:77|87:80|81:81|82:81|91:84|85:85|86:85|95;81,71,72,82,83,84,74,64,65,66,56;40,50,51,52,42,32,22,21,11,1,2,12;0,10,20,30,31,41;58,48,38,37,36,35,34,44;18,28,27,26,16,6,5,4,3,13;85,75,76,86,87,88,78,68;77,67,57,47,46,45,55,54,53,43,33,23,24,14,15,25;17,7,8,9,19,29,39,49,59,69,79,89,99,98,97,96,95,94,93,92,91,90,80,70,60,61,62,63,73
10,0,85,6,,,13|14:14|15:14|24:20|21:21|22:21|31:36|37:37|38:37|47:52|53:53|54:53|63:75|76:76|77:76|86:80|81:81|82:81|91:83|84:84|85:84|94;61,60,70,80,90,91,92;21,11,12,22,32,33,34,35,45,55,56,66,76;81,71,72,82,83,93,94,95,96,97,98,99,89,79,69,59,49,39,29,19,9,8,7,6,5,4,14;37,27,26,36,46,47,57,67,77,87,86,85,75,65,64,54,44;88,78,68,58,48,38,28,18,17,16,15,25,24,23,13,3,2,1,0,10,20,30,31,41,42,43,53;84,74,73,63,62,52,51,50,40
10,0,86,9,,,10|11:11|12:11|21:15|16:16|17:16|26:23|24:24|25:24|34:27|28:28|29:28|38:31|32:32|33:32|42:46|47:47|48:47|57:52|53:53|54:53|63:60|61:61|62:61|71:65|66:66|67:66|76:77|78:78|79:78|88:81|82:82|83:82|92:84|85:85|86:85|95;11,1,0,10,20,30,40,50,51,61;24,14,13,23,33,43,53;21,31,41,42,52,62,63,73,83,93,92,91,90,80,70,60;28,18,17,27,26,36,46,45,55,65;78,68,67,77,87,88;66,56,57,58,48,38,37,47;85,75,76,86,96,97,98,99,89,79,69,59,49,39,29,19,9,8,7,6,16;32,22,12,2,3,4,5,15,25,35,34,44,54,64,74,84,94,95;82,72,71,81
10,0,87,9,,,12|13:13|14:13|23:15|16:16|17:16|26:20|21:21|22:21|31:27|28:28|29:28|38:33|34:34|35:34|44:45|46:46|47:46|56:52|53:53|54:53|63:57|58:58|59:58|68:75|76:76|77:76|86:80|81:81|82:81|91:83|84:84|85:84|94:87|88:88|89:88|98;34,24,14,4,3,13;28,18,17,27,26,25,15,5;53,43,33,23,22,12,11,21;58,48,49,59,69,68,67,66,76;16,6,7,8,9,19,29,39,38,37,47,57,56,55,65;46,36,35,45,44,54,64,63,73,83,93,94,95,96,97,98,99,89,79,78,88;81,71,61,51,41,31,32;2,1,0,10,20,30,40,50,60,70,80,90,91,92,82,72,62,52,42;84,74,75,85,86,87,77
10,0,88,9,,,12|13:13|14:13|23:15|16:16|17:16|26:20|21:21|22:21|31:27|28:28|29:28|38:33|34:34|35:34|44:45|46:46|47:46|56:50|51:51|52:51|61:57|58:58|59:58|68:72|73:73|74:73|83:75|76:76|77:76|86:80|81:81|82:81|91:87|88:88|89:88|98;13,3,4,5,6,16;77,67,68,69,59,49,48,58;42,52,53,63,73;9,8,7,17,27,26,25,15,14;88,78,79,89,99,98,97,96,95,94,93,92,91,90,80,70,71,81;34,24,23,22,12,2,1,0;51,41,31,32,33,43,44,45,35,36,46;21,11,10,20,30,40,50,60,61,62,72,82,83,84,74,64,54,55,56,57,47,37,38,39,29,19,18,28;87,86,85,75,65,66,76
10,0,89,9,,,12|13:13|14:13|23:15|16:16|17:16|26:20|21:21|22:21|31:27|28:28|29:28|38:33|34:34|35:34|44:41|42:42|43:42|52:45|46:46|47:46|56:57|58:58|59:58|68:63|64:64|65:64|74:70|71:71|72:71|81:75|76:76|77:76|86:82|83:83|84:83|93:87|88:88|89:88|98;42,32,31,41,51,52,53,63,73,83;16,6,5,4,14,24,34;46,36,26,27,17,7,8,9;64,54,44,43,33,23,22,12,11,21;75,65,55,45,35,25,15;76,66,56,57,47,37,38,39,29,19,18,28;81,82,72,62,61,71;74,84,85,86,87,77,67,68,69,59,49,48,58;13,3,2,1,0,10,20,30,40,50,60,70,80,90,91,92,93,94,95,96,97,98,99,89,79,78,88
10,0,90,9,,,12|13:13|14:13|23:16|17:17|18:17|27:20|21:21|22:21|31:24|25:25|26:25|35:43|44:44|45:44|54:47|48:48|49:48|58:50|51:51|52:51|61:55|56:56|57:56|66:62|63:63|64:63|73:76|77:77|78:77|87:81|82:82|83:82|92:84|85:85|86:85|95;4,5,6,16,26,36;13,3,2,1,0,10,20,30,40,50,60,70,80,90,91,92,93,83,73,72,82;48,38,39,29,19,9,8,7,17;77,67,66,65,55,54,53,63;56,46,45,35,34,44;85,75,76,86,87,88,78,68,58,57,47,37,27,28,18;51,41,31,32,22,12,11,21;81,71,61,62,52,42,43,33,23,24,14,15,25;49,59,69,79,89,99,98,97,96,95,94,84,74,64
11,0,91,9,,,11|12:12|13:12|23:15|16:16|17:16|27:24|25:25|26:25|36:29|30:30|31:30|41:38|39:39|40:39|50:45|46:46|47:46|57:66|67:67|68:67|78:72|73:73|74:73|84:79|80:80|81:80|91:92|93:93|94:93|104:95|96:96|97:96|107:99|100:100|101:100|111;67,56,45,34,23,24,13,14,25;96,85,74,63,52,41,42,31,20,19,30;91,90,101,112,111,110,99,88,77,66,55,44,33,22,11,0;12,1,2,3,4,15,26,37,48,59,60,71,82,93;100,89,78,79,68,57,58,47,36,35,46;17,18,29,40,51,62,73;84,95,106,107,108,97,86,75,64,53;102,113,114,115,116,117,118,119,120,109,98,87,76,65,54,43,32,21,10,9,8,7,6,5,16;80,69,70,81,92,103,104,105,94,83,72,61,50,49,38,27,28,39
11,0,92,9,,,15|16:16|17:16|27:35|36:36|37:36|47:41|42:42|43:42|53:48|49:49|50:49|60:55|56:56|57:56|67:61|62:62|63:62|73:74|75:75|76:75|86:78|79:79|80:79|90:82|83:83|84:83|94:91|92:92|93:92|103:99|100:100|101:100|111:107|108:108|109:108|119;67,78,77,88,99,110,111,112,101,102,103,104,105,106,107,96,85,86,87,76,65,54,43,32,21,10,9,8,7,6,17,28,27,26,15,14,13,12,23,34,45,56;66,55,44,33,22,11,0,1,2,3,4,5,16;108,97,98,109,120,119,118,117,116,115,114,113;36,25,24,35,46,47,48,37;49,38,39,50,61,60,59,58,57,68,79;83,72,71,70,69,80,91,90,89,100;42,31,20,19,18,29,40,51,62;92,81,82,93,94,95,84,73,74,63,64,75;30,41,52,53
11,0,93,9,,,11|12:12|13:12|23:18|19:19|20:19|30:24|25:25|26:25|36:37|38:38|39:38|49:44|45:45|46:45|56:61|62:62|63:62|73:74|75:75|76:75|86:79|80:80|81:80|91:94|95:95|96:95|106:100|101:101|102:101|112:103|104:104|105:104|115:107|108:108|109:108|119;95,84,83,82,71,60;25,14,15,16,17,28,39,40,51,62;91,102,113,112,111,100,89,78,67,56,57,46,35;80,69,68,79,90,101;19,8,9,20,31,42,53,64,75;38,27,26,37,36,47,58,59,70,81,92,103,114,115,116,117,118,119,120,109,98,97,108;45,34,23,24,13,2,3,4,5,6,7,18,29,30,41,52,63,74,73,72,61,50,49,48;12,1,0,11,22,33,44,55,66,77,88,99,110;104,93,94,105,106,107,96,85,86,87,76,65,54,43,32,21,10
11,0,94,9,,,11|12:12|13:12|23:18|19:19|20:19|30:27|28:28|29:28|39:36|37:37|38:37|48:41|42:42|43:42|53:61|62:62|63:62|73:67|68:68|69:68|79:70|71:71|72:71|82:84|85:85|86:85|96:93|94:94|95:94|105:100|101:101|102:101|112:107|108:108|109:108|119;19,8,9,20,31,42;68,57,46,35,36,25,14,15,16,17,28;65,76,87,98,109,120,119,118,117,106,105,104,93,82,83,94;101,90,79,78,67,56,45,34,23,24,13,2,3,4,5,6,7,18,29,30,41,52,63,74,85;37,26,27,38,39,40,51,62;110,99,88,77,66,55,44,33,22,11,0,1,12;71,60,59,70,81,92,103,114,115,116;89,100,111,112,113,102,91,80,69,58,47,48,49,50,61,72,73,84,95,96,107;10,21,32,43,54,53,64,75,86,97,108
11,0,95,9,,,17|18:18|19:18|29:22|23:23|24:23|34:30|31:31|32:31|42:35|36:36|37:36|47:50|51:51|52:51|62:59|60:60|61:60|71:63|64:64|65:64|75:68|69:69|70:69|80:83|84:84|85:84|95:88|89:89|90:89|100:92|93:93|94:93|104:96|97:97|98:97|108:101|102:102|103:102|113;36,25,26,37,38,39,50,61,62,63,52,53,64;102,91,90,101,100;17,6,5,4,3,2,1,12,23;18,7,8,9,10,21,32;69,58,59,70,71,72,73,84;93,82,83,94,95,96,85,74,75,76,65,54,43,42,41,30,19,20,31;60,49,48,47,46,57,68,79,80,81,92,103,104,105,106,107,108;51,40,29,28,27,16,15,14,13,24,35,34,45,56,67,78,89;0,11,22,33,44,55,66,77,88,99,110,111,112,113,114,115,116,117,118,119,120,109,98,87,86,97
11,0,96,9,,,12|13:13|14:13|24:25|26:26|27:26|37:30|31:31|32:31|42:46|47:47|48:47|58:51|52:52|53:52|63:60|61:61|62:61|72:66|67:67|68:67|78:69|70:70|71:70|81:83|84:84|85:84|95:90|91:91|92:91|102:96|97:97|98:97|108:99|100:100|101:100|111;100,89,78,79,68,57,46,35,24,25,14,3,4,5,6,17,28,29,30,19,20,31;91,80,69,58,59,70;61,50,49,48,37,36,47;0,11,22,33,44,55,66,77,88,99,110,111,112,113,114,115,116,117,118,119,120;26,15,16,27,38,39,40,51,62,63,74,85,96,95,94,83,82,81,92,103,102,101,90;60,71,72,73,84;67,56,45,34,23,12,1,2,13;97,86,75,64,53,42,41,52;18,7,8,9,10,21,32,43,54,65,76,87,98,109,108,107,106,105,104,93
11,0,97,7,,,26|27:27|28:27|38:30|31:31|32:31|42:35|36:36|37:36|47:39|40:40|41:40|51:67|68:68|69:68|79:88|89:89|90:89|100:93|94:94|95:94|105:102|103:103|104:103|114:106|107:107|108:107|118;94,83,72,71,70,69,58,57,68;103,92,91,102,101,100;89,78,67,56,45,34,23,12,13,14,3,4,5,6,17,28,39;31,20,19,30,41,42,53,64,75,86,97,108,119,118,117,116,115,114,113,112,111,110,99,88,77,66,55,44,33,22,11,0,1,2;27,16,15,26,37,38,49,50,51,52,63,74,85,96,107;36,25,24,35,46,47,48,59,60,61,62,73,84,95,106,105,104,93,82,81,80,79,90;120,109,98,87,76,65,54,43,32,21,10,9,8,7,18,29,40
11,0,98,7,,,14|15:15|16:15|26:23|24:24|25:24|35:29|30:30|31:30|41:37|38:38|39:38|49:62|63:63|64:63|74:66|67:67|68:67|78:79|80:80|81:80|91:95|96:96|97:96|107:103|104:104|105:104|115;38,27,16,5,4,15;96,85,74,73,72,71,70,69,80;104,93,94,105,106,107,108,97,86,75,64,53,52,63;67,56,55,66,77,78,89,100,101,102,103;24,13,12,23,34,35,36,47,58,59,60,61,62,51,40,41,42,31,20;30,19,18,29,28,39,50,49,48,37,26,25,14,3,2,1,0,11,22,33,44,45,46,57,68,79,90,91,92,81,82,83,84,95;88,99,110,111,112,113,114,115,116,117,118,119,120,109,98,87,76,65,54,43,32,21,10,9,8,7,6,17
11,0,99,9,,,11|12:12|13:12|23:25|26:26|27:26|37:28|29:29|30:29|40:41|42:42|43:42|53:49|50:50|51:50|61:55|56:56|57:56|67:62|63:63|64:63|74:68|69:69|70:69|80:93|94:94|95:94|105:99|100:100|101:100|111:102|103:103|104:103|114:107|108:108|109:108|119;23,24,13,2,3,4,5,16,27,28,39,50;108,97,86,75,64,53,52,63;102,113,114,115,116,117,106,95,84,83,94;29,18,19,20,31,42;30,41,40,51,62,61,60,49,38,37,36,25,14,15,26;100,89,78,67,66,55,44,45,56;17,6,7,8,9,10,21,32,43,54,65,76,87,98,109,120,119,118,107,96,85,74,73,72,71,70,59,48,47,46,35,34,33,22,11,0,1,12;103,92,91,90,101,112,111,110,99,88,77;69,58,57,68,79,80,81,82,93,104,105
11,0,100,9,,,17|18:18|19:18|29:30|31:31|32:31|42:33|34:34|35:34|45:37|38:38|39:38|49:46|47:47|48:47|58:61|62:62|63:62|73:66|67:67|68:67|78:81|82:82|83:82|93:90|91:91|92:91|102:95|96:96|97:96|107:99|100:100|101:100|111:104|105:105|106:105|116;62,51,52,63,74,85,96;34,23,12,13,14,15,16;47,36,37,48,49,50,39,40,41,42,53,64,75,86,97,108,107,106,95,84,73;88,99,110,111,112,113,114;91,80,81,92,93,94,105;67,56,57,58,59,60,61,72,83;100,89,78,77,66,55,44,45,46,35,24,25,26,27,38;31,20,19,30,29,28,17,6,5,4,3,2,1,0,11,22,33;82,71,70,69,68,79,90,101,102,103,104,115,116,117,118,119,120,109,98,87,76,65,54,43,32,21,10,9,8,7,18
11,0,101,7,,,19|20:20|21:20|31:24|25:25|26:25|36:37|38:38|39:38|49:66|67:67|68:67|78:70|71:71|72:71|82:74|75:75|76:75|86:89|90:90|91:90|101:95|96:96|97:96|107:104|105:105|106:105|116;38,27,28,39,50,49,48,59,70,69,80,91,102,101,100,89,78;67,56,45,46,35,24;20,9,10,21,32,43,54,65,76,87,98,109,120,119,118,117,116,115,104,93,94,105;96,85,74,63,52,41,30,19,8,7,6,5,4,3,2,1,0,11,22;75,64,53,42,31;25,14,13,12,23,34,33,44,55,66,77,88,99,110,111,112,113,114,103,92,81,82,83,72,61,60,71;90,79,68,57,58,47,36,37,26,15,16,17,18,29,40,51,62,73,84,95,106,107,108,97,86
11,0,102,9,,,16|17:17|18:17|28:22|23:23|24:23|34:25|26:26|27:26|37:39|40:40|41:40|51:48|49:49|50:49|60:52|53:53|54:53|64:57|58:58|59:58|69:71|72:72|73:72|83:78|79:79|80:79|90:84|85:85|86:85|96:99|100:100|101:100|111:103|104:104|105:104|115;49,38,27,16,5,4,3,2,1,0,11,22,33,44,55,66,77,88,99,110,111,112,101,90,91,80,69,70,71,60,61,72;17,6,7,8,9,20,31,42,53;96,95,84,83,82,81,92,103;58,47,46,57,68,79;104,93,94,105,106,107,108,97,86,75,64,63,52,41,30,19,18;100,89,78,67,56,45,34,35,24,13,12,23;26,15,14,25,36,37,48,59;85,74,73,62,51,50,39,28,29,40;10,21,32,43,54,65,76,87,98,109,120,119,118,117,116,115,114,113,102
11,0,103,9,,,22|23:23|24:23|34:26|27:27|28:27|38:29|30:30|31:30|41:35|36:36|37:36|47:52|53:53|54:53|64:58|59:59|60:59|70:61|62:62|63:62|73:67|68:68|69:68|79:84|85:85|86:85|96:93|94:94|95:94|105:99|100:100|101:100|111:102|103:103|104:103|114:107|108:108|109:108|119;53,42,31,20,19,30;23,12,13,24,35,34,33,44,55,66,77,88,99,110,111,112,101,90,79,80,81,82,93,104,105,106,107;22,11,0,1,2,3,14,25,36;27,16,17,28,39,50,51,62;61,60,49,38,37,26,15,4,5,6,7,8,9,10,21,32,43,54,65,76;103,92,91,102,113,114,115,116,117,118,119,120,109,98,87,86,75,64,63,52,41,40,29,18;108,97,96,95,84,83,94;59,48,47,46,45,56,67,78,89,100;68,57,58,69,70,71,72,73,74,85
11,0,104,9,,,16|17:17|18:17|28:19|20:20|21:20|31:22|23:23|24:23|34:25|26:26|27:26|37:52|53:53|54:53|64:58|59:59|60:59|70:61|62:62|63:62|73:66|67:67|68:67|78:84|85:85|86:85|96:93|94:94|95:94|105:99|100:100|101:100|111:102|103:103|104:103|114;88,99,110,111,112,101,90,79,80,81,82,93,104,105,106,107,108,109,98,87,76,65,54,43,32,21,10,9,20;67,56,45,34,33,22,11,0,1,2,3,4,5,16,27,28,29,18;53,42,31,30,19,8,7,6,17;58,47,36,25,14,15,26;85,74,73,72,61;62,51,50,49,60,71,70,69,68,57,46,35,24,13,12,23;44,55,66,77,78,89,100;59,48,37,38,39,40,41,52,63,64,75,86,97,96,95,84,83,94;120,119,118,117,116,115,114,113,102,91,92,103
11,0,105,6,,,14|15:15|16:15|26:23|24:24|25:24|35:40|41:41|42:41|52:55|56:56|57:56|67:71|72:72|73:72|83:74|75:75|76:75|86:90|91:91|92:91|102;24,13,12,23,34,35,36,37,38,39,40,51,62,73,84,83,82,71,60,59,58,57,68,67,78,89,100,111,112,113,114,115,116,117,118,119,120,109,98,87,76,65,64,75;15,4,5,16,17,18,19,20,31,42,53,52,63,74,85,96,95,94,93,92,81,70,69;86,97,108,107,106,105,104,103,102,101,90,79,80,91;110,99,88,77,66,55,44,33,22,11,0,1,2,3,14,25,26,27,28,29,30,41;6,7,8,9,10,21,32,43,54;56,45,46,47,48,49,50,61,72
11,0,106,6,,,11|12:12|13:12|23:15|16:16|17:16|27:24|25:25|26:25|36:49|50:50|51:50|61:69|70:70|71:70|81:74|75:75|76:75|86:82|83:83|84:83|94;50,39,40,51,52,53,54,65,76,87,98,109,120,119,118,117,116,115,114,113,112,111,110,99,88,77,66,55,44,33,22,11,0,1,12;84,73,62,61,60,59,70;4,3,2,13,24,23,34,45,56,67,78,89,100,101,102,103,104,105,106,107,108,97,86,85,74,63,64,75;25,14,15,26,37,36,35,46,57,68,79,90,91,92,93,94,95,96;83,72,71,82,81,80,69,58,47,48,49,38,27,28,29,30,41,42,43,32,21,10,9,8,7;16,5,6,17,18,19,20,31
11,0,107,9,,,12|13:13|14:13|24:19|20:20|21:20|31:28|29:29|30:29|40:33|34:34|35:34|45:37|38:38|39:38|49:56|57:57|58:57|68:63|64:64|65:64|75:71|72:72|73:72|83:88|89:89|90:89|100:91|92:92|93:92|103:94|95:95|96:95|106:107|108:108|109:108|119;45,56,67,78,89;34,23,12,1,2,13;29,18,17,16,15,26,37,36,47,58,69,68,79,90,101,100,99,88,77,66,55,44,33,22,11,0;64,53,42,31,30,19,8,7,6,5,4,3,14,25,24,35,46,57;38,27,28,39,40,41,52,63,74,75,76,65,54,43,32,21,10,9,20;92,81,70,59,48,49,50,51,62,73,84,95;72,61,60,71,82,83,94,105,106,107,96,85,86,87;108,97,98,109,120,119,118,117,116,115,114,113,112,111,110;93,104,103,102,91,80
11,0,108,8,,,18|19:19|20:19|30:22|23:23|24:23|34:27|28:28|29:28|39:41|42:42|43:42|53:46|47:47|48:47|58:60|61:61|62:61|72:66|67:67|68:67|78:74|75:75|76:75|86:80|81:81|82:81|92:83|84:84|85:84|95:89|90:90|91:90|101;47,36,25,14,3,2,1,0,11,22,33,34,45,56,67;42,31,20,9,8,19;61,50,49,60,71,82,93,92,91,80,69,58;90,79,68,57,46,35,24,13,12,23;84,73,72,83,94,95,96;81,70,59,48,37,26,15,4,5,6,7,18,29,30,41,52,53,54,43,32,21,10;75,64,65,76,87,98,109,120,119,118,117,116,115,114,113,112,111,110,99,88;28,17,16,27,38,39,40,51,62,63,74,85,86,97,108,107,106,105,104,103,102,101,100,89,78,77,66,55,44
11,0,109,8,,,40|41:41|42:41|52:46|47:47|48:47|58:55|56:56|57:56|67:59|60:60|61:60|71:74|75:75|76:75|86:79|80:80|81:80|91:83|84:84|85:84|95:92|93:93|94:93|104:99|100:100|101:100|111:107|108:108|109:108|119;75,64,53,42,31,20,19,18,17,28,39,50,61,62,73,84;41,30,29,40,51,52,63,74,85,96,107,118,119,120,109,98;60,49,48,59,58,57,46,35,24,25,26,15,4,3,2,1,0,11,22,33,44,55,66,77,78,89,100;56,45,34,23,12,13,14;67,68,79,90,91,92,81,82,93;88,99,110,111,112,101,102,103,104,105,94,83,72,71,70,69,80;113,114,115,116,117,106,95;108,97,86,87,76,65,54,43,32,21,10,9,8,7,6,5,16,27,38,37,36,47
11,0,110,9,,,19|20:20|21:20|31:22|23:23|24:23|34:25|26:26|27:26|37:28|29:29|30:29|40:51|52:52|53:52|63:56|57:57|58:57|68:60|61:61|62:61|72:69|70:70|71:70|81:77|78:78|79:78|89:84|85:85|86:85|96:90|91:91|92:91|102:93|94:94|95:94|105:107|108:108|109:108|119;70,59,48,37,36,25,14,15,26;23,12,13,24,35,34,45,56,67,78;29,18,17,28,39,40,41,52;91,80,81,92,103,102,101,100,99,88,77,66,55,44,33,22,11,0,1,2,3,4,5,16,27,38,49,60,71,72,73,84,95,96,97,108;61,50,51,62,63,74,85;94,83,82,93,104,105,106,107,118,119,120,109,98,87,76,65,54,43,32,21,10,9,20;86,75,64,53,42,31,30,19,8,7,6;117,116,115,114,113,112,111,110;89,90,79,68,69,58,47,46,57
11,0,111,8,,,23|24:24|25:24|35:27|28:28|29:28|39:30|31:31|32:31|42:44|45:45|46:45|56:58|59:59|60:59|70:61|62:62|63:62|73:74|75:75|76:75|86:78|79:79|80:79|90:94|95:95|96:95|106:103|104:104|105:104|115:107|108:108|109:108|119;31,20,19,30,41,42,53,64,75;24,13,12,23,22,33,44,55,66,77,88,99,110,111,112,113,114,115,116,117,118,119,120,109,98,97,108;86,87,76,65,54,43,32,21,10,9,8,7,6,5,16,27,38,49,60,71,70,69,58,47,36,25,14;62,51,52,63,74,85,96,107,106,105,94,83,82,81,80,91,90,89,78,67,68,79;104,93,92,103,102,101,100;59,48,37,26,15,4,3,2,1,0,11;95,84,73,72,61,50,39,40,29,18,17,28;45,34,35,46,57,56
11,0,112,6,,,19|20:20|21:20|31:28|29:29|30:29|40:34|35:35|36:35|46:69|70:70|71:70|81:89|90:90|91:90|101:95|96:96|97:96|107:102|103:103|104:103|114;96,85,74,63,52,41;29,18,17,28,27,26,15,14,13,12,23,34,45,56,67,78,89,100,101,102,91,80,69,58;35,24,25,36,37,38,39,40,51,62,73,84,95,106,107,108,97,86,75,64,53,42,31,30,19,8,7,6;93,104,115,114,113,112,111,110,99,88,77,66,55,44,33,22,11,0,1,2,3,4,5,16;70,59,60,71,82,81,92,103;90,79,68,57,46,47,48,49,50,61,72,83,94,105,116,117,118,119,120,109,98,87,76,65,54,43,32,21,10,9,20
11,0,113,9,,,16|17:17|18:17|28:23|24:24|25:24|35:29|30:30|31:30|41:37|38:38|39:38|49:44|45:45|46:45|56:57|58:58|59:58|69:62|63:63|64:63|74:70|71:71|72:71|82:83|84:84|85:84|95:96|97:97|98:97|108:100|101:101|102:101|112:103|104:104|105:104|115;11,0,1,2,3,4,5,6,17;38,27,16,15,14,25,36,35,34,45;63,52,53,64,75,74,73,84;101,90,79,68,69,70,59,48,37,26;104,93,94,105,106,107,108,109,98,87,76,65,54,43,32,21,10,9,8,7,18,29,28,39,50,49,60,71;120,119,118,117,116,115,114,103,92;97,86,85,96,95;58,47,46,57,56,67,78,89,100,111,112,113,102,91,80,81,82,83,72,61,62,51,40,41,42,31,20,19,30;24,13,12,23,22,33,44,55,66,77,88,99,110
11,0,114,8,,,28|29:29|30:29|40:34|35:35|36:35|46:37|38:38|39:38|49:55|56:56|57:56|67:60|61:61|62:61|72:73|74:74|75:74|85:78|79:79|80:79|90:92|93:93|94:93|104:99|100:100|101:100|111:107|108:108|109:108|119;35,24,25,36,47,46,45,56;93,82,83,72,73,62,51,40,39,28,17,16,15,14,13,12,23,34;38,27,26,37,48,59,58,57,68,79;100,89,78,67,66,55,44,33,22,11,0,1,2,3,4,5,6,7,18,29;77,88,99,110,111,112,101,90,91,80,69,70,71,60,49,50,61;74,63,52,41,30,19,8,9,10,21,32,43,54,65,76,87,98,109,120,119,118;108,97,96,107,106,117,116,115,114,113,102;20,31,42,53,64,75,86,85,84,95,94,105,104,103,92,81
11,0,115,7,,,19|20:20|21:20|31:51|52:52|53:52|63:58|59:59|60:59|70:67|68:68|69:68|79:72|73:73|74:73|84:81|82:82|83:82|93:99|100:100|101:100|111:104|105:105|106:105|116:107|108:108|109:108|119;68,57,46,35,24,25,26,27,28,29,40,51;52,41,30,19,18,17,16,15,14,13,12,23,34,45,56,67,78,79,80,91,92,93,94,105;59,48,49,60,71,82;43,54,65,76,87,98,109,120,119,118,107,96,85,74,63,62,73;108,97,86,75,64,53,42,31,32,21,10;100,89,90,101,102,103,104;20,9,8,7,6,5,4,3,2,1,0,11,22,33,44,55,66,77,88,99,110,111,112,113,114,115,116,117,106,95,84,83,72,61,50,39,38,37,36,47,58,69,70,81
11,0,116,9,,,13|14:14|15:14|25:22|23:23|24:23|34:27|28:28|29:28|39:41|42:42|43:42|53:46|47:47|48:47|58:55|56:56|57:56|67:61|62:62|63:62|73:74|75:75|76:75|86:79|80:80|81:80|91:88|89:89|90:89|100:95|96:96|97:96|107:104|105:105|106:105|116;30,41,52,63,74,73,84,95,94,105;75,64,53,54,43,32,21,10,9,8,7,6,5,4,15,26,25,24,13,12,23;80,69,70,71,60,49,48,37,36,47;56,45,44,55,66,67,68,79,90,91,92,81,82,83,72,61,50,39,38,27,16,17,28;110,111,112,113,114,115,116,117,118,119,120,109,98,87,76,65;62,51,40,29,18,19,20,31,42;89,78,77,88,99,100,101,102,103,104,93;96,85,86,97,108,107,106;14,3,2,1,0,11,22,33,34,35,46,57,58,59
11,0,117,9,,,24|25:25|26:25|36:30|31:31|32:31|42:39|40:40|41:40|51:45|46:46|47:46|57:48|49:49|50:49|60:69|70:70|71:70|81:73|74:74|75:74|85:78|79:79|80:79|90:94|95:95|96:95|106:99|100:100|101:100|111:102|103:103|104:103|114:107|108:108|109:108|119;31,20,19,18,17,28,39,50,61,60,71,82,81,80,69,58,57,56,45,34,23,12;102,113,114,115,116,117,118,119,120,109,98,87,76,65,54,53,52,51,62,73,72,83,94,93,92,103;49,38,27,16,5,6,7,8,9,10,21,32,43,42,41,30,29,40;91,90,101,112,111,110,99,88,77,66,55,44,33,22,11,0,1,2,3,4,15,26,37;100,89,78,67,68,79;108,97,96,107,106,105,104;25,14,13,24,35,46;74,63,64,75,86,85,84,95;70,59,48,47,36
11,0,118,7,,,11|12:12|13:12|23:24|25:25|26:25|36:37|38:38|39:38|49:50|51:51|52:51|62:66|67:67|68:67|78:70|71:71|72:71|82:74|75:75|76:75|86:95|96:96|97:96|107:103|104:104|105:104|115;104,93,94,95,84,73,74,63,52,41,30,29,28,27,38;75,64,53,42,31,20,19,18,17,16,15,26,37,36,35,46,57,68,79,78,77,66,55,44,33,22,11,0,1,12;58,47,48,49,50,39,40,51;25,14,13,24,23,34,45,56,67;96,85,86,97,108,107,106,105,116,115,114,113,112,111,110,99,88,89,90,91,80,69,70,59,60,71;2,3,4,5,6,7,8,9,10,21,32,43,54,65,76,87,98,109,120,119,118,117;62,61,72,83,82,81,92,103,102,101,100
11,0,119,8,,,17|18:18|19:18|29:22|23:23|24:23|34:35|36:36|37:36|47:40|41:41|42:41|52:48|49:49|50:49|60:67|68:68|69:68|79:73|74:74|75:74|85:80|81:81|82:81|92:93|94:94|95:94|105:99|100:100|101:100|111:106|107:107|108:107|118;68,57,46,47,48,37,26,27;36,25,14,15,16,17,28,29,40,51,62,73,72,71,70,81;41,30,19,8,9,10,21,32,43,54,65,76,87,98,109,120;20,31,42,53,52;94,83,82,93,92,91;18,7,6,5,4,3,2,1,0,11,22,33,44,55,66,77,88,99,110,111,112,113,114,115,116,117,118,119,108,97,96,107;100,89,78,67,56,45,34,35,24,13,12,23;74,63,64,75,86,85,84,95,106,105,104,103,102,101,90,79,80,69,58,59,60,61,50,39,38,49
11,0,120,9,,,14|15:15|16:15|26:23|24:24|25:24|35:30|31:31|32:31|42:39|40:40|41:40|51:44|45:45|46:45|56:48|49:49|50:49|60:57|58:58|59:58|69:71|72:72|73:72|83:74|75:75|76:75|86:80|81:81|82:81|92:89|90:90|91:90|101:95|96:96|97:96|107;15,4,5,6,7,8,9,20,31;45,34,23,12,13,24;96,85,74,63,52,51,50,39,28,29,40;72,61,62,73,84,95,94,93,92,91,80,69,70,81;98,109,120,119,118,117,116,115,114,113,112,111,110,99,88,77,66,55,44,33,22,11,0,1,2,3,14,25,36,47,58;90,79,68,57,46,35;83,82,71,60,59,48,37,38,49;26,27,16,17,18,19,30,41,42,53,64,75;10,21,32,43,54,65,76,87,86,97,108,107,106,105,104,103,102,101,100,89,78,67,56
12,0,121,10,,,15|16:16|17:16|28:21|22:22|23:22|34:24|25:25|26:25|37:42|43:43|44:43|55:50|51:51|52:51|63:57|58:58|59:58|70:67|68:68|69:68|80:75|76:76|77:76|88:84|85:85|86:85|97:89|90:90|91:90|102:92|93:93|94:93|105:110|111:111|112:111|123:124|125:125|126:125|137;6,7,8,9,21,33,34,46,58;90,78,77,89,88,87,75,63,64,76;43,31,30,29,28,27,15,3,2,1,0,12,24,36,48,60,72,84,96,97;85,73,61,49,37,38,26,14,13,25;111,99,100,101,102,114,126,127;50,62,74,86,98,110,109,108,120,132,133,134,135,136,137,138,139,140,128,116,115,103,91,79,67,66,65,53,52;51,39,40,41,42,54,55,56,68;121,122,123,124,112,113,125;16,4,5,17,18,19,20,32,44,45,57,69,70,82,94,106,118,130;22,10,11,23,35,47,59,71,83,95,107,119,131,143,142,141,129,117,105,104,92,80,81,93
12,0,122,10,,,17|18:18|19:18|30:24|25:25|26:25|37:32|33:33|34:33|45:38|39:39|40:39|51:42|43:43|44:43|55:60|61:61|62:61|73:63|64:64|65:64|76:68|69:69|70:69|81:77|78:78|79:78|90:93|94:94|95:94|106:97|98:98|99:98|110:102|103:103|104:103|115:116|117:117|118:117|129:120|121:121|122:121|133:123|124:124|125:124|136;43,31,19,7,6,18;25,13,14,15,16,28,40,41,53,65,77,76,75,63;121,109,97,85,73,74,62,50,51,52,64;94,82,70,58,46,34,22,21,33;61,49,37,38,26,27,39;103,91,79,67,66,78;69,57,45,44,32,20,8,9,10,11,23,35,47,59,71,83,95,107,119,131,143,142,141,140,139,138,137,136,135,123,111,99,100,101;117,105,106,118,130,129,128,127,126,125,113,112,124;93,92,104,116,115,114,102,90,89,88,87,86,98;110,122,134,133,132,120,108,96,84,72,60,48,36,24,12,0,1,2,3,4,5,17,29,30,42,54,55,56,68,80,81
12,0,123,9,,,14|15:15|16:15|27:24|25:25|26:25|37:32|33:33|34:33|45:42|43:43|44:43|55:60|61:61|62:61|73:63|64:64|65:64|76:81|82:82|83:82|94:85|86:86|87:86|98:89|90:90|91:90|102:110|111:111|112:111|123:120|121:121|122:121|133:127|128:128|129:128|140;128,116,115,114,113,112,100,88,87,75,63,62,50,38,37,36,24,12,0,1,2,3,15;43,31,30,42,54,55,67,79,91,103,102,101,89,77,76;64,52,40,28,16,4,5,6,7,8,9,10,11,23,35,47,59,71,83,95,107,119,131,143,142,141,140,139,127,126,125,124,123,122,110,98,99,111;82,70,69,81,93,94,106,118,130,129;51,39,27,26,14,13,25;86,74,73,85,97,109,121;45,44,32,20,19,18,17,29,41,53,65,66,78,90;138,137,136,135,134,133,132,120,108,96,84,72,60,48,49,61;33,21,22,34,46,58,57,56,68,80,92,104,105,117
12,0,124,7,,,16|17:17|18:17|29:19|20:20|21:20|32:33|34:34|35:34|46:37|38:38|39:38|50:66|67:67|68:67|79:69|70:70|71:70|82:75|76:76|77:76|88:98|99:99|100:99|111:101|102:102|103:102|114;67,55,43,31,19;102,90,89,77,65,53,52,51,50,62,61,73,85,97,109,121,122,123,135,136,137,138,139,140,141,142,143,131,119,107,95,83,71,59,58,70;17,5,4,3,2,1,0,12,24,36;76,64,63,75,74,86,98,110,111,112,124,125,126,127,128,129,130,118,106,94,82,81,69,57,45,46,47,35,23,11,10,9;99,87,88,100,101,113,114,115,116,117,105,93,92,80,68,56,44,32,33,21,22,34;20,8,7,6,18,30,29,28,16,15,14,13,25,37,49,48,60,72,84,96,108,120,132,133,134;104,103,91,79,78,66,54,42,41,40,39,27,26,38
12,0,125,8,,,25|26:26|27:26|38:32|33:33|34:33|45:48|49:49|50:49|61:53|54:54|55:54|66:67|68:68|69:68|80:75|76:76|77:76|88:89|90:90|91:90|102:93|94:94|95:94|106:98|99:99|100:99|111:129|130:130|131:130|142;33,21,22,34,46,58,70,82,94;54,42,41,40,39,38,37,49;25,13,1,2,3,4,16,17,18,19,20,32,44,56,68;99,87,88,100,101,102,103,91,79,80;90,78,66,67,55,43,31,30,29,28,27,15,14,26;0,12,24,36,48,60,72,84,96,108,120,132,133,134,135,136,137,138,139,140,141,142,143,131,119,118,130;76,64,63,75,74,86,98,110,111,112,113,114,115,116,104,92,93,81,69,57,45;5,6,7,8,9,10,11,23,35,47,59,71,83,95,107,106,105,117,129,128,127,126,125,124,123,122,121,109,97,85,73,61,62,50,51,52,53,65,77,89
12,0,126,8,,,38|39:39|40:39|51:44|45:45|46:45|57:53|54:54|55:54|66:60|61:61|62:61|73:69|70:70|71:70|82:85|86:86|87:86|98:103|104:104|105:104|116:110|111:111|112:111|123:120|121:121|122:121|133:124|125:125|126:125|137;73,85,97,98,99,111;54,42,30,18,6,7,8,9,10,11,23,35,47,59,71,83,95;70,58,46,34,22,21,20,19,31,43,55,67,66,65,53,41,29,17,5,4,3,2,1,0,12,24,36,48,60,72,84,96,108,120,132,133,134,135,136,137,138,139,140,141,142,143,131,119,107;104,92,91,90,89,88,87,75,63,51;125,113,114,126,127,128,129,130,118,106,94,82,81,69,57;93,105,117,116,115,103,102,101,100,112,124,123,122,110,109,121;39,27,26,38,50,62,74,86;45,33,32,44,56,68,80,79,78,77,76,64,52,40,28,16,15,14,13,25,37,49,61
12,0,127,9,,,19|20:20|21:20|32:28|29:29|30:29|41:37|38:38|39:38|50:42|43:43|44:43|55:45|46:46|47:46|58:60|61:61|62:61|73:65|66:66|67:66|78:75|76:76|77:76|88:102|103:103|104:103|115:109|110:110|111:110|122:112|113:113|114:113|125:129|130:130|131:130|142;20,8,9,21,22,34,46;103,91,90,89,88,100,112,124,125,126,127,128,129,117,105,93,81,69,68,56,44,32;113,101,102,114,115,116,104,92,80,79,67,55,54,66;50,62,74,86,98,110;29,17,18,30,42,41,53,65,77,78;130,118,106,94,82,70,58,57,45,33;76,64,52,40,28,16,15,14,13,25,37,49,61;73,85,97,109,121,122,123,111,99,87,75,63,51,39,27,26,38;43,31,19,7,6,5,4,3,2,1,0,12,24,36,48,60,72,84,96,108,120,132,133,134,135,136,137,138,139,140,141,142,143,131,119,107,95,83,71,59,47,35,23,11,10
12,0,128,9,,,16|17:17|18:17|29:21|22:22|23:22|34:24|25:25|26:25|37:30|31:31|32:31|43:50|51:51|52:51|63:57|58:58|59:58|70:60|61:61|62:61|73:64|65:65|66:65|77:92|93:93|94:93|105:102|103:103|104:103|115:123|124:124|125:124|136:129|130:130|131:130|142;22,10,11,23,35,47,59,71,83,95,107,119,131,143,142,141,140,139,138,137,136,135,134,133,132,120,108,96,84,72,60,48;25,13,14,26,38,50,62,63,64,52,40,28,29,30,18,6,7,8,9,21,33,34,46,58;61,49,37,36,24,12,0,1,2,3;17,5,4,16,15,27,39,51;130,118,117,129,128,127,126,125,113,112,124;105,106,94,82,70,69,68,67,79,91,103;45,57,56,55,54,66,78,90,89,88,87,86,98,110;77,76,75,74,73,85,97,109,121,122,123,111,99,100,101,102,114,115,116,104,92,80,81,93;65,53,41,42,43,44,32,20,19,31
12,0,129,10,,,16|17:17|18:17|29:25|26:26|27:26|38:30|31:31|32:31|43:33|34:34|35:34|46:39|40:40|41:40|52:67|68:68|69:68|80:74|75:75|76:75|87:93|94:94|95:94|106:99|100:100|101:100|112:103|104:104|105:104|116:120|121:121|122:121|133:126|127:127|128:127|139:129|130:130|131:130|142;94,82,70,58,46,45,33,21,22,34;116,117,129,141,142,143,131,119,107,95,83,71,59,47,35,23,11,10,9,8,7,6,18,30,42,54,66,65,64,63,75;128,140,139,138,137,136,135,134,133,132,120,108,96,84,72,60,48,36,24,12,0,1,2,3,15,27,39,51,52,53,41,29;68,56,57,69,81,93,105,106,118,130;38,50,62,74,86,87,99,111,112,113,101,89;127,115,103,91,90,78,77,76,88,100;104,92,80,79,67,55,43,44,32,20,19,31;121,109,97,85,73,61,49,37,25,13,14,26;40,28,16,4,5,17;98,110,122,123,124,125,126,114,102
12,0,130,10,,,21|22:22|23:22|34:24|25:25|26:25|37:28|29:29|30:29|41:31|32:32|33:32|44:57|58:58|59:58|70:60|61:61|62:61|73:66|67:67|68:67|79:87|88:88|89:88|100:91|92:92|93:92|104:110|111:111|112:111|123:117|118:118|119:118|130:120|121:121|122:121|133:127|128:128|129:128|140;88,76,64,52,40,28,16,15,14,13,25;92,80,68,56,44,43,31,19,20,32;138,139,140,141,142,143;118,106,94,82,70;111,99,100,101,89,77,65,53,41,42,30,18,6,7,8,9,21,33,45,57,69,81,93,105,104;22,10,11,23,35,34,46,58;121,109,97,85,73,74,62,50,38,37,36,24,12,0,1,2,3,4,5,17,29;79,91,103,115,127,126,125,137,136,135,134,133,132,120,108,96,84,72,60,48,49,61;47,59,71,83,95,107,119,131,130,129,117,116,128;26,27,39,51,63,75,87,86,98,110,122,123,124,112,113,114,102,90,78,66,54,55,67
12,0,131,10,,,14|15:15|16:15|27:19|20:20|21:20|32:29|30:30|31:30|42:33|34:34|35:34|46:37|38:38|39:38|50:51|52:52|53:52|64:60|61:61|62:61|73:67|68:68|69:68|80:74|75:75|76:75|87:96|97:97|98:97|109:102|103:103|104:103|115:110|111:111|112:111|123:116|117:117|118:117|129;30,18,17,29,41,53,65,77,89,101,113,125,126,127,128,129,130,118,106,94,93,92,91,103;14,13,25,37,49,61;38,26,27,28,16,4,5,6,7,19,31,32,33,21,22,34;97,85,73,74,62,50,51,39,40,52;75,63,64,76,88,87,86,98,110,109;82,81,80,79,67,55,43,44,45,46,47,35,23,11,10,9,8,20;58,59,71,83,95,107,119,131,143,142,141,140,139,138,137,136,135,134,133,132,120,108,96,84,72,60,48,36,24,12,0,1,2,3,15;121,122,123,124,112,100,99,111;68,56,57,69,70;117,105,104,116,115,114,102,90,78,66,54,42
12,0,132,10,,,12|13:13|14:13|25:26|27:27|28:27|39:40|41:41|42:41|53:44|45:45|46:45|57:61|62:62|63:62|74:66|67:67|68:67|79:76|77:77|78:77|89:81|82:82|83:82|94:86|87:87|88:87|99:91|92:92|93:92|104:112|113:113|114:113|125:116|117:117|118:117|129:121|122:122|123:122|134;41,29,28,40,39,51,63;25,24,12,0,1,13;82,70,71,83,95,107,119,131,143,142,141,140,139,138,137,136,124,112,111,110,122;92,80,68,56,44,32,33,45;27,15,16,17,18,30,42,54,53,52,64,76,88,89,90,102,114,115,116;117,105,104,103,91,79,78,66,65,77;113,101,100,99,98,86,74,75,87;132,120,108,96,84,72,60,48,36,37,38,26,14,2,3,4,5,6,7,8,9,10,11,23,35,47,59,58,57,69,81,93,94,106,118,130,129,128,127,126,125;46,34,22,21,20,19,31,43,55,67;123,135,134,133,121,109,97,85,73,61,49,50,62
12,0,133,10,,,17|18:18|19:18|30:21|22:22|23:22|34:24|25:25|26:25|37:27|28:28|29:28|40:31|32:32|33:32|44:56|57:57|58:57|69:60|61:61|62:61|73:63|64:64|65:64|76:79|80:80|81:80|92:89|90:90|91:90|102:104|105:105|106:105|117:109|110:110|111:110|122:114|115:115|116:115|127:123|124:124|125:124|136;61,49,37,38,26,14,13,25;22,10,11,23,35,47,59,71,83,95,107,119,131,143,142,141,140,139,138,137,136,135,134,133,132,120,108,96,84,72,60,48,36,24,12,0,1,2,3,4,5,17,29,30,42,54,66,78,90;50,62,74,73,85,97,109,121,122,123,111,99;57,45,44,56,68,80;18,6,7,8,9,21,33,34,46,58,70,69,81,93,105;124,112,100,88,76;110,98,86,87,75,63,51,52,64;115,103,102,114,126,127,128,129,130,118,106,94,82;28,16,15,27,39,40,41,53,65,77,89,101,113,125;32,20,19,31,43,55,67,79,91,92,104,116,117
12,0,134,10,,,21|22:22|23:22|34:25|26:26|27:26|38:28|29:29|30:29|41:42|43:43|44:43|55:57|58:58|59:58|70:60|61:61|62:61|73:63|64:64|65:64|76:77|78:78|79:78|90:85|86:86|87:86|98:92|93:93|94:93|105:110|111:111|112:111|123:114|115:115|116:115|127:120|121:121|122:121|133:128|129:129|130:129|141;43,31,30,42,41,40,28,16,4,5,6,7,8,9,21,33,34,46,58;78,66,67,79,91,90,89,101;93,81,69,57,45,44,32,20,19,18,17,29;76,77,65,53,54,55,56,68,80,92,104,105,117,129;27,15,3,2,1,0,12,24,36,48,60,72,84,96,108,120,132,133,134,135,136,137,138,139,140,141,142,130,118,106,94,82,70;115,103,102,114,113,112,100,88,87,75,63,62,50,49,61;22,10,11,23,35,47,59,71,83,95,107,119,131,143;64,52,51,39,38,37,25,13,14,26;111,99,98,97,85,73,74,86;121,109,110,122,123,124,125,126,127,128,116
12,0,135,10,,,13|14:14|15:14|26:17|18:18|19:18|30:32|33:33|34:33|45:36|37:37|38:37|49:40|41:41|42:41|53:50|51:51|52:51|63:66|67:67|68:67|79:73|74:74|75:74|86:76|77:77|78:77|89:93|94:94|95:94|106:102|103:103|104:103|115:109|110:110|111:110|122:112|113:113|114:113|125:116|117:117|118:117|129;77,65,66,78,79,80,68,56;51,39,40,28,16,17;100,99,111,123,122,121,109,97,85,73,61,49,50,38,26,27,15,3,4,5,6,18;37,25,13,1,2,14;0,12,24,36,48,60,72,84,96,108,120,132,133,134,135,136,137,138,139,140,141,142,143,131,119,107,95,83,71,59,47,35,23,11,10,9,8,7,19,31,43,55,67;41,29,30,42,54,53,52,64,76,88,89,90,91,103;74,62,63,75,87,86,98,110;22,34,46,58,70,82,94;113,101,102,114,115,116,104,92,93,81,69,57,45,44,32,20,21,33;117,105,106,118,130,129,128,127,126,125,124,112
12,0,136,10,,,15|16:16|17:16|28:29|30:30|31:30|42:38|39:39|40:39|51:44|45:45|46:45|57:48|49:49|50:49|61:52|53:53|54:53|65:69|70:70|71:70|82:73|74:74|75:74|86:79|80:80|81:80|92:89|90:90|91:90|102:104|105:105|106:105|117:110|111:111|112:111|123:120|121:121|122:121|133:125|126:126|127:126|138;49,37,25,13,14,15,3,4,16;70,58,57,69,81,82;39,27,26,38,50,51,63,75,76,88,100,112;45,33,32,44,56,55,54,66,65,64,52,40,28,29,17,5,6,7,8,9,10,11,23,35,47,59,71,83,95,107,119,131,143,142,141,140,139,138,137,136,135,134,133,132,120,108,109,121;53,41,42,43,31;74,62,61,73,85,86,87,99,111;80,68,67,79,91,92,104,116,117;126,114,113,125,124,123,122,110,98,97,96,84,72,60,48,36,24,12,0,1,2;46,34,22,21,20,19,18,30;90,78,77,89,101,102,103,115,127,128,129,130,118,106,94,93,105
12,0,137,10,,,12|13:13|14:13|25:26|27:27|28:27|39:32|33:33|34:33|45:40|41:41|42:41|53:49|50:50|51:50|62:63|64:64|65:64|76:67|68:68|69:68|80:77|78:78|79:78|90:93|94:94|95:94|106:96|97:97|98:97|109:103|104:104|105:104|116:111|112:112|113:112|124:125|126:126|127:126|138:128|129:129|130:129|141;50,38,39,40,28,29,41;13,1,0,12,24,36,48,60,72,84,96,108,120,132,133,134,135,136,124,125,113,114,126;27,15,16,17,18,30;68,56,55,67,66,78;33,21,22,34,46,58,70,82,94;112,100,101,102,103,115,127,139,138,137;104,92,93,105,106,118,130;64,52,51,63,62,74,86,98,110,109;75,76,77,65,53,54,42,43,31,19,7,6,5,4,3,2,14,26,25,37,49,61,73,85,97;129,117,116,128,140,141,142,143,131,119,107,95,83,71,59,47,35,23,11,10,9,8,20,32,44,45,57,69,81,80,79,91,90,89,88,87,99,111,123,122,121
12,0,138,9,,,19|20:20|21:20|32:26|27:27|28:27|39:52|53:53|54:53|65:56|57:57|58:57|69:60|61:61|62:61|73:66|67:67|68:67|79:81|82:82|83:82|94:87|88:88|89:88|100:103|104:104|105:104|116:113|114:114|115:114|126:120|121:121|122:121|133:123|124:124|125:124|136;67,55,54,66,78,79,80,92,104;20,8,9,21,22,34,46,58,70,82;18,30,42,43,44,56,68,69,81,93,94,106,118,130,129,128,127,126,125,113,112,124;105,117,116,115,103,91,90,89,77,65,64,52,40,28,16,4,3,2,1,13,25,37;0,12,24,36,48,60,72,84,96,108,120,132,133,134,122,110,98,86,87,75,76,88;114,102,101,100,99,111,123,135,136,137,138,139,140,141,142,143,131,119,107,95,83,71,59,47,35,23,11,10;53,41,29,17,5,6,7,19,31,32,33,45,57;121,109,97,85,73,74,62,63,51,39;61,49,50,38,26,14,15,27
12,0,139,8,,,24|25:25|26:25|37:33|34:34|35:34|46:43|44:44|45:44|56:51|52:52|53:52|64:68|69:69|70:69|81:91|92:92|93:92|104:108|109:109|110:109|121:113|114:114|115:114|126:123|124:124|125:124|136:127|128:128|129:128|140;34,22,21,33,45,46,58,70,82,94,106,118,130;52,40,39,51,50,62,74,86,98,110,122,121;109,97,85,73,61,49,37,38,26,27,28,29,41,53,65,64,63,75,87,99,111,123,135,136,137,138,139,140,141,129,117,116,128;68,67,79,91,90,89,101,113,125,126,127,115;142,143,131,119,107,95,83,71,59,47,35,23,11,10,9,8,20,32,44;134,133,132,120,108,96,84,72,60,48,36,24,12,0,1,2,3,4,5,6,7,19,31,43,55,56,57,69;114,102,103,104,105,93,81,80,92;124,112,100,88,76,77,78,66,54,42,30,18,17,16,15,14,13,25
12,0,140,10,,,15|16:16|17:16|28:18|19:19|20:19|31:25|26:26|27:26|38:32|33:33|34:33|45:53|54:54|55:54|66:63|64:64|65:64|76:68|69:69|70:69|81:72|73:73|74:73|85:78|79:79|80:79|91:93|94:94|95:94|106:103|104:104|105:104|116:109|110:110|111:110|122:113|114:114|115:114|126:123|124:124|125:124|136:129|130:130|131:130|142;116,115,103,91,92,104;106,107,95,83,71,59,47,35,23,11,10,9,8,20;69,57,45,44,32,31,30,18,6,7,19;64,52,40,28,27,15,3,2,1,0,12,24,36,48,49,50,62,74;33,21,22,34,46,58,70,82,94;124,112,111,123,122,121,109,97,85,86,87,75,76,77,65,53,41,29,17,5,4,16;110,98,99,100,88,89,90,78,66,67,79;26,14,13,25,37,38,39,51,63;54,42,43,55,56,68,80,81,93,105,117,129,128,127,126,125,113,101,102,114;130,118,119,131,143,142,141,140,139,138,137,136,135,134,133,132,120,108,96,84,72,60,61,73
12,0,141,10,,,12|13:13|14:13|25:15|16:16|17:16|28:30|31:31|32:31|43:44|45:45|46:45|57:52|53:53|54:53|65:62|63:63|64:63|75:72|73:73|74:73|85:80|81:81|82:81|93:87|88:88|89:88|100:103|104:104|105:104|116:110|111:111|112:111|123:113|114:114|115:114|126:120|121:121|122:121|133;88,76,75,74,62,50,49,48,36;81,69,70,82,94,106,118,130,129,128,127,126,125,113;114,102,90,78,66,54,42,30,18,19,31;16,4,3,15;104,92,80,68,56,57,58,46,34,33,45;111,99,87,86,85,84,72,60,61,73;121,109,108,120,132,133,134,135,136,137,138,139,140,141,142,143,131,119,107,95,83,71,59,47,35,23,11,10,9,8,7,6,5,17,29,28,27,26,14,2;22,21,20,32,44,43,55,67,79,91,103,115,116,117,105,93;63,51,52,64,65,77,89,101,100,112,124,123,122,110,98,97,96;13,1,0,12,24,25,37,38,39,40,41,53
12,0,142,10,,,21|22:22|23:22|34:31|32:32|33:32|44:41|42:42|43:42|54:48|49:49|50:49|61:56|57:57|58:57|69:62|63:63|64:63|75:81|82:82|83:82|94:84|85:85|86:85|97:88|89:89|90:89|101:91|92:92|93:92|104:110|111:111|112:111|123:116|117:117|118:117|129:120|121:121|122:121|133;3,2,1,0,12,24,25,26,38,50,62,61;63,51,39,27,15,14,13;111,99,87,86,74,73,85;82,70,58,46,34,33,21,9,8,7,6,5,4,16,28,40,52,64,65,77,89;92,80,79,91,103;75,76,88,100,101,102,90,78,66,54,53,41,29,17,18,19,20,32;49,37,36,48,60,72,84,96,97,98,110,122,123,124,125,126,127,128,129,130,118,106,94,93,81,69,68,56,44,45,57;112,113,114,115,116,104,105,117;121,109,108,120,132,133,134,135,136,137,138,139,140,141,142,143,131,119,107,95,83,71,59,47,35,23,11,10,22;42,30,31,43,55,67
12,0,143,10,,,12|13:13|14:13|25:21|22:22|23:22|34:26|27:27|28:27|39:30|31:31|32:31|43:40|41:41|42:41|53:56|57:57|58:57|69:72|73:73|74:73|85:77|78:78|79:78|90:102|103:103|104:103|115:110|111:111|112:111|123:117|118:118|119:118|130:124|125:125|126:125|137:127|128:128|129:128|140;27,15,16,17,18,30,42,43,44,45,57;73,61,49,37,25,26,14,2,3,4,5,6,7,8,9,21;39,38,50,62,74,86,85,97,109,121;103,91,90,89,77,76;128,116,104,92,80,79,67,66,78;31,19,20,32,33,34,46,58,70,82,94,106,118;22,10,11,23,35,47,59,71,83,95,107,119,131,143,142,141,140,139,127,115;13,1,0,12,24,36,48,60,72,84,96,108,120,132,133,134,135,136,137,138,126,114,102,101,100,88,87,75,63,51,52,40,28,29,41;125,113,112,124,123,122,110,98,99,111;130,129,117,105,93,81,69,68,56,55,54,53,65,64
12,0,144,8,,,12|13:13|14:13|25:26|27:27|28:27|39:29|30:30|31:30|42:45|46:46|47:46|58:52|53:53|54:53|65:73|74:74|75:74|86:103|104:104|105:104|116:111|112:112|113:112|124:120|121:121|122:121|133:125|126:126|127:126|138;74,62,63,75,76,77,78,90,91,92,104;27,15,14,26,25,24,12,0,1,13;30,18,19,31,43,42,54,66,65,64,52,51,50,49,61,73,85,97,109,121;124,125,113,114,126;47,35,23,11,10,9,8,7,6,5,17,29,41,53;46,34,33,45,57,58,59,71,83,95,107,119,131,143,142,141,140,139,138,137,136,135,123,111,99,100,112;22,21,20,32,44,56,55,67,79,80,81,93,105,117,116;68,69,70,82,94,106,118,130,129,128,127,115,103,102,101,89,88,87,86,98,110,122,134,133,132,120,108,96,84,72,60,48,36,37,38,39,40,28,16,4,3,2
12,0,145,10,,,20|21:21|22:21|33:27|28:28|29:28|40:41|42:42|43:42|54:45|46:46|47:46|58:50|51:51|52:51|63:55|56:56|57:56|68:60|61:61|62:61|73:93|94:94|95:94|106:98|99:99|100:99|111:102|103:103|104:103|115:108|109:109|110:109|121:112|113:113|114:113|125:129|130:130|131:130|142;11,10,22,34,46;61,49,37,25,13,14;33,32,20,19,18,17,29,41;94,82,81,93,105,117,129,128,127,126,125,124,123,122,121;23,35,47,59,58,57,45,44,56;42,30,31,43,55,67,79,91,103;130,118,106,107,95,83,71,70,69,68,80,92,104,116,115,114,102,90,78,66,54,53,52,40,39,51;99,87,86,85,84,96,108,120,132,133,134,135,136,137,138,139,140,141,142,143,131,119;113,101,89,77,65,64,63,62,50,38,26,27,15,16,28;21,9,8,7,6,5,4,3,2,1,0,12,24,36,48,60,72,73,74,75,76,88,100,112,111,110,98,97,109
12,0,146,10,,,21|22:22|23:22|34:29|30:30|31:30|42:38|39:39|40:39|51:57|58:58|59:58|70:60|61:61|62:61|73:67|68:68|69:68|80:87|88:88|89:88|100:90|91:91|92:91|103:96|97:97|98:97|109:104|105:105|106:105|117:110|111:111|112:111|123:113|114:114|115:114|126:127|128:128|129:128|140;39,27,26,38,50,51,63,75,87,86,98,110,109;121,122,123,124,112,100,99,111;114,102,90,78,66,54,42,43,31,19;88,76,64,52,40,28,16,15,14,13,25,37,49,61;68,56,55,67,79,91;131,119,107,95,83,82,81,80,92,104,103,115,127,126,125,113,101,89,77,65,53,41,29,17,5,4,3,2,1,0,12,24,36,48,60,72,73,74,62;58,46,34,33,21,9;128,116,117,129,141,140,139,138,137,136,135,134,133,132,120,108,96,84,85,97;22,10,11,23,35,47,59,71,70,69,57,45,44,32,20,8,7,6,18,30;143,142,130,118,106,94,93,105
12,0,147,9,,,18|19:19|20:19|31:24|25:25|26:25|37:32|33:33|34:33|45:50|51:51|52:51|63:55|56:56|57:56|68:65|66:66|67:66|78:69|70:70|71:70|82:72|73:73|74:73|85:90|91:91|92:91|103:110|111:111|112:111|123:120|121:121|122:121|133:125|126:126|127:126|138:128|129:129|130:129|141;56,44,45,46,34,22,21,33;98,110,122,123,124,112,100,88,76;19,7,6,5,4,3,2,1,0,12,24,36,48,49,50,62,74,86,85,97,109,121;73,61,60,72,84,96,108,120,132,133,134,135,136,137,138,139,127,115,114,126;129,117,105,93,92,80,68,67,55,43,42,41,29,28,27,26,38,37;51,39,40,52,64,63,75,87,99,111;125,113,101,89,77,65,53,54,66;91,79,78,90,102,103,104,116,128,140,141,142,143,131,119,107,95,83,71,59,47,35,23,11,10,9,8,20,32,31,30,18,17,16,15,14,13,25;70,58,57,69,81,82,94,106,118,130
12,0,148,9,,,17|18:18|19:18|30:24|25:25|26:25|37:40|41:41|42:41|53:44|45:45|46:45|57:54|55:55|56:55|67:61|62:62|63:62|74:76|77:77|78:77|89:81|82:82|83:82|94:90|91:91|92:91|103:104|105:105|106:105|117:108|109:109|110:109|121:129|130:130|131:130|142;37,38,26,14,13,25;109,97,96,108,120,121,122,123,124,125,126,127,128,129,141,142,143,131,119,107,106;18,6,5,17,29,41;82,70,69,81,80,92,104,103,102,101,100,99,87,75,74,73,61,49,50,62;45,33,32,44,43,55;91,79,67,68,56,57,58,46,34,22,21,20;77,65,53,52,40,28,16,4,3,2,1,0,12,24,36,48,60,72,84,85,86,98,110,111,112,113,114,115,116,117,118,130;15,27,39,51,63,64,76,88,89,90,78,66,54,42,30,31,19,7,8,9,10,11,23,35,47,59,71,83,95,94,93,105;132,133,134,135,136,137,138,139,140
12,0,149,10,,,19|20:20|21:20|32:24|25:25|26:25|37:28|29:29|30:29|41:33|34:34|35:34|46:38|39:39|40:39|51:67|68:68|69:68|80:76|77:77|78:77|89:90|91:91|92:91|103:93|94:94|95:94|106:97|98:98|99:98|110:112|113:113|114:113|125:122|123:123|124:123|135:126|127:127|128:127|139;123,111,110,109,97,85,73,61,49,37,38,26,14,13,25;39,27,15,3,2,1,0,12,24,36,48,60,72,84,96,108,120,132,133;54,42,30,18,17,29;91,79,80,92,104,116,117;94,82,70,58,46,45,44,43,55,67,66,78,90,89,88,76,64,52,51,50,62,74,86,98;121,122,134,135,136,137,138,139,140,141,142,143,131,119,107,95,83,71,59,47,35,23,11,10,9,8,20;114,126,125,124,112,100,99,87,75,63;77,65,53,41,40,28,16,4,5,6,7,19,31,32,33,21,22,34;68,56,57,69,81,93,105,106,118,130,129,128;127,115,103,102,101,113
12,0,150,9,,,33|34:34|35:34|46:37|38:38|39:38|50:41|42:42|43:42|54:51|52:52|53:52|64:56|57:57|58:57|69:72|73:73|74:73|85:89|90:90|91:90|102:93|94:94|95:94|106:110|111:111|112:111|123:120|121:121|122:121|133:126|127:127|128:127|139:129|130:130|131:130|142;34,22,21,33,32,44,56;89,101,113,125,137,136,135,134,133,132,120,108,96;127,115,116,104,92,93,81,82,94;42,30,18,6,7,8,9,10,11,23,35,47,59,71,83,95,107,106,105,117,129,128;121,109,97,85,84,72,60,48,36,24,12,0,1,2,3,4,5,17,29,41,53,54;52,40,28,16,15,14,13,25,37,49,61,73;57,45,46,58,70,69,68,80,79,91,103,102,114,126,138,139,140,141,142,143,131,119,118,130;111,99,87,75,63,64,65,66,67,55,43,31,19,20;38,26,27,39,51,50,62,74,86,98,110,122,123,124,112,100,88,76,77,78,90
