X_5,0,1,5,,1:3:0:20:4:24;16,11,6,2;22,23,19,14;5,10,15,21;8,7,12;17,18,13,9
X_5,0,2,4,,1:3:0:20:4:24;12,18,19;9,8,2,6,5,10;14,13,7,11,16,17;15,21,22,23
X_5,0,3,3,,1:3:0:20:4:24;23,22,21,15,10,5,6,2,8,9,14;12,18,19;17,16,11,7,13
X_5,0,4,4,,1:3:0:20:4:24;7,12,18,23;13,8,2,6,11,16,17,22;9,14,19;21,15,10,5
X_5,0,5,4,,1:3:0:20:4:24;23,22,21,15,10,5,6,2;12,7,8,9,14;17,16,11;13,18,19
X_5,0,6,5,,1:3:0:20:4:24;2,7,12;9,14,19;17,16,11;8,13,18,23;22,21,15,10,5,6
X_5,0,7,4,,1:3:0:20:4:24;15,21,22,23,19,14,13,7,6;5,10,16,17;11,12,18;9,8,2
X_5,0,8,4,,1:3:0:20:4:24;2,7,12;8,9,14;13,18,17,16,11,6;19,23,22,21,15,10,5
X_5,0,9,4,,1:3:0:20:4:24;18,14,9,8,2;13,12,17,23,19;6,5,10,15,21,22;7,11,16
X_5,0,10,4,,1:3:0:20:4:24;9,13,7;8,2,6,11,12,18;14,19,23,22,21,15;5,10,16,17
X_5,0,11,3,,1:3:0:20:4:24;13,7,11,16,17,23,19;12,18,14,9;8,2,6,5,10,15,21,22
X_5,0,12,4,,1:3:0:20:4:24;6,11,16,21,22;2,7,13,18;5,10,15;12,17,23,19,14,9,8
X_5,0,13,3,,1:3:0:20:4:24;11,7,13,18,17;12,16,10,5;6,2,8,9,14,19,23,22,21,15
X_5,0,14,5,,1:3:0:20:4:24;19,18,13;5,11,16;23,22,21,15,10;7,12,17;14,9,8,2,6
X_5,0,15,3,,1:3:0:20:4:24;13,7,11,16,17,23,19;12,18,14;9,8,2,6,5,10,15,21,22
X_5,0,16,3,,1:3:0:20:4:24;12,7,6;13,18,17,16,11;5,10,15,21,22,23,19,14,9,8,2
X_5,0,17,4,,1:3:0:20:4:24;16,12,13,9;8,7,11,10,15,21,17,18;22,23,19,14;2,6,5
X_5,0,18,4,,1:3:0:20:4:24;23,22,21,16;5,6,7,13,18;15,10,11,12,17;19,14,9,8,2
X_5,0,19,4,,1:3:0:20:4:24;5,10,16,17;12,11,6;2,7,13,18,23,22,21,15;8,9,14,19
X_5,0,20,3,,1:3:0:20:4:24;19,14,9,8,2,6,5,10,16;7,13,18,23,22;11,12,17,21,15
X_5,0,21,4,,1:3:0:20:4:24;15,21,17,18,13;12,16,10;6,2,8,9,14,19,23,22;7,11,5
X_5,0,22,4,,1:3:0:20:4:24;12,17,23;18,13,7,11,16,21,22;19,14,9,8,2,6;5,10,15
X_5,0,23,4,,1:3:0:20:4:24;13,12,17;16,11,7,8,9,14,19;18,23,22,21;15,10,5,6,2
X_5,0,24,4,,1:3:0:20:4:24;22,21,15,10,5,6;13,8,2;7,11,16,17,23,19;12,18,14,9
X_5,0,25,4,,1:3:0:20:4:24;13,12,17;18,23,22,21,16,11,7,8;9,14,19;15,10,5,6,2
X_5,0,26,3,,1:3:0:20:4:24;19,14,13,7,11,16;9,8,2,6,5,10,15,21,17;22,23,18,12
X_5,0,27,4,,1:3:0:20:4:24;22,23,19,14,9,8,2,6,5;10,16,12,18;17,21,15;11,7,13
X_5,0,28,3,,1:3:0:20:4:24;19,18,17,16,11,7;23,22,21,15,10,5,6,2,8,9;12,13,14
X_5,0,29,4,,1:3:0:20:4:24;9,14,19,23,22;5,6,7,12,16,21;2,8,13,18,17;15,10,11
X_5,0,30,5,,1:3:0:20:4:24;23,17,16,11,6;13,14,19;2,8,9;22,21,15,10,5;7,12,18
X_6,0,31,5,,5:30;28,22,16,10,9,8,14,20;32,31,24,18,12,6;0,7,13,19,25,26;1,2,3,4,11,17,23,29,35,34;33,27,21,15
X_6,0,32,6,,5:30;10,15,14,20,27,33,32;28,22,21;26,25,19,13,6,0,1,2,3,4,11,17,16;12,18,24,31;34,35,29,23;9,8,7
X_6,0,33,4,,5:30;15,21,27,28;7,13,19,25,26,32;31,24,18,12,6,0,1,2,3,4,11,17,23,29,35,34,33;22,16,10,9,8,14,20
X_6,0,34,5,,5:30;10,16,22,28;6,13,19;0,7,8,14,20,25;3,4,11,17,23,29,35,34,33,32;12,18,24,31,26,27,21,15,9,2,1
X_6,0,35,5,,5:30;21,15,8,2,1,0,6,12,19;7,13,14,20;23,17,11,4,3;24,31,32,33,34,35,29,22,16,10,9;18,25,26,27,28
X_6,0,36,4,,5:30;35,29,23,17,11,4,3,2,1,0,6,12,18,24,31,32,33;15,21,27,26,25,19,13,7;20,14,8,9;10,16,22,28,34
X_6,0,37,7,,5:30;3,9,10;4,11,17,23,29,28,27,21;7,13,14,20,26;35,34,33,32,31,25,19;0,1,2;24,18,12,6;8,15,16,22
X_6,0,38,7,,5:30;26,27,21,15,9;7,13,19;11,4,3,2,1,0;6,12,18;34,35,29,23,17,10;8,14,20,25;24,31,32,33,28,22,16
X_6,0,39,5,,5:30;7,13,19,25,26,27,28;14,15,16,23,29,35;20,21,22;17,11,4,3,2,1,0,6,12,18,24,31,32,33,34;8,9,10
X_6,0,40,6,,5:30;34,28,22,21,15;11,17,23,29,35;32,26,25,19,13,7;3,9,8,14,20,27,33;31,24,18,12,6,0,1,2;4,10,16
X_6,0,41,5,,5:30;0,1,2,3;21,27,26,25,19,13,8;20,14,15,9;7,6,12,18,24,31,32,33,28,22,16,10,4;11,17,23,29,35,34
X_6,0,42,6,,5:30;9,8,13,19,18,24;33,28,22,23,17,11,4,3,2,7;15,14,20,25,31;12,6,0,1;10,16,21,27,26,32;34,35,29
X_6,0,43,6,,5:30;7,8,9,10;29,35,34,33,32;25,19,13;28,27,26,31,24,18,12,6,0,1,2,3,4,11,17,23;16,15,14;22,21,20
X_6,0,44,4,,5:30;1,0,6,12,18,25,20,14,8,9,10,16,22,28;19,13,7,2,3,4,11,17,23,29;24,31,26,27,21,15;35,34,33,32
X_6,0,45,6,,5:30;20,19,13;4,3,2,1,0,6,12;17,23,29,35,34;9,10,11;25,26,27,21,14;7,8,15,16,22,28,33,32,31,24,18
X_6,0,46,4,,5:30;28,22,16,10,9,8,14,20,26;24,25,19,13,7,2,3,4,11,17,23,29,35,34;15,21,27,33,32,31;18,12,6,0,1
X_6,0,47,6,,5:30;20,14,8,9,3;7,13,19,25,26,27;23,29,35;33,32,31,24,18,12,6,0,1,2;10,15,21,22,28,34;4,11,17,16
X_6,0,48,5,,5:30;28,27,20,14,13,7;21,15,8;1,2,9,10,16,22,29,35,34,33,26,25,19;32,31,24,18,12,6,0;3,4,11,17,23
X_6,0,49,6,,5:30;35,34,33,32,31,25,19,14,8,7;20,21,15,9,4,11,17,23;29,22,16,10;3,2,1,0,6,13;12,18,24;26,27,28
X_6,0,50,5,,5:30;34,35,29,23,17,10,9,2,1,0,6,12;8,15,16,22,28,33,32,31,25;3,4,11;24,18,19,20,26;27,21,14,13,7
X_6,0,51,4,,5:30;6,7,8,15,21,22;19,25,26,33,34,35,29,23,17,11,4,3;16,10,9,2,1,0;32,31,24,18,12,13,14,20,27,28
X_6,0,52,5,,5:30;15,21,27;28,33,26,20,14,13;19,25,31,32;7,8,9,10,16,22;34,35,29,23,17,11,4,3,2,1,0,6,12,18,24
X_6,0,53,6,,5:30;13,8,9,10,17,23,29,28,27;20,21,22;18,24,31,32;7,2,3,4,11;16,15,14;1,0,6,12,19,25,26,33,34,35
X_6,0,54,5,,5:30;3,2,7,13,19,25,26;23,17,11,4,9,8,14,20;28,27,21,15;35,29,22,16,10;1,0,6,12,18,24,31,32,33,34
X_6,0,55,5,,5:30;28,22,16,15;10,9,8;1,0,6,12,18,24,31,32,33,34,35,29,23,17;19,25,26,27,21;11,4,3,2,7,13,14,20
X_6,0,56,6,,5:30;8,9,10;1,7,13,14,15,16,17;35,34,33,32,31,24,18,12,6,0;19,25,26,27,28,29,23;2,3,4,11;22,21,20
X_6,0,57,6,,5:30;8,14,20,26;31,32,33,28,22,16,10,9;24,25,19,13,7,0;1,2,3,4,11,17,23,29,35,34;15,21,27;18,12,6
X_6,0,58,6,,5:30;13,12,18,24,31,32,33,34,35;27,28,29,23,17,11;9,15,21,20,26;22,16,10,4;6,7,8,14,19,25;3,2,1,0
X_6,0,59,5,,5:30;15,21,27,28;23,17,10,9,8,14,20,26;11,4,3;1,0,6,12,18,24,31,32,33,34,35,29,22,16;2,7,13,19,25
X_6,0,60,4,,5:30;13,7,2,3,4,11;23,17,10,15,21,20;16,22,29,35,34,33,32,31,24,18,12,6,0,1;28,27,26,25,19,14,8,9
X_7,0,61,7,,42:44:46:48:1:43:5:47:0:35:6:41;27,26,25,31,30,36,28,21,14;19,18,24,23,29;38,32,33;37,45,39,40,34;7,15,9,10;11,17,16,22;8,2,3,4,12,13,20
X_7,0,62,4,,42:44:46:48:1:43:5:47:0:35:6:41;31,30,36,28,21,14,7,8,2,3,4,12,13;29,23,16,17,18,26,33,40,39,45;22,15,9,10,11,19,20,27,34;24,25,32,38,37
X_7,0,63,4,,42:44:46:48:1:43:5:47:0:35:6:41;23,16,17;30,29,22,15,9,10,11,19,26,33;18,24,31,38,37,36,28,21,14,7,8,2,3,4,12,13,20,27,34,40;25,32,39,45
X_7,0,64,6,,42:44:46:48:1:43:5:47:0:35:6:41;3,4,12,19,26,33,32,38,30,29;14,21,28,36,37,45,39;17,9,15,22,23;16,24,31;7,8,2,10,11,18,25;40,34,27,20,13
X_7,0,65,4,,42:44:46:48:1:43:5:47:0:35:6:41;25,31,23,16,17,11,19,20,27;10,9,15,22,29,30,38,32,33;24,18,26;34,40,39,45,37,36,28,21,14,7,8,2,3,4,12,13
X_7,0,66,7,,42:44:46:48:1:43:5:47:0:35:6:41;33,32,31,23,16,17;14,7,8,2,3,4,12,13;38,30,29;24,18,11,10,9,15;40,34,27,20;19,26,25;22,21,28,36,37,45,39
X_7,0,67,6,,42:44:46:48:1:43:5:47:0:35:6:41;39,45,37,36,28,21;19,11,17;34,40,32,38,30,29,22,15,9,10,3;26,18,24,16;14,7,8,2;23,31,25,33,27,20,13,12,4
X_7,0,68,4,,42:44:46:48:1:43:5:47:0:35:6:41;16,17,18,25,31,38;29,22,15,9,10,11,19,26,33;36,28,21,14,7,8,2,3,4,12,13,20,27,34,40,32;39,45,37,30,23,24
X_7,0,69,4,,42:44:46:48:1:43:5:47:0:35:6:41;15,9,10,11,18,24,23;17,16,22,21,28,36,37,45,39,40,34;31,25,26,19,12,4,3,2,8,7,14;13,20,27,33,32,38,30,29
X_7,0,70,5,,42:44:46:48:1:43:5:47:0:35:6:41;10,17,24;31,23,16,9,8,7;33,26,19,12;15,22,29,30,38,32,25,18,11,4,3,2;14,21,28,36,37,45,39,40,34,27,20,13
X_7,0,71,6,,42:44:46:48:1:43:5:47:0:35:6:41;16,23,30;28,29,22,15,9,17,24,31;40,33,26,19;38,37,36;45,39,32,25,18,11,10;21,14,7,8,2,3,4,12,13,20,27,34
X_7,0,72,6,,42:44:46:48:1:43:5:47:0:35:6:41;34,40,39,45,37,36,28,21,14,7,8,2;32,31,24;15,22,29;27,33,25,18,17;26,19,11,10,9,16,23,30,38;3,4,12,13,20
X_7,0,73,5,,42:44:46:48:1:43:5:47:0:35:6:41;34,27,20,13,12,4,3;16,17,18,25,32,38;8,7,14,21,28,36,37,45,39,40,33,26,19,11,10;24,31,30,29;2,9,15,22,23
X_7,0,74,6,,42:44:46:48:1:43:5:47:0:35:6:41;29,30,38,32;20,13,12,4,3,2,8;33,25,24,16,15,7;18,17,9;31,23,22;14,21,28,36,37,45,39,40,34,27,26,19,11,10
X_7,0,75,7,,42:44:46:48:1:43:5:47:0:35:6:41;13,12,11,17;19,20,27,34,40,32;33,25,31,23,29;4,3,2,8,7,14,22,16,24,18,26;39,38,30;15,9,10;45,37,36,28,21
X_7,0,76,7,,42:44:46:48:1:43:5:47:0:35:6:41;14,7,8;2,3,4,12,13,20,27,34,40,39,45,37,36;24,16,15;28,21,22;17,18,25;9,10,11,19,26,33,32,38,30;31,23,29
X_7,0,77,5,,42:44:46:48:1:43:5:47:0:35:6:41;21,14,15,9,10,4,12,13,20,27,34,40;3,2,8,7;29,22,16,17,11,19,26,33,32,39,45;18,25,31,38,37,36,28;30,23,24
X_7,0,78,6,,42:44:46:48:1:43:5:47:0:35:6:41;18,25,31,38;23,24,17;7,8,2,3,4,12,13,20,26,33,32;27,34,40,39,45,37;30,36,28,21,14,15,9,10,11,19;29,22,16
X_7,0,79,6,,42:44:46:48:1:43:5:47:0:35:6:41;36,28,21;7,8,2,3,4,12,13,20,27,34,40;23,22,14;29,30,37,45,39,32,25,18,17;9,10,11,19,26,33;38,31,24,16,15
X_7,0,80,4,,42:44:46:48:1:43:5:47:0:35:6:41;24,23,30,38;34,27,20,13,12,4,3,2,8,7,14,21,28,36,37,45,39,32,31;29,22,15,9,10,11,19,26;16,17,18,25,33,40
X_7,0,81,6,,42:44:46:48:1:43:5:47:0:35:6:41;17,18,25,32;34,33,26,19,11,10,9,15,22,29;37,45,39,40;27,20,13,12,4,3,2,8,7,14,21,28;36,30,23;16,24,31,38
X_7,0,82,5,,42:44:46:48:1:43:5:47:0:35:6:41;28,36,30,31;7,15,9,10,11,19,20,27,34,40,39,45,37;38,32,33,26,18,17,16,22,14;21,29,23,24,25;8,2,3,4,12,13
X_7,0,83,5,,42:44:46:48:1:43:5:47:0:35:6:41;32,31,24,18;28,29,22,15,9,10,11,19,26,25;17,16,23,30,38,39,40,34;33,27,20,13,12,4,3,2,8,7,14,21;36,37,45
X_7,0,84,5,,42:44:46:48:1:43:5:47:0:35:6:41;25,32,38,30,29;16,17,11,19,26,33;18,24,31;12,13,20,27,34,40,39,45,37,36,28,21,14,7,8,2,3;23,22,15,9,10,4
X_7,0,85,5,,42:44:46:48:1:43:5:47:0:35:6:41;24,18,19;26,25,32,38,30,29,22,15,9,10,11;34,27,20,13;17,16,23,31;12,4,3,2,8,7,14,21,28,36,37,45,39,40,33
X_7,0,86,5,,42:44:46:48:1:43:5:47:0:35:6:41;9,10,11,19,26,33,40,39,45;28,36,37,38,32,25,18,17;16,24,31,30,29,21,14,7,8,2,3;4,12,13,20,27,34;15,22,23
X_7,0,87,5,,42:44:46:48:1:43:5:47:0:35:6:41;8,2,3,4,12,13,20,27,34;16,24,31;7,15,9,17,18,25,32,38,30,29,21;23,22,14;10,11,19,26,33,40,39,45,37,36,28
X_7,0,88,5,,42:44:46:48:1:43:5:47:0:35:6:41;9,10,11,19,26,33,32,38,37,36,28;21,29,30,31,25,18;7,14,22,23,24;17,16,15,8;2,3,4,12,13,20,27,34,40,39,45
X_7,0,89,5,,42:44:46:48:1:43:5:47:0:35:6:41;31,25,18,17,16;27,20,13,12,4,3,2,8,7,14,21,28,36;22,15,9,10,11,19,26,33,32,38,30;24,23,29;37,45,39,40,34
X_7,0,90,5,,42:44:46:48:1:43:5:47:0:35:6:41;36,28,21,14,15,9,10;7,8,2,3,4,12,19,18,25,31;27,34,40,39,45,37;11,17,24,23;13,20,26,33,32,38,30,29,22,16
X_8,0,91,7,,7:56;24,32,40,48,57,58,59,51,42,34,26;21,29,37,38,46,54;16,25,33,41,49,50;60,52,44,43,35,27,18,17,8;19,20,28,36,45,53,61;0,9,10,11,12,13,14,22,30;1,2,3,4,5,6,15,23,31,39,47,55,63,62
X_8,0,92,6,,7:56;27,35,43,51,52,53,54,63;45,37,29,21,12,11,10;44,36,28,20,19,18,26,34,42,50;62,61,60,59,58,57,49,41,33,25,17,9,2,3,4,5,6,15,23,31,39,47,55;1,0,8,16,24,32,40,48;46,38,30,22,14,13
X_8,0,93,7,,7:56;24,25,17,9,2,3;52,53,46,38,30;63,62,61,60,59,58;54,55,47,39,31,23,14,21,20,28,36,43,42,50,57,48,40,32,33,26,18,10,11,4,5;1,0,8,16;49,41,34,35,27,19,12,13,6,15;51,44,45,37,29,22
X_8,0,94,9,,7:56;3,4,13,14,22,30,38,47,55,63,62,61,60,59,51,43;42,34,26,18,10,9;54,53,52;46,45,37,28,20;57,48,40,32,24,16;1,2,11,19,27,35,36,44;12,21,29;5,6,15,23,31,39;0,8,17,25,33,41,49,50,58
X_8,0,95,6,,7:56;48,40,32,24,16,8,0,1,2,3;29,37,45,53,61,62,63,55,47,39,31;5,4,11,10,18,26,34,42,50;20,28,36,44,52,60;54,46,38,30,22,23,15,6,13;9,17,25,33,41,49,57,58,59,51,43,35,27,19,12,21,14
X_8,0,96,7,,7:56;63,55,46;20,28,35,43,42;62,61,52,51,50,49,41,34,26,27,19,12,13,14,22,30,38,45;54,53,44,36,37,29,21;8,0,1,2,3,4,5,6,15,23,31,39,47;60,59,58,57,48,40,32,33,25,18,10,11;9,17,16,24
X_8,0,97,9,,7:56;35,27,19,11,4,5,6,15,23,31,39,47,46,45,44,51,50,49;38,37,29,21;30,22,14,13,12,20;3,2,10,18,26,34;1,9,17,25,33,32;0,8,16,24;52,53,54;55,63,62,61,60,59,58,57,48;28,36,43,42,41,40
X_8,0,98,6,,7:56;29,37,45,53,54,63;14,13,12,19,27,35,43,51,52;42,34,26,18,10,11;55,47,39,31,23,15,6,5,4,3,2,9,17,25,33,41,49,50;44,36,28,20,21,22,30,38,46;62,61,60,59,58,57,48,40,32,24,16,8,0,1
X_8,0,99,8,,7:56;13,6,15,23,31,39,47,55,63,62;44,43,35,27,18;58,57,48,40,32;5,4,3,2,1,0;14,22,30;26,34,42,51,52,53,45,36,28,20,19;24,16,8,9,10,11,12,21,29,37,38,46,54,61;60,59,50,49,41,33,25,17
X_8,0,100,7,,7:56;13,14,23,31,39,47,55,63,62;50,51,43,35,26;15,6,5,4,11,19,20,29,37,45,53,52;44,36,28,27,18,10;34,42,49;1,0,8,16,24,32,40,48,57,58,59,60,61,54,46,38,30,22,21,12;3,2,9,17,25,33,41
X_8,0,101,6,,7:56;1,2,3,4,5,6,15;44,43,35,26,18,10;11,19,27,28,36,45,53,52,51,42,34,33,25,17,9,0;54,46,38,37,29,20,12,13,14,23,31;58,57,48,40;8,16,24,32,41,49,50,59,60,61,62,63,55,47,39,30,22,21
X_8,0,102,7,,7:56;44,43,35,27,18;10,19,20,28,36,45,53,54;21,29,37,38,46;62,61,52,51,50,49,41,33,25,17,9;42,34,26;3,4,5,6,15,23,31;60,59,58,57,48,40,32,24,16,8,0,1,2,11,12,13,14,22,30,39,47,55,63
X_8,0,103,8,,7:56;27,28,36,44;16,24,32;17,8,0,1,2,3,4,5,6,15;23,31,39,47,55,63,62;49,42,34,33,25,18,19,20,21;26,35,43;30,38,46,54,61,60,59,58,57,48,40,41;9,10,11,12,13,14,22,29,37,45,53,52,51,50
X_8,0,104,8,,7:56;45,53,52;26,18,19,20,28;62,63,55,47,39,31,23,15;1,0,8,16,24,32,40,48,57,58,59,60,61,54,46,38,30,22,14,6;43,35,27;41,49,50,51,44,36,37,29,21,13,5;4,3,2,9,17,25,33,34,42;12,11,10
X_8,0,105,7,,7:56;63,55,47,39,31,23,15;6,14,22,30,38,46,54,62;42,34,26,18,10,11,12;27,35,43,51,52;44,36,28,20,19;50,49,41,33,25,17,9,2,3,4,5;13,21,29,37,45,53,61,60,59,58,57,48,40,32,24,16,8,0,1
X_8,0,106,9,,7:56;15,23,31,39,47,55,54,53,45,36,35,27,19;13,21,29;63,62,61;50,49,41,34,26,18,10,11;60,52,44,43,42;46,38,37,28,20,12,4,3,2;5,6,14,22,30;9,17,25,33,32,40,48,57,58,59,51;1,0,8,16,24
X_8,0,107,7,,7:56;9,17,25,26,34,42;33,32,40,48,57,58,59,52,44,36,28,20,19,10,2,3,4,5,6,15,23,31,39,47,55,63,62;60,61,53,45,37,29,21,14;11,12,13;1,0,8,16,24;22,30,38,46,54;41,49,50,51,43,35,27,18
X_8,0,108,7,,7:56;21,29,28,36,44;19,18,26,34,42,51,52,53;54,46,45,37,30,22,14,13,5;39,31,23,15,6;17,25,33,41,49,50,59,60,61,62,63,55,47,38;43,35,27,20,12,11,10,9;4,3,2,1,0,8,16,24,32,40,48,57,58
X_8,0,109,7,,7:56;13,14,22,30,38,46,54,61,60;44,36,28,20,19,11;43,35,27,18;1,9,17,25,26,34,42,51,52,53,45,37,29,21,12,4,5,6,15,23,31,39,47,55,63,62;0,8,16,24,32,40,48,57,58;33,41,49,50,59;10,2,3
X_8,0,110,9,,7:56;1,0,8,16,24,32,40,48,57,58,59,60,61,62,63;49,41,34,26,18,10,11;28,36,44;42,43,35,27,19;55,47,39,31,23;33,25,17,9,2,3;13,21,29,37,45,53,52,51,50;15,14,22,30,38,46,54;6,5,4,12,20
X_8,0,111,9,,7:56;21,20,28,36;30,38,46;19,27,35,43,44,45,37,29,22,14;26,18,10,9;34,42,51,52,53,54,63;17,25,33,41,49,50;58,57,48,40,32,24,16,8,0,1,2,3,4,5;55,47,39,31,23,15,6,13,12,11;59,60,61,62
X_8,0,112,6,,7:56;15,6,5,4,11,10,18,26,34;29,37,45,46;9,17,25,33,41;63,62,61,60;48,57,50,51,44,36,28,20,21,22,30,38;3,2,1,0,8,16,24,32,40,49,42,43,35,27,19,12,13,14,23,31,39,47,55,54,53,52,59,58
X_8,0,113,7,,7:56;25,33,41,49,50,59,52,53,45,37,29,22,14;60,61,62,63,55,47,39,31,23,15,6,5,4;54,46,38,30;0,1,2;3,11,10,9,8;13,12,19,27,35,43;21,20,28,36,44,51,42,34,26,18,17,16,24,32,40,48,57,58
X_8,0,114,6,,7:56;51,44,36,28,20;5,6,15,23,31,39,47,55,63,62;1,0,8,16,24,32,40,48,57,58,59,52,53,45;3,2,9,17,25,33,41,49;50,42,43,35,27,19,12,21,29,37,38,46,54,61,60;30,22,14,13,4,11,10,18,26,34
X_8,0,115,6,,7:56;21,20,28,36,44,51,50,49,41,34,26,18,10,11;52,53,45,37,29;62,63,55,47,39,31,23,15,6,5,4,3,2;0,8,16,24;1,9,17,25,33,32,40,48,57,58,59,60,61,54,46,38,30,22;14,13,12,19,27,35,43,42
X_8,0,116,8,,7:56;27,35,43,51,59,60,61,62,63;58,50,42,34,26,18,19,20,29,37,45,53,54;1,0,8,16,24,32,40,48;9,2,3,4,13,14;52,44,36,28;57,49,41,33,25,17,10,11,12,21,22;47,39,31,23,15,6,5;30,38,46,55
X_8,0,117,9,,7:56;46,38,30,29;28,37,45;22,21,20,19,10;58,57,49,41,33,25,17,9;14,13,12,11,2,1,0,8,16,24,32,40,48;42,50,59;18,26,34,43,51,52,60;3,4,5,6,15,23,31,39,47,55,54,53,44,36,35,27;61,62,63
X_8,0,118,8,,7:56;36,35,27,18,10,11,12,21;60,52,53,54;33,24,16,8,0,1,2,3,4,13,14,22,31,39,47,55,63,62,61;19,20,29,30,38,46;51,59,58,57,48,40,32;28,37,45,44,43,42,50;5,6,15,23;49,41,34,26,25,17,9
X_8,0,119,6,,7:56;60,61,54,46,38,30,22,21;50,42,34,26,18,10,11,12,13,14,23,31,39,47,55,63,62;29,37,45,53;15,6,5,4,3,2,9,17,25,33,41,49;1,0,8,16,24,32,40,48,57,58,59,51,43,35,27;19,20,28,36,44,52
X_8,0,120,9,,7:56;63,62,61,52,44,45,38,30,22,14,13,12,11,3;2,9,17,25,33,41,49,50,59,60;35,27,19,10;51,42,34,26,18;43,36,28,20;58,57,48,40,32,24,16,8,0,1;53,54,55;21,29,37;4,5,6,15,23,31,39,47,46
X_9,0,121,8,,1:3:5:7:0:72:2:74:6:78:8:80:10:73:16:79:9:63:17:71;38,39,31,41,42,52,61,70;62,53,44;29,30,22,32,33,43;47,48,40;26,25,15,14,4,12,11,19,18,27,37,46,55,56,57,49,59,68,67,75;58,66,65,64,54,45,36;35,34,24,23,13,21,20,28;50,51,60,69,77,76
X_9,0,122,6,,1:3:5:7:0:72:2:74:6:78:8:80:10:73:16:79:9:63:17:71;49,57,56,64,54;28,20,21,13,23,24,34,43,52,61,70,69,77,76,75;22,30,29,37,46,47,48,40,41,42,51,60,68,67;38,39,31,32,33;50,59,58,66,65;62,53,44,35,26,25,15,14,4,12,11,19,18,27,36,45,55
X_9,0,123,7,,1:3:5:7:0:72:2:74:6:78:8:80:10:73:16:79:9:63:17:71;61,52,42,50,49,58;40,41,33;69,68,59;67,66,65,64,54,45,36,27,18,19,11,12,4,14,15,25,26,35,44,53,62,70,60,51;32,31,39,48,57,56,55,46,37,28,20,21,13;75,76,77;43,34,24,23,22,30,29,38,47
X_9,0,124,7,,1:3:5:7:0:72:2:74:6:78:8:80:10:73:16:79:9:63:17:71;41,32,22,21;66,57,47,38;34,43,52,61,70,69,77;13,23,24,33,42,51,60;62,53,44,35,26,25,15,14,4,12,11,19,18;75,65,64,54,45,36,27,28,20,30,31,40,50,59,68;56,55,46,37,29,39,48,49,58,67,76
X_9,0,125,8,,1:3:5:7:0:72:2:74:6:78:8:80:10:73:16:79:9:63:17:71;42,51,59,68;49,50,41,33,24;54,55,46,37,29,30,22;64,65,75,76,77,69,60,61,52,43,34;66,56,47,38,39,31,32;40,48,57,58,67;70,62,53,44,35,26,25,15,14,4,12,11,19,18,27,36,45;23,13,21,20,28
X_9,0,126,7,,1:3:5:7:0:72:2:74:6:78:8:80:10:73:16:79:9:63:17:71;14,15,25,34,43,52,61,60,68,67,66,56,55;41,40,39,29,37;47,57,58,59,51;11,19,18,27,36;32,31,30,20,28;22,21,12,4;26,35,44,53,62,70,69,77,76,75,65,64,54,45,46,38,48,49,50,42,33,24,23,13
X_9,0,127,6,,1:3:5:7:0:72:2:74:6:78:8:80:10:73:16:79:9:63:17:71;40,48,38,29;13,23,24,34,43,52,61,60,68,67,66,56,55,46;58,59,51,42,33,32,22,30,39;11,19,18,27,36,45,54,64,65,75,76,77,69,70,62,53,44,35,26,25,15,14,4;12,21,20,28,37;47,57,49,50,41,31
X_9,0,128,6,,1:3:5:7:0:72:2:74:6:78:8:80:10:73:16:79:9:63:17:71;57,47,46,36,27,18,19,11,12,4,14,15,25,26,35,44,53,62,70,69;55,56,66,67;65,64,54,45;59,51,42,33,32,22,30,29;40,48,38,37,28,20,21,13,23,24,34,43,52,61,60;39,31,41,50,49,58,68,77,76,75
X_9,0,129,7,,1:3:5:7:0:72:2:74:6:78:8:80:10:73:16:79:9:63:17:71;39,48,47;76,77,69,70,61,52,43,34,25,15,14;26,35,44,53,62;55,46,37,28,20,21,22,32,41,50,59,58,66;38,29,30,31,40,49,57,56;75,67,68,60,51,42,33,24,23,13,4;12,11,19,18,27,36,45,54,64,65
X_9,0,130,9,,1:3:5:7:0:72:2:74:6:78:8:80:10:73:16:79:9:63:17:71;52,43,34;54,45,36,27,18,19,11,12,4,14,15,25,26,35,44,53,61;69,70,62;58,59,50;75,76,77,68,60,51,42,33,24,23,13,21,30;31,39,48,47,56,65;67,66,57,49,40,41,32,22;64,55,46,37,28;38,29,20
X_9,0,131,6,,1:3:5:7:0:72:2:74:6:78:8:80:10:73:16:79:9:63:17:71;45,54,64,65,66,58,59,51;50,41,31,39,48;18,27,36,46,55,56,57,49,40;29,20,21,13,23,24,34,43;75,76,77,69,70,62,53,44,35,26,25,15,14,4,12,11,19,28,37,38,47;67,68,60,61,52,42,33,32,22,30
X_9,0,132,7,,1:3:5:7:0:72:2:74:6:78:8:80:10:73:16:79:9:63:17:71;12,4,14;26,35,44,53,61,60,68,67,66,56,55,46,37,29,39,48,49,50,42,33,24;40,31,30,20,28;41,32,22,21,11,19,18,27;38,47,57,58,59,51,52,43,34,25;15,23,13;36,45,54,64,65,75,76,77,69,70,62
X_9,0,133,6,,1:3:5:7:0:72:2:74:6:78:8:80:10:73:16:79:9:63:17:71;47,38,29,30,22,32,33,42,51;26,35,44,53,62,70,69,68,67,66;56,57,48,39,31,41,50,59,60,61,52,43,34,25,15,14,4,12,11,19,18,27,36,45,54;40,49,58;75,76,77;65,64,55,46,37,28,20,21,13,23,24
X_9,0,134,7,,1:3:5:7:0:72:2:74:6:78:8:80:10:73:16:79:9:63:17:71;24,33,43,52;26,35,44,53,62;69,60,59,50,40,31,22;76,67,66,56,55,46,37,28,20,21,13,23,32,41,42,51,61,70;30,29,38,47,57;39,48,49,58,68,77;75,65,64,54,45,36,27,18,19,11,12,4,14,15,25,34
X_9,0,135,6,,1:3:5:7:0:72:2:74:6:78:8:80:10:73:16:79:9:63:17:71;69,60,59,58,57,47,38,29,30,22;43,33,32,31;39,40,41,42,52,53,62;67,66,56,55,46,37,28,20,21,13,23,24,34;68,77,76,75,65,64,54,45,36,27,18,19,11,12,4,14,15,25,26,35,44;48,49,50,51,61,70
X_9,0,136,7,,1:3:5:7:0:72:2:74:6:78:8:80:10:73:16:79:9:63:17:71;22,30,39,48,57;55,46,37,28;31,32,33;40,41,42,51,60,69,77,76;50,49,58,66;59,68,67,75,65,64,54,45,36,27,18,19,11,12,4,14,15,25,26,35,44,53,62,70;56,47,38,29,20,21,13,23,24,34,43,52,61
X_9,0,137,8,,1:3:5:7:0:72:2:74:6:78:8:80:10:73:16:79:9:63:17:71;23,13,12,11,19,18,27,36,45,54,64,65,75,76,77;43,52,51,50,40;26,34,33,42;67,66,56,55,46,37,28,20;22,31,39,48,49,59,60,61,53,44,35;4,14,15;21,30,29,38,47,57,58,68,69,70,62;25,24,32,41
X_9,0,138,8,,1:3:5:7:0:72:2:74:6:78:8:80:10:73:16:79:9:63:17:71;52,61,60,68,67,75,65,64,54,45,36,37,28,20,21,13,23;76,77,69,70,62,53,44,35;51,42,43,34,26;32,22,30,39,48;27,18,19,11,12,4,14,15;41,50,59,58,66,56,55,46,38,29;25,24,33;31,40,49,57,47
X_9,0,139,7,,1:3:5:7:0:72:2:74:6:78:8:80:10:73:16:79:9:63:17:71;59,58,57,47,38,29;34,24,23;49,48,39,30,20,28,37,46,55,56,66,67,68,60,61;21,22,32,33,43,44;41,42,52,53,62,70,69,77,76,75,65,64,54,45,36,27,18,19,11,12,4;31,40,50,51;13,14,15,25,26,35
X_9,0,140,9,,1:3:5:7:0:72:2:74:6:78:8:80:10:73:16:79:9:63:17:71;76,77,68;52,43,34,24,32,22,13;18,27,36,45,55,56;14,4,12,11,19,28,37,38,48,49,58,67,75,65,64,54;20,29,39,40;46,47,57,66;23,15,25,26,35,44,53,62,70;21,30,31,41,50,59,60,69;61,51,42,33
X_9,0,141,7,,1:3:5:7:0:72:2:74:6:78:8:80:10:73:16:79:9:63:17:71;58,49,50,41,31,39,29;34,24,23,13,21,20,28,37,46,55,56,65,75,76,77,69;47,57,66,67,68,59,51,42;40,48,38;60,61,52,43;70,62,53,44,35,26,25,15,14,4,12,11,19,18,27,36,45,54,64;30,22,32,33
X_9,0,142,5,,1:3:5:7:0:72:2:74:6:78:8:80:10:73:16:79:9:63:17:71;75,67,68,59,51,42,33,32,22,30,29;58,49,50,41,31,39,38,47,55,45,36,27,18,19,11,12,4,14,15,25,26,35,44,53,62,70;76,77,69,60,61,52,43,34,24,23,13,21,20,28,37,46;40,48,57,56;54,64,65,66
X_9,0,143,7,,1:3:5:7:0:72:2:74:6:78:8:80:10:73:16:79:9:63:17:71;52,61,60,68,67,66,56,55,45,36,27,18,19,11,12,4,14;31,30,20,28,37,46,47,57,58,59,51,42,43,34;38,48,49,50;21,13,23,24;41,40,39,29;15,25,26,35,44,53,62,70,69,77,76,75,65,64,54;22,32,33
X_9,0,144,8,,1:3:5:7:0:72:2:74:6:78:8:80:10:73:16:79:9:63:17:71;57,49,59;50,40,48,47,56,66,67;12,4,14,15,25,26,35,44,53,62;37,29,39,31,41;77,76,75,65,64,54,45;55,46,38;36,27,28,20,30,22,32,33,42,51,60;58,68,69,70,61,52,43,34,24,23,13,21,11,19,18
X_9,0,145,8,,1:3:5:7:0:72:2:74:6:78:8:80:10:73:16:79:9:63:17:71;61,52,42;70,62,53,44,43,33,32,22,30,20;18,27,36,45,54,64,65,75,67,68,59,49;40,48,38,29;58,66,56,55;39,31,41,50,51,60,69,77,76;26,25,15,14,4,12;35,34,24,23,13,21,11,19,28,37,46,47,57
X_9,0,146,6,,1:3:5:7:0:72:2:74:6:78:8:80:10:73:16:79:9:63:17:71;50,51,61;44,35,26,25,15,14,4,12,11,19,18,27,36,45,54;68,67,66,56,47,38,29,30,21,13;20,28,37,46,55,64,65,75,76,77,69,60,59,49,40,41,32;33,42,52,53,62,70;43,34,24,23,22,31,39,48,57,58
X_9,0,147,8,,1:3:5:7:0:72:2:74:6:78:8:80:10:73:16:79:9:63:17:71;37,28,20,21,13,23,24,34,43,52,51;58,57,56,55,54;31,39,48,47,46,45;36,27,18,19,11,12,4,14,15,25,26,35,44,53;61,60,68,67,66,65,64;38,29,30,22,32,33,42,50,59;62,70,69,77,76,75;49,40,41
X_9,0,148,8,,1:3:5:7:0:72:2:74:6:78:8:80:10:73:16:79:9:63:17:71;50,41,32,22,21,20,28;64,55,46,38,29,30,31,40,49,59,51,42,33;47,48,39;56,57,58;4,14,15;36,45,54;34,43,52,61,60,68,67,66;65,75,76,77,69,70,62,53,44,35,26,25,24,23,13,12,11,19,18,27,37
X_9,0,149,6,,1:3:5:7:0:72:2:74:6:78:8:80:10:73:16:79:9:63:17:71;50,49,48,38,29,28;41,40,39,30,20;45,36,27,18,19,11,12,4;32,33,42,51,59,58,57,47;21,13,14,15,25,26,35,44,53,62,70,69,77,76,75,65,64,54;37,46,55,56,66,67,68,60,61,52,43,34,24,23,22,31
X_9,0,150,5,,1:3:5:7:0:72:2:74:6:78:8:80:10:73:16:79:9:63:17:71;59,50,41,31,39,48,57,66,67;69,77,76,75,65,64,54,45,36,27,18,19,11,12,4,14;61,51,42,33,32,22,30,29,38,47;52,43,34,24,23,13,21,20,28,37,46,55,56;15,25,26,35,44,53,62,70,60,68,58,49,40
