11+B,0,1,8,,0:1:9:10:11:12:20:21:99:100:108:109:110:111:119:120;83,72,73,62,51,40,29,18,17,16,15,14,25,24,23,22,33,44,55,66,77,88,89,90,101,112;106,105,94,93,82,81;70,71,60,61,50,39,28,27,26,37,36,47,46,57,68;42,53,64,75,86,85,84,95;92,103,104,115,116,117,118,107,96,97,98,87,76,65,54,43,32,31;69,58,59,48,49,38;35,34,45,56,67,78,79,80,91,102,113,114;74,63,52,41,30,19,8,7,6,5,4,3,2,13
11+B,0,2,8,,0:1:9:10:11:12:20:21:99:100:108:109:110:111:119:120;32,43,54,65,76,87,98,97,96,85,74,63,62,61,50,39,28,27,26,37,48;91,92,93,82,71,72,73,84,95,106;38,49,60,59,58,47;51,52,53,64,75,86;30,19,8,7,6,5,4,3,2,13,24,23,22,33,44,55,66,77,88,89,90,101,112,113,114,115,116,117,118,107;70,81,80,79,78,67,56,45,34;31,42,41,40,29,18,17,16,15,14,25,36,35,46,57,68,69;83,94,105,104,103,102
11+B,0,3,8,,0:1:9:10:11:12:20:21:99:100:108:109:110:111:119:120;26,37,38,49,60,61,62;102,91,92,93,94,83,72,71,70,59,58;69,68,57,46,47,48;3,2,13,24,23,22,33,44,55,66,77,88,89;85,86,75,64,53,42,41,40,29,18,17;90,101,112,113,114,115,116,117,118,107,96,97,98,87,76,65,54,43,32,31,30,19,8,7,6,5,4,15;103,104,105,106,95,84,73,74,63,52,51,50,39,28,27,16;14,25,36,35,34,45,56,67,78,79,80,81,82
11+B,0,4,9,,0:1:9:10:11:12:20:21:99:100:108:109:110:111:119:120;62,61,60,49,38,37;112,113,114,115,116,117,118,107,96,97,98,87,76,65,54,43,32,31,30,19,8,7,6,5,4,3,2,13;85,86,75,64,53,42,41,40,29,18,17,16,15,14;101,102,103,104,105,106,95,84;82,71,72,73,74,63,52,51,50,39;78,67,56,45,34,33,22;28,27,26,25,36,47,58,69;44,55,66,77,88,89,90,91,92,93,94,83;48,59,70,81,80,79,68,57,46,35,24,23
11+B,0,5,9,,0:1:9:10:11:12:20:21:99:100:108:109:110:111:119:120;32,31,30,19,8,7,6,5,4,3,2;79,78,67,56,45,34,35,36,47,58,59,70,81,82,83,94;97,98,87,76,65,54,43,42,41,40,29,18,17,16,27,38;52,53,64,75,86,85,96,107,118,117,116;25,26,37,48,49,60,71;61,72,73,84,95,106,105,104,115,114,113,112;28,39,50,51,62,63,74;91,80,69,68,57,46;93,92,103,102,101,90,89,88,77,66,55,44,33,22,23,24,13,14,15
11+B,0,6,7,,0:1:9:10:11:12:20:21:99:100:108:109:110:111:119:120;106,105,94,83,72,73,74,63,52,51;95,84,85,86,75,64,53,42,41,40,39,28,17,16,15,14;29,18,7,6,5,4,3,2,13,24,23,22,33,44,55,66,77,88,89,90,101,112,113,114,103,92,81,70,71;8,19,30,31,32,43,54,65,76,87,98,97,96,107,118,117,116,115,104,93,82;78,67,56,45,34,35,36,25,26,27,38,49,50,61,62;37,48,47,46,57,68,79;60,59,58,69,80,91,102
11+B,0,7,8,,0:1:9:10:11:12:20:21:99:100:108:109:110:111:119:120;29,18,17,16,15,14,25,36,47;35,46,57,58,59,60,61,62;102,103,104,105,94,83,82,81;118,107,96,85,86,75,64,53,42,41,40,39,28,27,26,37,48;116,117,106,95,84,73,74,63,52,51,50,49,38;93,92,91,80,79,78;34,45,56,67,68,69,70,71,72;115,114,113,112,101,90,89,88,77,66,55,44,33,22,23,24,13,2,3,4,5,6,7,8,19,30,31,32,43,54,65,76,87,98,97
11+B,0,8,9,,0:1:9:10:11:12:20:21:99:100:108:109:110:111:119:120;18,17,28,39,38,49,60,59,58,47,46;74,63,52,51,50,61;85,86,75,64,53,42,41,40,29;115,116,117,118,107,96,97,98,87,76,65,54,43,32,31,30,19,8,7,6,5,16,27,26,37,48;92,81,70,71,72,73,62;57,68,69,80,91,102,103,104,93,94;4,3,2,13,24,23,22,33,44,55,66,77,88,89,90,101,112,113,114;15,14,25,36,35,34,45,56,67,78,79;105,106,95,84,83,82
11+B,0,9,8,,0:1:9:10:11:12:20:21:99:100:108:109:110:111:119:120;14,15,16,17,18,29,40;106,105,104,103,102,91,80,69,58;97,98,87,76,65,54,43,32,31,30,19,8,7,6,5,4,3,2,13,24,25,26,27,28,39,50,49,60;79,78,67,56,45,34,35,36,37,38;41,52,51,62,61,72,83,82;59,48,47,46,57,68;23,22,33,44,55,66,77,88,89,90,101,112,113,114,115,116,117,118,107,96,85,86,75,64,53,42;63,74,73,84,95,94,93,92,81,70,71
11+B,0,10,9,,0:1:9:10:11:12:20:21:99:100:108:109:110:111:119:120;22,33,44,55,66,77,88,89,90,101,112,113,114,115,116,117,118,107,96,97,98,87,76,65,54,43,32;70,69,68,57,56,45;3,14,15,16,17,28,39,50,49;73,74,63,52,41,30,19,8,7,6,5,4;58,47,46,35,34,23;67,78,79,80,91,102,103,104,105,106,95,84,85,86,75,64,53,42,31;18,29,40,51,62,61,72,83,94,93;92,81,82,71,60,59,48,37,36;2,13,24,25,26,27,38
12+B,0,11,10,,0:1:10:11:12:13:22:23:120:121:130:131:132:133:142:143;105,93,81,69,57,45,44,32,20;135,134,122,110,109,108,96,84,72,60,48,36,24,25,26,14,2,3,4,5,6;41,53,65,66,67,79;114,115,116,117,118,119,107,95,83,71,59,47,35;100,112,113,125,126,127,128,129;74,75,63,64,52,40,28,29,30,42,54;49,37,38;89,101,102,103,104,92,80,68,56,55,43,31,19,7,8,9,21,33,34,46,58,70,82,94,106;18,17,16,15,27,39,51,50,62,61,73,85,97,98,99,111,123,124,136,137,138,139,140,141;86,87,88,76,77,78,90,91
12+B,0,12,9,,0:1:10:11:12:13:22:23:120:121:130:131:132:133:142:143;141,140,139,138,137,136,135,134,122,110,109,108,96,84,72,60,48,36,24,25;58,70,82,94,106,118,117,129,128,127;105,93,81,69,68,56,44,32,20,19,18,17,16,15,27,39,51,63,75,76;119,107,95,83,71,59,47,35,34,33,21,9,8,7,6,5,4,3,2,14,26,38,50,62,74,86,87,88,100,112,113,114;57,45,46;115,103,102,101,89,77,65,64,52,40,28;31,30,29,41,53,54,66,78,90,91;116,104,92,80,79,67,55,43,42;126,125,124,123,111,99,98,97,85,73,61,49,37
12+B,0,13,9,,0:1:10:11:12:13:22:23:120:121:130:131:132:133:142:143;62,63,64,76,77,89,101,113,125,137;67,79,78,90,102,114,126,138,139,140,141,129,117,118,106,94,82,70,58,46;75,74,73,61,49,50,51,52,53,65,66;25,37,38,39,27,28,29,30,31,43;15,16,17,18,19,20,32,44,45,57,69,81,93,105,104,116,128,127;40,41,42,54,55,56,68,80,92,91,103,115;86,87,88,100,112,124,136,135,134,122,110,109,108,96;24,36,48,60,72,84,85,97,98,99,111,123;119,107,95,83,71,59,47,35,34,33,21,9,8,7,6,5,4,3,2,14,26
12+B,0,14,9,,0:1:10:11:12:13:22:23:120:121:130:131:132:133:142:143;68,56,44,32,20,19,18,17,16,4,3,2;115,103,102,101,89,77,76,64,63,62;57,45,33,21,9,8,7,6,5;34,46,58,70,69,81,93,92,91,90,78,66,65,53,52,51,50;26,25,24,36,48,60,72,84,96,108,109,110,122,134,135,136,137,138,139,140,141,129,117,118,119,107,95;80,79,67,55,54,42,41,40,39,38,37,49,61,73,85,86;14,15,27,28,29,30,31,43;97,98,99,111,123,124,125,126,127,128,116,104,105,106,94,82,83,71,59,47,35;74,75,87,88,100,112,113,114
12+B,0,15,9,,0:1:10:11:12:13:22:23:120:121:130:131:132:133:142:143;119,107,95,83,71,59,47,35,34,33,21,9,8,7,6,5,4,3,2;45,46,58,70,82,94,93,105,104,103,102,101,89;98,97,85,73,61,49,37,38,39,40,41,42,30,18,17,16,15,14;86,74,62,50,51,52,53,54,55,43,31,19,20;128,127,126,125,124,123,111,99,87,75,63,64,65,66;106,118,117,116,115,114,113,112,100,88,76;77,78,90,91,92,80,81,69,57;79,67,68,56,44,32;129,141,140,139,138,137,136,135,134,122,110,109,108,96,84,72,60,48,36,24,25,26,27,28,29
12+B,0,16,11,,0:1:10:11:12:13:22:23:120:121:130:131:132:133:142:143;65,64,52,40,28,29,17,18,19,20;101,89,77,76,75,63,51,50,49,48;24,25,26,14,2,3;4,16,15,27,39,38,37,36;106,94,82,70,69,57,56,55,43;42,30,31,32,44,45,46,58,59,71,83,95,107,119,118;115,103,102,90,78,79;114,113,112,100,88,87,86,74,62,61,60,72,84,96,108,109,110,122,134,135,136,137,138,139;140,141,129,117,105,93,81,80,68,67,66,54,53,41;73,85,97,98,99,111,123,124,125,126,127,128,116,104,92,91;5,6,7,8,9,21,33,34,35,47
12+B,0,17,9,,0:1:10:11:12:13:22:23:120:121:130:131:132:133:142:143;106,105,117,129,141,140,139,138,137,136,135,134,122,110,109,97,85,73,61,49,50,51,52,40,41,42,54,66;91,90,78,77,65,53;47,59,71,83,82,81,80,79,67,55,43,31,30,29,28,27,39,38,37;35,34,46;75,87,99,111,123,124,125,126,127,128;58,57,45,33,21,9,8,7,6,5,4,3,2,14,26,25,24,36,48,60,72,84,96,108;70,69,68,56,44,32,20,19,18,17,16,15;103,102,101,89,88,76,64,63,62,74,86,98;100,112,113,114,115,116,104,92,93,94,95,107,119,118
12+B,0,18,9,,0:1:10:11:12:13:22:23:120:121:130:131:132:133:142:143;57,56,68,67,66,78,90;119,118,117;17,18,19,20,32,44,45,46,58,70,69,81,80,79,91;127,126,125,124,123,111,99,98,86,74,62,50,51,52,40,41,42;28,29,30,31,43,55,54,53,65,64,63,75,87,88,100,112,113,114,115,116,128,129,141;95,107,106,105,104,103,102,101,89,77,76;97,85,73,61,49,37,38,39,27,15,3;92,93,94,82,83,71,59,47,35,34,33,21,9,8,7,6,5,4,16;2,14,26,25,24,36,48,60,72,84,96,108,109,110,122,134,135,136,137,138,139,140
12+B,0,19,8,,0:1:10:11:12:13:22:23:120:121:130:131:132:133:142:143;42,41,53;105,106,94,82,70,69,68,67,55,54;45,44,43,31,19,18,17,16,15,27,39,38,50,62,74,86,87,88,100,101,102,103,115,127,126,125,124,123,122,110,109,108,96,84,72,60,48,36,24;56,57,58,46,34,33,21,9;141,129,117,118,119,107,95,83,71,59,47,35;93,81,80,79,78,66,65,64,52,40,28,29,30;51,63,75,76,77,89,90,91,92,104,116,128,140,139,138,137,136,135,134;32,20,8,7,6,5,4,3,2,14,26,25,37,49,61,73,85,97,98,99,111,112,113,114
12+B,0,20,10,,0:1:10:11:12:13:22:23:120:121:130:131:132:133:142:143;67,79,78,90,102,101;28,40,52,64,76,88,100,112,113,114,115,103,91;59,47,35;85,97,98,110,122,134,135,136,137,138,139,140,141,129,117,118,119,107,95,83,71,70,58,46,34,33,21,9;60,48,36,24,25,26,14,2,3,4,5,6,18,19;50,62,74,86,87,99,111,123,124,125,126,127,128,116,104,105;106,94,82,81,69,57,45,44,43,42,41,53;93,92,80,68,56,55,54,66,65,77,89;75,63,51,39,38,37,49,61,73,72,84,96,108,109;7,8,20,32,31,30,29,17,16,15,27
13+B,0,21,9,,0:1:11:12:13:14:24:25:143:144:154:155:156:157:167:168;96,83,70,71,58,45,32;122,109,110,97,84,85,86,73,74,75,76,63,50,49,48,35;17,30,43,42,55,68,81,94,107,108,121,134,135,136,137,138,125,112,113,114,101,102,103,116,129,142,141,140,153,166,165,164,163,162,161,160,159,158,145,132,131,130,117,104,91,78,65,52,39;22,21,34,47,60,61,62;115,128,127,126,139,152,151,150,149,148,147,146,133,120,119,118,105,92,79,66,53,40,27,26;106,93,80,67,54,41,28,29,16;31,18,19,20,33,46,59,72;123,124,111,98,99,100,87,88,89,90,77,64,51,38,37,36,23,10,9,8,7,6,5,4,3,2,15;44,57,56,69,82,95
13+B,0,22,12,,0:1:11:12:13:14:24:25:143:144:154:155:156:157:167:168;41,54,55,56,57,44,45;71,58,59,46,47,48,35,22,21,20,19,18,17,16,29,28,27,26,39,52,65,78,79,80,81,94;38,37,50,63,76,75,74,73;89,102,115,128,127,126,139,152,151;122,109,96,83,70,69,68,67,66,53,40;110,97,84;100,113,112,125,138,137,150,149,148,147,146,133,120,119,118,105;72,85,98,111,124,123,136,135,134,121,108,95,82;15,2,3,4,5,6,7,8,9,10,23,36,49,62,61,60;114,101,88,87,86,99;107,106,93,92,91,104,117,130,131,132,145,158,159,160,161,162,163,164,165,166,153,140,141,142,129,116,103,90,77,64,51;42,43,30,31,32,33,34
13+B,0,23,10,,0:1:11:12:13:14:24:25:143:144:154:155:156:157:167:168;3,2,15,28,27,26,39,52,65,78,91,104,105,106,107,108,109;80,67,68,69,70,57,44,31,32;10,23,36,37,38,51,64,77,90,103,116,129,142,141,140,153,166;130,117,118,119,120,121,134,135,136,137,124,111;122,123,110,97,98,99,100,87,74,73;33,46,45,58,71,84,83,82,81;133,146,147,148,149,150,151,138,125,112,113,114,101,88,75,62,61;40,41,42,29,16,17,4,5,6,7,8,9,22,35,48,49,50,63,76,89,102,115,128,127,126,139,152,165,164,163,162,161,160,159,158,145,132,131;18,19,20,21,34,47,60,59,72,85,86;96,95,94,93,92,79,66,53,54,55,56,43,30
13+B,0,24,11,,0:1:11:12:13:14:24:25:143:144:154:155:156:157:167:168;117,130,131,132,145,158,159,160,161,162,163,164,165,166,153,140,141,142,129,116,103,90,77,64,51,50,49,48,47,34,33,32,31,30;35,22,21,20,19,18,17,16,29,42;55,56,43,44,45,46;98,99,112,113,114,101,88,75,74,73,60;118,119,120,133,146,147;38,37,36,23,10,9,8,7,6,5,4,3,2,15,28,41,54,67;26,27,40,53,66,79,80,81,68,69,70,71,84,97,110,111,124,125,138;83,82,95,94,93,92,91,78,65,52,39;96,109,122,123,136,137;57,58,59,72,85,86,87,100;61,62,63,76,89,102,115,128,127,126,139,152,151,150,149,148,135,134,121,108,107,106,105,104
13+B,0,25,9,,0:1:11:12:13:14:24:25:143:144:154:155:156:157:167:168;29,30,31,32,33,34,47,60,61,74,87,100,113,112,125,138,137,136,123,110,97,84,85;130,117,104,91,78,65,52,39,40,41,42,43,44,45,46,59,72,73,86,99,98,111,124;67,68,69,70,83,96,109,122;93,94,107,108,121,134,135,148,149,150,151,152,139,126,127,128,115,102,89,76,63,50;92,105,106;16,17,18,19,20,21,22,35,48,49,62,75,88,101,114;26,27,28,15,2,3,4,5,6,7,8,9,10,23,36,37,38,51,64,77,90,103,116,129,142,141,140,153,166,165,164,163,162,161,160,147,146,133,120,119;71,58,57,56,55,54,53,66,79,80,81,82,95;118,131,132,145,158,159
13+B,0,26,10,,0:1:11:12:13:14:24:25:143:144:154:155:156:157:167:168;145,158,159,160,161,162,163,164,165,166,153,140,141,142,129,116,103,90,77,64,51,38,37,36,23,10,9,8,7,6,5,4,3,2,15;82,69,68;130,117,104,91,78,65,52,39,26,27,28,29,16,17,18,19,20,21,22;81,94,93,92,79,66,53,40,41,42,43,30,31,32,33,34,35;101,88,75,62,61,60,59,58,71,70,83,96,95,108,107,106,105;134,135,136,137,138,125,112;87,86,99,98,111,124,123,122,121,120,119,118;109,110,97,84,85,72,73,74;100,113,114,115,102,89,76,63,50,49,48,47,46,45,44,57,56,55,54,67,80;131,132,133,146,147,148,149,150,151,152,139,126,127,128
13+B,0,27,9,,0:1:11:12:13:14:24:25:143:144:154:155:156:157:167:168;145,158,159,160,161,162,163,150,137,124,111,112,113,114;125,138,151,164,165,166,153,140,141,142,129,116,103,90,77,76,75,74,73,72,71,58,57;122,109,96,95,82,81,68;101,100,99,98,97,110,123,136,149,148,147,146,133,132,131,130,117,104,91,78,65,52,39,26,27,28,15,2;120,119,118,105,92,79,66,53,40,41,42,29,16,3,4,5,6,7,8,9,10,23,36,37,38;63,62,61,60,59,46,45,44,43,30,17,18,19,20,21,22,35;106,93,80,67,54,55,56,69,70,83,84,85,86,87,88,89,102,115,128,127,126,139,152;64,51,50,49,48,47,34,33,32,31;135,134,121,108,107,94
13+B,0,28,9,,0:1:11:12:13:14:24:25:143:144:154:155:156:157:167:168;121,134,135,136,123,110,97,98,99,112,125,138;35,34,33,32,31,44,57,58,59,60,61,62,75,88,101,114,127,128,129;54,67,80,93,106,107,108,95,82,69,70,71,72,73,74,87,100,113,126;116,115,102,89,76,63,50,49,48,47,46,45;153,166,165;122,109,96,83,84,85,86;142,141,140,139,152,151,164,163,162,161,160,159,158,145,132,131,130,117,104,91,78,65,52,39,26,27,28,15,2,3,4,5,6,7,8,9,10;94,81,68,55,56,43,30,17,18,19,20,21,22,23,36,37,38,51,64,77,90,103;111,124,137,150,149,148,147,146,133,120,119,118,105,92,79,66,53,40,41,42,29,16
13+B,0,29,12,,0:1:11:12:13:14:24:25:143:144:154:155:156:157:167:168;123,136,137,138,125,112,99,100,87,88,75,76,77,90,103,116,115,128,127;158,159,160,161,148,135,122,109,110;44,45,46;21,22,35,48,49,50,51,64;89,102,101,114,113,126,139,152,151,150,149;129,142,141,140,153,166,165,164,163,162;58,57,70,83,82,81,94,107,120,133;20,33,34,47,60,59,72,71,84,97,96,95,108,121,134,147,146,145,132,131,130,117,104,91,78,65,52,39,26,27,28,15,2,3,4;119,106,93,80,67,68,69,56,43,30,31,32,19,6,7,8,9,10,23,36,37,38;40,41,42,29,16,17,18,5;124,111,98,85,86,73,74,61,62,63;118,105,92,79,66,53,54,55
13+B,0,30,11,,0:1:11:12:13:14:24:25:143:144:154:155:156:157:167:168;92,93,80,67,54,55,56,57,58,59,60,47,48,35;22,21,34,33,46,45,44,43,42,41,40,53,66,79;103,116,129,142,141,140,153,166,165,164,163,162,161,160,159,158,145,132,131;30,31,32,19,20,7,8,9,10,23,36,49,62,61,74,73,86;37,38,51,64,77,90,89,102,115,128,127,126,139,152,151,150,149,148,147,146,133,120,119,118,117,130;29,16,17,18,5,6;109,122,123;124,111,110,97,96,95,94,81,68,69,70,71,72;108,121,134,135,136,137,138,125,112,113,114,101,88,75,76,63,50;107,106,105,104,91,78,65,52,39,26,27,28,15,2,3,4;82,83,84,85,98,99,100,87
