5:6,0,1,4;29,24,23,22,21,16,11,6,7,2,3,4;9,8,13,12;17,18,19,14;1,0,5,10,15,20,25,26,27,28
5:6,0,2,4;28,23,18,17,12;3,4,9;27,26,25,20,15,10,5,0,1,2;22,21,16,11,6,7,8,13,14,19,24,29
5:6,0,3,5;14,13,12;23,22,21,26;8,7,6;9,4,3,2,1,0,5,10,15,20,25;27,28,29,24,19,18,17,16,11
5:6,0,4,4;28,29,24,19,14,13,12,11,16,21,22;27,26,25,20,15,10,5,6,7,8,9;4,3,2,1,0;23,18,17
5:6,0,5,4;13,12,17,16,21,26,25;22,23,18,19,14,9,8,7,6,11,10,15,20;4,3,2,1,0,5;27,28,29,24
5:7,0,6,4;5,0,1,2,3,4;25,30,31,32,33,34,29,24,19,14,9,8,7,6;11,12,13,18,23,28,27,26,21,20;10,15,16,17,22
5:7,0,7,6;17,12,13;32,31,30;24,29,34;25,26,27,28,33;8,7,6,11,16,15;20,21,22,23,18,19,14,9,4,3,2,1,0,5,10
5:7,0,8,6;13,18,23;25,26,21,16,17,12,7,8,9;5,0,1,2,3,4;28,27,22;20,15,10,11,6;14,19,24,29,34,33,32,31,30
5:7,0,9,6;1,6,11;34,33,32,31,26;4,3,2,7,12,17;9,8,13,18,23,22,21,20,25,30;27,28,29,24,19,14;16,15,10,5,0
5:7,0,10,3;3,2,1,0,5,10,15,20,25,30,31,32,33,34,29,24;14,19,18,23,28,27,26,21,16,11,6,7;22,17,12,13,8,9,4
5:8,0,11,4;29,24,23,22,17,12;19,18,13,8,7,6,11,16,21,26,27,28;39,34,33,32,31;14,9,4,3,2,1,0,5,10,15,20,25,30,35,36,37,38
5:8,0,12,5;0,1,6,11,16,21;3,2,7,12,17,22,27,32;33,28,23,18,13,8;26,31,36,37,38,39,34,29,24,19,14,9,4;5,10,15,20,25,30,35
5:8,0,13,6;1,0,5;6,11,10,15;9,4,3,2,7,12,17,16,21,20;8,13,18,23,22,27,26,25,30;35,36,37,38,39,34,29,24,19,14;31,32,33,28
5:8,0,14,4;31,32,33,28,23,22,17,16,11,6,7,8,9,4;25,30,35,36,37,38,39,34,29,24,19,18;27,26,21,20,15,10,5,0,1,2,3;14,13,12
5:8,0,15,4;31,32,33,28,23,18,13,8,7,6,11,16,21;30,35,36,37,38,39,34,29,24,19,14,9,4,3,2,1;15,10,5,0;20,25,26,27,22,17,12
5:9,0,16,5;38,33,32,27,26,21,16,11;14,13,8;35,40,41,42,43,44,39,34,29,28,23,22;24,19,18,17,12,7,6;9,4,3,2,1,0,5,10,15,20,25,30,31,36,37
5:9,0,17,7;40,35,30,25;44,43,42,37,32;16,11,6,1,2,3,4;34,29,24,19,14,9,8,7,12,17,22,21,20,15,10,5,0;41,36,31,26;33,38,39;27,28,23,18,13
5:9,0,18,6;37,36,31,26,25,20,15,10,5,0,1,2,7,12,17,22;30,35,40,41,42,43,44,39,34,29,28,23;38,33,32,27;24,19,18,13,8,3;14,9,4;6,11,16,21
5:9,0,19,6;44,43,42,41,40,35,30;7,8,13,14,19,24,29,28,27;34,33,32,31,26,25,20;39,38,37,36;23,18,17,12,11,6,1,2,3,4,9;22,21,16,15,10,5,0
5:9,0,20,5;34,39,44,43,42,41,40,35,30,25,20,15,10,5,0;1,2,3,4,9,14,19,24,29;6,7,8,13,18,23,28;32,27,22,17,12;33,38,37,36,31,26,21,16,11
5:10,0,21,7;45,46,41,42,43;0,5,10,15,20,25,30,35,40;2,1,6,11,16,21,26,31,36;3,4,9,14,13,18,17,22,27,32,37;8,7,12;29,34,39,44,49,48,47;38,33,28,23,24,19
5:10,0,22,6;3,4,9,14,19,24,29,34,39,38,43,42,47,46,45,40,35,30,25,20,15,10,5,0,1;37,32,27,22;2,7,8,13,18,23,28,33;41,36,31,26,21,16,17;44,49,48;12,11,6
5:10,0,23,6;27,22,17,12,11,6,5;16,21,26,31,36;28,23,18,13,8,7;41,42,43,38;37,32,33,34,39,44,49,48,47,46,45,40,35,30,25,20,15,10;0,1,2,3,4,9,14,19,24,29
5:10,0,24,5;18,17,16,15,20,25,30,35,40,45,46,47,48,49;4,9,8,7,6;27,28,33,38;3,2,1,0,5,10,11,12,13,14,19,24,23,22,21,26,31,32,37;29,34,39,44,43,42,41,36
5:10,0,25,5;24,29,34,33,32;27,28,23,18,19;45,46,47,48,49,44,39,38,37,36,31,26,21,16,11,6,7,8,9;4,3,2,1,0,5,10,15,20,25,30,35,40,41,42,43;22,17,12,13,14
5:11,0,26,6;22,23,18,13,12,11,10;36,35,40,45,50,51,52,53,54,49,44,39,34;4,3,2,1;31,30,25,20,15,16,17;21,26,27,32,37,42,41;0,5,6,7,8,9,14,19,24,29,28,33,38,43,48,47,46
5:11,0,27,7;9,14,19,24,29,34,39,44,49,54;47,52,51,50,45;36,31,30,25,20,15,10,5,0,1,2;42,37,32,27,22,17,12,7;4,3,8,13,18,23,28,33,38,43,48,53;26,21,16,11,6;46,41,40,35
5:11,0,28,7;23,28,33,38,37;46,47,48,49,54;30,25,20,15,10;32,27,22,17,18,19,24,29,34,39,44,43,42,41;53,52,51,50,45,40,35,36,31,26,21,16;11,6,7,8;12,13,14,9,4,3,2,1,0,5
5:11,0,29,5;8,13,12,17,16,21,26,31,32;42,37,36,35,30,25,20,15,10,5,0,1;27,22,23,18,19,14,9,4,3,2,7,6,11;24,29,28,33,38,43,48,47,46;41,40,45,50,51,52,53,54,49,44,39,34
5:11,0,30,6;46,41,42,43,44;47,48,49;11,6,7,8,13,18,23,22,21,20,25,30,35,40,45,50,51,52,53,54;12,17,16,15;34,33,32;39,38,37,36,31,26,27,28,29,24,19,14,9,4,3,2,1,0,5,10
6:7,0,31,4;30,36,37,38,39,40;14,15,21,27,33,34;41,35,29,28,22,16,10,9,8,7,13,19,20,26,32;31,25,24,18,12,6,0,1,2,3,4,5,11,17,23
6:7,0,32,6;0,6,7,13;1,2,8,14,20,19,18,12;15,9,3,4,5,11;33,34,28;25,24,30,36,37,38,39,40,41,35,29,23,17;31,32,26,27,21,22,16,10
6:7,0,33,6;0,1,2,3,4,5,11,17,23,29,35,41,40,39,38,37;13,14,15;24,18,12,6,7,8,9,10,16;25,19,20;21,27,26,32,31,30,36;22,28,34,33
6:7,0,34,5;22,28,34,33;14,8,9,10,16,17,23,29,35,41,40,39,38,37,36;15,21,27;30,31,32,26,20,19,13,7,1,2,3,4,5,11;25,24,18,12,6,0
6:7,0,35,5;8,9,10,16,22,28,34;25,19,18,12,6,0;31,32,26,27,21,15;20,14,13,7,1,2,3,4,5,11,17,23,29,35,41,40,39,33;38,37,36,30,24
6:8,0,36,5;5,11,17,23,29,35,41,47,46;37,38,32,33,27,21,15,9,10;14,20,26,25,31;1,0,6,12;16,22,28,34,40,39,45,44,43,42,36,30,24,18,19,13,7,8,2,3,4
6:8,0,37,7;17,11,5,4,3;26,25,31,37,38,39,40,34,28;16,15,21,27,33,32;0,6,12;2,1,7,13,19,18;10,9,8,14,20;24,30,36,42,43,44,45,46,47,41,35,29,23,22
6:8,0,38,7;8,9,15,21,27,33,32,38;0,6,12;5,4,3,2,1;18,19,25,31,37,43,44,45,46,47,41,35,29,23,17,11,10;39,40,34,28,22,16;7,13,14,20,26;24,30,36,42
6:8,0,39,4;34,40,39,38,37,31,25,19,13,14,8,2,1,0;7,6,12,18,24,30,36,42,43,44,45,46,47,41,35;10,16,22,28,27,33,32;29,23,17,11,5,4,3,9,15,21,20,26
6:8,0,40,5;33,27,21,15,14,8,2,3,4,5,11,17,23,29,35,41,47;9,10,16,22,28,34;46,40,39,38,37,31,25,19,13,7;1,0,6,12,18,24,30,36,42,43,44,45;32,26,20
6:9,0,41,5;43,44,45,46,40,34,28,22,16,10;19,25,31,37,38,39,33,27,21,15,9,8,7;32,26,20,14,13;12,18,24,30,36,42,48,49,50,51,52,53,47,41,35,29,23,17,11,5,4;3,2,1,0,6
6:9,0,42,6;5,4,10,16,22,28,34,40,46;15,21,27,33,39,45,51,52,53,47;49,48,42,36,30,24,18,12,6,0,1,2,3,9;41,35,29,23,17,11;8,14,20,26,32,38,44,50;7,13,19,25,31,37,43
6:9,0,43,8;5,11,10,9,8;13,7,6;31,32,33,27,21,22,23,29;19,18,12;39,38,37,36,30,24,25,26,20,14,15,16,17;35,41,47,53,52,51,50,49,48,42;4,3,2,1,0;28,34,40,46,45,44,43
6:9,0,44,6;4,5,11,17,23,29,35,41,47,53,52,51,50,44,38,32,31,25,19,13,7,8,2;42,36,30,24,18,12,6,0,1;28,34,40,46,45;3,9,10,16,22,21,27,33,39;26,20,14,15;48,49,43,37
6:9,0,45,5;29,35,41,47,46,45,44,43,37,31,32,26,20;38,39,33,27,21,15,14;18,12,6,0,1,2,3,4,5,11,17,23;19,13,7,8,9,10,16,22,28,34,40;53,52,51,50,49,48,42,36,30,24,25
6:10,0,46,7;45,39,33,27,26,25,31,30,36;56,55,49;54,48,42,43,44,50,51,52,46,40,34,35,29,23,17,11,5,4,3,2,1,7;41,47,53,59,58,57;37,38,32;24,18,19,20,21,15;0,6,12,13,14,8,9,10,16,22,28
6:10,0,47,8;43,42,48,54,55,56;23,22,21,15,14,13,7;52,46,45;49,50,44,38,39,40,34;17,16,10,9,8;51,57,58,59,53,47,41,35,29,28,27,26,20,19;33,32,31,25;37,36,30,24,18,12,6,0,1,2,3,4,5,11
6:10,0,48,8;54,55,56,50,44,38;57,51,52,46,40,34,28,27,26,25,19,18,12,6,7,8,9,10;47,41,35,29,23,17,11,5,4,3,2,1,0;43,37,31,32,33,39,45;15,14,13;16,22,21,20;24,30,36,42,48,49;58,59,53
6:10,0,49,6;3,4,10,16,22,28,34,40,41,47,53,59,58,57,56,55,49,43,37;52,51,50,44,38,32,31,25,19,13,7;8,14,20,26,27,33,39,45,46;2,1,0,6,12,18,24,30,36,42,48,54;35,29,23,17,11,5;9,15,21
6:10,0,50,6;42,48,54,55,56,57,58,59;31,32,38,44,45,46;7,13,14,15,21,22,28,34;20,19,18,12,6,0,1,2,8,9,10,16;47,53,52,51,50,49,43,37,36,30,24,25,26,27,33,39,40;41,35,29,23,17,11,5,4,3
6:11,0,51,7;58,57,56,55,49,43,37;21,15,16,10;41,40,39,38,44,50,51,52;14,20,26,27,28,22,23,17,11,5,4,3,2,1,0,6;29,35,34,33,32,31,25,19,13,12;9,8,7;18,24,30,36,42,48,54,60,61,62,63,64,65,59,53,47,46,45
6:11,0,52,8;53,59,65;25,31,32,38;39,33,27,26,20;60,54,55,56,57;52,58,64,63,62,61;40,34,28,22,21,15,14,13,12,6,0,1,2,3,4,5,11;19,18,24,30,36,37,43,44;7,8,9,10,16,17,23,29,35,41,47,46,45,51,50,49,48,42
6:11,0,53,9;55,49,50,51,45,39;36,37,31,32,26;38,44,43,42,48,54,60,61,62;58,52,46,40,34,33;22,23,17,11,5;2,1,7,13,19,25;15,16,10;56,57,63,64,65,59,53,47,41,35,29,28,27,21,20,14,8,9,3,4;0,6,12,18,24,30
6:11,0,54,8;9,15,14,20,26,32,38;63,62,61;35,41,47;39,33,27,21,22,16,10;48,42,36,30,24,18,12,6,0,1;44,45,51,52,53,59;55,54,60;46,40,34,28,29,23,17,11,5,4,3,2,8,7,13,19,25,31,37,43,49,50,56,57,58,64,65
6:11,0,55,7;17,11,5,4,3,2;1,7,13;0,6,12,18,24,30,31;19,20,14,8,9,10,16,22,23,29,35,41,47,53,59,65,64,63,62,61,60,54,48,42,36,37,38,44;43,49,55;25,26,32,33,39,45,51,50;56,57,58,52,46,40,34,28,27,21,15
6:12,0,56,6;47,46,52,58,64,63,62,61,55,49,50,44,38,32,33,27,21,15,16;56,57,51,45,39,40,34,28,22;43,37,36,30,24,18,12,6,0,1,2,3,4,5;26,20,14;31,25,19,13,7,8,9,10,11,17,23,29,35,41;53,59,65,71,70,69,68,67,66,60,54,48,42
6:12,0,57,9;58,52,46,45,44,43,42;64,63,57,56,55,61;35,34,33,27;20,26,32;28,29,23,17,11,5,4,3,2,1,0;62,68,69,70,71,65,59,53,47,41,40;21,22,16,10,9,8,7,6,12,18,24,30,36,37,38,39;67,66,60,54,48,49,50,51;15,14,13,19,25,31
6:12,0,58,9;10,16,22,21,20;44,50,56,62,68,69,70,71,65;41,47,53,59,58;24,18,12,6,0,1,2;28,27,26,25,19,13,14,15;60,54,48,42,36,30,31;32,38,37,43,49,55,61,67,66;7,8,9,3,4,5,11,17,23,29,35,34,40,46,52,51,57,63,64;33,39,45
6:12,0,59,9;58,64,63,62,61;4,10,16,15;40,39,45,44,50;7,13,12;43,37,38,32,33,34,28,22,21,20,14,8,9,3;46,52,51,57,56,55,49,48,42,36,30,24,18,19;54,60,66,67,68,69,70,71,65,59,53,47,41,35,29,23,17,11,5;31,25,26,27;2,1,0,6
6:12,0,60,8;18,12,6,0,1,2,3,4,5,11,17,16,15;10,9,8,7,13,19;38,39,40,46,52,58,64,63,62;54,48,49,50,44;67,68,69,70,71,65,59,53,47,41,35,34,33,32,31,37;66,60,61,55,56,57,51,45;14,20,21,22;43,42,36,30,24,25,26,27,28,29,23
7:8,0,61,6;49,50,51,52,53,54,47,40,33,26;28,21,14,7,0;43,44,37,38,31,24,17,10,11,12;42,35,36,29,30,23,16,9;45,46,39,32,25,18,19,20,27,34,41,48,55;13,6,5,4,3,2,1,8,15,22
7:8,0,62,7;43,36,29,28;52,53,54,55;34,33,26,19,12,11,10,9,8;41,40,39,32,31,24,23,22,21,14,7,0,1,2,3,4,5,6,13,20,27;48,47,46,45,38,37,30;44,51,50,49,42,35;25,18,17,16,15
7:8,0,63,7;21,28,29,30,23,24,25,26,33,40,47,54,53,52,51,50;14,7,8,9,10,11,12,5,6;0,1,2,3,4;55,48,41,34,27;13,20,19,18,17,16,15,22;43,44,45,46,39,32,31;38,37,36,35,42,49
7:8,0,64,8;37,36,35,28,21,14;0,7,8,15,16,23;42,49,50,51,52,53,46,39;43,44,45,38;48,41,34,27,20,13,6;22,29,30,31,32,25,18,11,4,3;55,54,47,40,33,26,19,12,5;1,2,9,10,17,24
7:8,0,65,7;33,40,47;3,2,1,8,15,22,29,36,43;39,46,53,54,55,48,41,34,27,20,13,6,5,4;0,7,14,21,28,35,42,49,50,51,44,37,30,31,32,25,26,19;52,45,38;10,9,16;12,11,18,17,24,23
7:9,0,66,6;55,48,41,34,27,20,13,6,5,4,3,2,1,0,7,14,21,28,35,36,43,50,51,52;30,37,44,45;15,8,9,10,11,12,19,26,33,40,47,54;42,49,56,57,58,59,60,61,62;38,31,24;53,46,39,32,25,18,17,16,23,22,29
7:9,0,67,8;42,49,56,57,58,59,60,61,62,55,48,41,34,27,20,13,6;39,46,45,44;5,12,19,26,25,32,31,38;4,11,18,17,24;8,9,10;33,40,47,54,53,52,51,50,43,36,35,28,21,14,7,0,1,2,3;23,16,15;37,30,29,22
7:9,0,68,8;30,23,16,9,2,3,4,5,6,13,20,27,34,41,40;47,48,55,62,61,60,59,58,57,56,49,42,35,28,29,22,15,8,1;11,18,25;24,17,10;44,45,46;54,53,52,51,50,43,36,37,38,39;12,19,26,33,32,31;21,14,7,0
7:9,0,69,9;8,15,22,29;18,25,26,33,40,47,54;17,24,31,38,45,44;36,37,30,23,16,9,10,3;4,11,12,19,20,27,34,41,48,55,62,61,60,53;13,6,5;59,58,57,56,49,42,35,28,21,14,7,0,1,2;46,39,32;43,50,51,52
7:9,0,70,6;9,16,17,24,31,38,45,46,47,48,41;55,62,61,60,59,58,57,50,43,36,29,28,21,14,7,0,1,2,3,10,11,18,25,32,39;8,15,22,23,30,37,44,51,52,53,54;12,19,26;56,49,42,35;40,33,34,27,20,13,6,5,4
7:10,0,71,7;55,54,61,60,59,58,57,50,49,42,35,28,21,14,7,0,1,2,3,4,5,6,13,20;56,63,64,65,66,67,68,69,62;27,34,33,32,31,24,17,18;37,30,23,16;41,48,47,46,53,52,51,44,43,36,29,22,15,8,9,10,11,12;40,39,38,45;19,26,25
7:10,0,72,8;52,45,44;24,25,26,27,34,41;57,58,59,60,61;21,14,7,0,1,2,3,4,5,6,13,20,19,18,17,16,23,30;51,50,43,36,37;47,48,55,62,69,68,67,66,65,64,63,56,49,42,35,28,29,22,15,8,9,10,11,12;54,53,46,39,38;31,32,33,40
7:10,0,73,9;7,0,1,2,3,4;30,31,24,17;41,48,55,54;34,27,20,13,6,5;32,33,40,47,46,45,52,59,58,57,50,43,36,29,22,23,16,9,10,11,18;69,68,67,66,65,64,63,56,49,42,35,28,21,14,15,8;53,60,61,62;39,38,37,44,51;12,19,26,25
7:10,0,74,8;47,40,39;8,15,16,23,24;57,58,51,44,45,38;52,59,60,61;25,18,17,10,9,2,1,0,7,14,21,22,29;48,41,34,27,20,13,6,5;28,35,42,49,56,63,64,65,66,67,68,69,62,55,54,53,46;50,43,36,37,30,31,32,33,26,19,12,11,4,3
7:10,0,75,8;53,60,59;42,49,56,63;62,55,48,41,34;16,17,18,25,32,33;61,54,47,46,45,52,51,58;23,24,31,38,39,40;44,37,30,29,22,15,8,9,10,11,12,19;26,27,20,13,6,5,4,3,2,1,0,7,14,21,28,35,36,43,50,57,64,65,66,67,68,69
7:11,0,76,8;75,76,69,62,55,48,41,40;28,35,42,49,56,63,70;1,0,7,14,15,16,17,10,11,12,19,26;31,38,45,52,51,58,65;8,9,2,3,4,5,6,13,20,27,34,33,32,39,46,53,60,59,66,73;18,25,24,23,30,37,44,43,50,57,64,71,72;36,29,22,21;47,54,61,68,67,74
7:11,0,77,10;36,29,28,21,14,7,0;35,42,43;63,64,65,66;61,54,47,40,33,26,19,12;6,13,20,27,34,41,48,55,62,69,68,67,60,59,58,57,56;10,3,2,1,8,15,22,23,30,37,44,51,50,49;52,53,46,39,32,25,18,11,4,5;45,38,31,24,17,16,9;73,74,75,76;70,71,72
7:11,0,78,10;4,11,12,19;33,32,31,24,23,16,9,2,3;48,55,54,53,52,51,58,65,72,73,74,75,76,69;63,56,49,42,35,28,21,14,7,0;39,38,37,30;59,60,61,62;70,71,64,57,50;68,67,66;5,6,13,20;10,17,18,25,26,27,34,41,40,47,46,45,44,43,36,29,22,15,8,1
7:11,0,79,10;76,69,68;18,25,32,39;50,57,58,59;67,60,61,62,55,48,41,34,27,20,13,6,5,4,3,2,9,8;1,0,7,14,15;16,23,22,21,28,35,36,37,38,45,46;75,74,73,66,65,64,63;53,54,47,40,33,26,19,12,11,10,17,24,31,30,29;72,71,70;56,49,42,43,44,51,52
7:11,0,80,8;37,38,45;18,25,26,33,40,47,54,61,68,67,66,65,64,57,56;44,43,36,29,30;19,12,11,10,17,24,31,32,39,46,53,52,51,50,49,42,35,28,21,22;15,8,1,2,3,4,5,6,13,20,27,34,41,48,55,62,69,76,75,74,73,72,71,70,63;58,59,60;14,7,0;23,16,9
7:12,0,81,9;24,25,32,39,40,47,54,53,52;37,30,23,16,17,18,19,26,33;46,45,38,31;55,48,41,34,27,20;80,79,78,77,70,63,56,49,42,35;75,68,67,66,65,58,51,44,43,36,29,22,15,8,9,10,11,12,13;28,21,14,7,0,1,2,3,4,5,6;72,71,64,57,50;59,60,61,62,69,76,83,82,81,74,73
7:12,0,82,9;65,64,63,70,77,78,79,80,81,82,75,68,61,60;25,24,23,22,21,28,35,42,49,56,57,58;71,72,73;38,37,44;8,9,10,11,12;5,4,3,2,1,0,7,14,15,16,17,18,19,26,33,34,41,48;6,13,20,27;83,76,69,62,55,54,53,46,45;47,40,39,32,31,30,29,36,43,50,51,52,59,66,67,74
7:12,0,83,10;0,1,2,3,4,5,6,13,20,19,18,25,24,23,22,21,14;17,16,15,8,7;62,55,48,47,40,33,32,31,30,29,28,35,42;83,82,75,74,67,60,59,52,45,38,37,36,43;49,56,63,70,77,78,79;26,27,34,41;76,69,68,61,54,53,46,39;81,80,73,66,65,58,51,44;9,10,11,12;50,57,64,71,72
7:12,0,84,10;21,14,7,0,1,2;74,81,82,83,76,69,62,55,54,47,40,33,26,19,12;80,73,72,71,64,57;79,78,77,70,63,56;11,18,17,16;31,38,37,36;43,44,45,52,59;30,23,24,25,32,39,46,53,60,61;75,68,67,66,65,58,51,50,49,42,35,28,29,22,15,8,9,10,3,4,5;48,41,34,27,20,13,6
7:12,0,85,9;12,19,26,33,40,47,54,53,52,51,44,37,38;21,28,35,42;10,11,18,25,32,39,46,45;77,78,79,80,81,82,83;75,74,73,72,71,70,63,56,49,50,43,36,29,30,31;76,69,68;64,57,58,59,60,61,62,55,48,41,34,27,20,13,6,5,4,3,2,1,0,7,14,15,22,23,24;67,66,65;17,16,9,8
7:13,0,86,9;65,66,59,60,53,46,39,40,33,26;55,62,69,76,75,74;79,78,71,64,57,50,43,36,29,22,15,16,17,18,19,20,27,34,41;0,1,2,3,4,5,6;32,25,24,23,30,37,44,51,58;90,89,88,87,86,85,84,77,70,63,56,49,42,35,28,21,14,7,8,9,10,11,12,13;31,38,45,52;48,47,54,61,68,67;72,73,80,81,82,83
7:13,0,87,9;12,19,26,33,40,47,54,61,62;16,9,8,7,14,21,28,29,36;44,43,42,35;37,30,23,22,15;73,74,75,82,83;55,48,41,34,27,20,13,6,5,4,11;76,69,68,67,66,65,72;18,25,32,39,46,53,60,59,58,57,64,71,78,79,80,81;90,89,88,87,86,85,84,77,70,63,56,49,50,51,52,45,38,31,24,17,10,3,2,1,0
7:13,0,88,11;72,79,78,85,84;77,70,63,56,57,58,59,52,45,38,31;86,87,80,73,66,65,64,71;30,23,16,17,10,11;37,44,51,50,49;32,39,46,53,60,67,68,75,82;55,48,41,34,27,20,13,6;74,81,88,89,90,83,76,69,62,61,54,47,40,33,26,25,24;18,19,12,5,4,3,2,9,8;42,43,36,29,22,15,14,7,0,1;35,28,21
7:13,0,89,11;84,85,78;50,51,52,45,38,31,32,33,40,47;63,70,77;74,67,60,59,58;23,24,25,26,19,12,11,10,9,8,15,14,21,28,35,42,43;30,37,44;71,72,79,86,87,88,89,90,83,76,69,62,55,48,41,34,27,20,13,6,5,4,3,2,1,0,7;39,46,53,54,61,68,75,82,81;36,29,22;16,17,18;80,73,66,65,64,57,56,49
7:13,0,90,9;66,65,64,63,70,77,84,85,86,87,88,89,90,83,76,69;38,31,24,25,26,33,40,47,54;74,73,72,71,78;79,80,81,82,75,68,67;30,23,16,17,18,19,12,13;6,5,4,11,10,9,8,15,22,29,36,43,50,51;52,59,58,57,56,49,42,35,28,21,14,7,0,1,2,3;32,39,46,45,44,37;53,60,61,62,55,48,41,34,27,20
8:9,0,91,7;12,20,21;13,5,4,3,11;71,63,55,47,46,45,44,43,42,41,49,57,58,59,60,61;50,51,52,53,54,62,70;69,68,67,66,65,64,56,48,40,32,24,16,8,0,1,2,10,18,19;6,14,22,30,29,28,27,26,25,17,9;33,34,35,36,37,38,39,31,23,15,7
8:9,0,92,8;34,26,25,24,32,40,48,56,64,65,66,67,68,69,70,71,63,55,47,39,31;15,23,22,30,38,37,36,44,43,42;16,17,18,19;57,58,59,60,61,62,54,46,45;7,6,14,13,21,29;0,1,2,3,4,5;53,52,51,50,49,41,33;35,27,28,20,12,11,10,9,8
8:9,0,93,8;62,54,46,38,30,22,14,13,5,4,3;34,33,25,17,9;50,51,52,44;12,11,10,18,26;67,68,69,70,71,63,55,47,39,31,23,15,7,6;2,1,0,8,16,24,32,40,48,56,64,65;28,36,35,43,42,41,49,57,58,66;59,60,61,53,45,37,29,21,20,19,27
8:9,0,94,9;44,45,46,54;0,8,9,10,11,12,13,14,22,23,31,39,38,37,36,35,43,51;41,49,57,58,59;30,29,28,27,26,25,33,32,40,48,56,64,65,66,67,68,60;71,70,69,61,53,52;24,16,17,18,19,20,21;15,7,6,5,4,3,2,1;62,63,55,47;50,42,34
8:9,0,95,7;0,1,9,17,25,33,34,35,27,19,20,21,29,37;8,16,24,32,40,48,56,64,65,66;28,36,44,43,42,41,49,57,58;11,12,13,14,22,30,38;26,18,10,2,3,4,5,6,7,15,23,31,39,47,46,45,53;54,55,63,71,70,69,68,67,59;50,51,52,60,61,62
8:10,0,96,8;61,60,59,51;46,45,37,29,21,20,12,4,3,2,1,0,8,16,24,32,40;35,34,26,18;36,28,27,19,11,10,9,17,25,33,41,49,48,56,64,72,73,74,75,76,77,69;38,30,22,14;65,57,58,50,42,43,44,52,53,54,62,70;78,79,71,63,55,47,39,31,23,15,7,6,5,13;66,67,68
8:10,0,97,9;42,43,51,59,60,61,62;28,27,19,11,10;46,38,30,22,14;8,0,1,2,3,4,12,20;24,32,40,48,56,57,65,66,67,68,69,70,71,63,55,47,39,31,23,15,7,6,5,13,21,29,37,45;79,78,77,76,75,74,73,72,64;54,53,52,44,36,35,34,26,18;25,33,41,49,50,58;9,17,16
8:10,0,98,10;51,52,53,54,55,63;61,62,70,71;76,68,60,59,58,50,42,43,44,45,46,47,39,31,23,15,7,6,5,4,3,11,10,9,8;26,34,35,36,37,38,30;2,1,0;75,74,73,72,64,56,48,40,32,24,16,17;67,66,65,57,49,41,33,25;79,78,77,69;18,19,27,28,29,21,22,14;13,12,20
8:10,0,99,9;33,32,40,48,56,64,72,73,74,75,76,77,78,79,71,63,55,47,46;45,37,29,30,22,14,13,5;60,59,51,43,35;6,7,15,23,31,39,38;54,62,70;36,28,27,19,11,10,9,17;44,52,53,61,69,68,67,66,58,50,42,34,26,18;21,20,12,4,3,2,1,0,8,16,24,25;41,49,57,65
8:10,0,100,8;36,35,27,19,11,12,13,14,6,7;0,8,16,24,32,40,48,56,64,72,73,74,66,67,68,69,70,78,79;58,57,65;5,4,3,2,10,18,26,34,42,43,44,52,53,54,55,63,71;21,22,30,38;1,9,17,25,33,41,49,50,51,59,60,61,62;15,23,31,39,47,46,45,37,29,28,20;77,76,75
8:11,0,101,8;37,36,28,27,19,11,3,4,5,6,7,15;26,18,10;80,81,82,83,84,85,86,87,79,71,63;0,8,16,24,32;12,20,21,29,30,38,46,45,44,52,60,59,58,57;62,70,78,77,76,75,74,73,72,64,56,48,49,50,51,43,35,34,33,25,17,9,1,2;65,66,67,68,69,61,53,54,55,47,39,31,23,22,14,13;40,41,42
8:11,0,102,9;83,82,81,73;11,19,20,21,29,37,45,53,52,51;35,34,33,41,49,57,65,66,74,75;84,76,68,67,59,58,50,42,43,44,36,28,27,26,18,10;60,61,69,77,85,86,87,79,71,63,55,47,39,31,23,15,7,6,5,4;0,8,16,24,32,40,48,56,64,72,80;25,17,9,1,2,3;54,62,70,78;12,13,14,22,30,38,46
8:11,0,103,10;53,54,46,47,39,31,23,15,7,6,5,4,3,2;73,74,75,76,68,69,70,62;61,60,52,44,45,37,38,30,22,14,13,12,11,10,9,1;41,49,50;21,20,19;67,66,65,64,72,80,81,82,83,84,85,77,78;86,87,79,71,63,55;29,28,27,26,18;0,8,16,24,32,40,48,56,57,58,59,51,43,42;17,25,33,34,35,36
8:11,0,104,10;21,20,19,18,26,34,42,50,58,57;65,66,67,59;82,81,80,72,64,56,48,49,41,33,25,17,9,10,11,12,13,14,22;45,46,47,55;60,68,76,77,85,86,87;30,29,28,27,35,43,51;79,71,63,62,54;40,32,24,16,8,0,1,2,3,4,5,6,7,15,23,31,39,38,37;36,44,52,53,61,69,70,78;73,74,75,83,84
8:11,0,105,8;9,10,11,12,13,14,15;63,71,79,87,86,85,84,83,82,81,73,65,57,56,48,40,32,24,16,8,0,1,2,3,4,5,6,7;53,61,69,68,67,59;19,20,21,22,23,31,39,47,55,54,62,70,78,77,76,75,74,66,58,50,49;34,35,36,37;80,72,64;26,27,28,29,30,38,46,45,44,52,60;51,43,42,41,33,25,17,18
8:12,0,106,9;33,25,17,9,10,11,19,20,21,13,5,6,7,15,23,31,39,47,46,45,53,61;38,37,36,44,52,60,68,67;41,42,34,26,18;73,81,82,83,84,85,86,78,79,71,63;94,95,87;35,43,51,50,49,48,40,32,24,16,8,0,1,2,3,4,12;59,58,57,56,64,72,80,88,89,90,91,92,93;27,28,29,30,22,14;55,54,62,70,69,77,76,75,74,66,65
8:12,0,107,9;62,54,46,38,30,22;86,85,93;45,53,52,51,59,67,68;92,84,83,82,81,73,65,57,49,41,33,25,17,9,10,11,12,20;36,44,43,42,50,58,66,74,75,76,77,78,79,87,95,94;60,61,69,70,71,63,55,47,39,31,23,15,14,13,21,29,37;28,27,35,34;26,18,19;91,90,89,88,80,72,64,56,48,40,32,24,16,8,0,1,2,3,4,5,6,7
8:12,0,108,11;26,27,28,29,30,31,39,47,46,45,44;23,15,7,6,5,4,3;32,40,41,42,43;49,48,56,64,72,80,88;92,93,85,86,78;14,13,12,11,10,2,1,0,8,16,24,25,33,34,35,36,37,38;22,21,20,19,18,17,9;66,74,82;59,51,52,53,54,55;84,76,77,69,70;94,95,87,79,71,63,62,61,60,68,67,75,83,91,90,89,81,73,65,57,58,50
8:12,0,109,11;4,5,6,7,15,23,22,21;65,73,81,82,83,84,85,93,94,95;57,56,64,72,80,88,89,90,91,92;67,68,60,52,44,43,42,41,40,32,24,16,8,0,1,2,3,11,12,13,14;17,25,33;34,26,27,28,29,30,31,39;20,19,18,10,9;54,62,70,78;48,49,50;86,87,79,71,63,55,47,46,45,53,61,69,77,76,75,74,66,58,59,51;35,36,37,38
8:12,0,110,10;78,70,62,54,53;91,92,93,94;16,8,0,1,2,3,4,5,6,7,15,23,31,39,47,55,63,71,79;84,83,82,90,89,88;18,19,27,28,36,44,52,60,61;66,58,50,42,43,35;95,87,86,85,77,69,68,67,59,51;81,80,72,64,56,48,40,32,24,25,17,9,10,11,12,13,14,22,30,38,46,45;76,75,74,73,65,57,49,41,33,34,26;20,21,29,37
8:13,0,111,9;39,47,55,63,71,79,87,86,94,93,92,91,90,89,81,80,72,64,56,48,40,32,24;82,83,84,85,77,78,70,62,54,53,45,37,29,21,22;58,50,42,34,26,18,10,9;69,68,76,75,74,73;95,103,102,101,100,99,98,97,96,88;46,38,30,31,23;2,1,0;61,60,52,44,36,28,20,12,13,14,15;7,6,5,4,3,11,19,27,35,43,51,59,67,66,65,57,49,41,33,25,17,16,8
8:13,0,112,10;24,25,17,9,1,2,3,4;102,103,95;32,40,48,56,64,72,80,88,96,97,98,90,82,74,66,58,50,51,52,44,36,28;61,53,45,37,29,21,13,5,6,7,15,23,31,39,47,55,63,71,79,78,77,85,93,101,100;92,84,76,68,69,70,62,54,46,38,30,22,14;0,8,16;87,86,94;99,91,83,75,67,59,60;12,11,10,18,26,34,33,41,49,57,65,73,81,89;42,43,35,27,19,20
8:13,0,113,10;60,68,67,75,74,73,65,57,49,50,42,43,35,36,37,45,46;55,47,39,31,23,22,21,20,19,18,17,25,24,32,40,48,56,64,72,80,88,96,97,98,90,91,92,93;94,86,85,84,83,82,81,89;99,100,101,102,103,95,87,79,71,63,62;44,52,51,59,58,66;38,30,29,28,27,26,34,33,41;76,77,78,70;54,53,61,69;7,15,14,13,12,11,10,9,8,16;6,5,4,3,2,1,0
8:13,0,114,10;54,62,70,78,86,94,93,92,91,90,89,88,80,72,64,56,48;34,42,50,58,59;29,37,38,39,47,55,63,71,79,87,95,103,102,101,100,99,98,97,96;74,75,76;46,45,44,36,28,20,21,22,14;60,68,67,66;13,12,11,19,18;8,0,1;33,25,26,27,35,43,51,52,53,61,69,77,85,84,83,82,81,73,65;57,49,41,40,32,24,16,17,9,10,2,3,4,5,6,7,15,23,31,30
8:13,0,115,8;41,42,50,51,59,67;56,64,72,80,88;15,7,6,5,4,3,2,1,0,8,16,24,32,40,48,49,57,58,66;68,60,52,44,43,35,34,33,25,17,9,10,11,12,13,14,22,23,31;19,20,21,29,30,38,46,54,62,70,78,86,85,84,83,91,90,89,81,73,65;82,74,75,76,77,69,61,53,45,37,36,28,27,26,18;39,47,55,63,71,79,87,95,103,102,101,100,99,98,97,96;92,93,94
8:14,0,116,12;55,63,71,79,78,86,85,93,92,91;52,51,43,42,41;37,29,21,13,12,11,3;77,76,84,83,82,90;46,47,39,31,23,15,7,6,5,4;66,58,59,60,61;20,28,27,26,25,17,9,8;65,57,49,50;38,30,22,14;19,18,10,2,1,0;87,95,94,102,101,100,99,98,97,89,81,73,74,75,67,68,69,70,62,54,53,45,44,36,35,34,33;16,24,32,40,48,56,64,72,80,88,96,104,105,106,107,108,109,110,111,103
8:14,0,117,12;38,46,45,44,52,51;21,13,5,6,7,15,23,31,39,47,55,54,53,61;62,63,71,79,87,95,103,111,110,109,108,107,106,105,104,96,88,80,81,82,83,84,76,68,60;9,17,25;3,11,19,27;26,18,10,2,1,0,8,16,24,32,40,48,56;77,85,93,92,91,90;69,70,78,86,94,102,101,100,99,98,97,89;14,22,30,29,37,36,35,43,42,50,58,66,65,64,72;57,49,41,33,34;73,74,75,67,59;28,20,12,4
8:14,0,118,12;31,39,47,55,63,62;34,26,18,10,2,3;83,75,67,59,60,52;70,71,79,87,86,94,102,110,109;111,103,95;45,44,36,28,20,12,4,5,6;11,19,27,35,43,51,50,49,57,65,73,81;78,77,85,93,101,100,108,107,106,105,97,89,90,82,74,66,58;42,41,33,25,17,9;104,96,88,80,72,64,56,48,40,32,24,16,8,0,1;14,13,21,29,37,38,46,54,53,61,69,68,76,84,92,91,99,98;7,15,23,22,30
8:14,0,119,12;78,79,71,63,55,47,39,31,23,15,7,6,5,4,3,2,1,0,8,16,24;38,46,54,62,70;91,83,84,85,86,87,95,103,111,110;49,50,58,66,74,73,81,89,97,105,106,107,108,109,101,102;18,19,20,21;68,69,61,53,45,44,36,28,27,26,25,17,9,10,11,12,13,14;22,30,29,37;52,51,43,42,41;94,93,92,100,99,98,90,82;57,65,64,72,80,88,96,104;35,34,33,32,40,48,56;77,76,75,67,59,60
8:14,0,120,11;57,65,73,81;21,29,28,27,26,18,10,2,1,0,8,16,24,32,40,41,42,50,58,66,74,82,90,89,97,105,104;37,36,35,34,33,25,17,9;76,68,60,52,44,45,46;49,48,56,64,72,80,88,96;38,30,22,14,13,12,20,19;11,3,4,5,6,7,15,23,31,39,47,55,63,71,79,87,95,103,102;54,53,61;99,91,83,75,67,59,51,43;62,70,69,77,85,84,92,100,108,107,106,98;78,86,94,93,101,109,110,111
9:10,0,121,8;0,9,18,27,36,45,54,63,72,81,82,83,84,85,86,87,88,89,80,71,62,53,44,35,26,17,8,7,6,15,14,13,12,21,30,39;69,78,77,76,75,74,73,64,55,46,37,28,19,10,1;34,33,42,51,60;48,49,40,31,22,23,24,25,16;5,4,3,2,11,20,29,38,47;43,52,61,70,79;57,58,59,50,41,32;68,67,66,65,56
9:10,0,122,8;41,50,59,58,67,66,65,64,63,72,81,82,83,84,85,86,87,78,79,70,61,52,43,34,25,16,7,8;22,21,20,11;88,89,80,71,62,53,44,35,26,17;39,38,29,28,19,10,1,2;40,49,48,47,46,37;57,56,55,54,45,36,27,18,9,0;3,12,13,14,23,32,31,30;4,5,6,15,24,33,42,51,60,69,68,77,76,75,74,73
9:10,0,123,10;69,68,67,66,75;43,34,25,16,15,14,13;70,79,78,77,76;53,44,35;32,31,30,29,20,11,2,3,4,5,6,7,8,17,26;82,81,72,63;9,18,27,36,45,46,47,48,49,58,59,60;65,56,57;12,21,22,23,24,33,42;0,1,10,19,28,37,38,39,40,41,50,51,52,61,62,71,80,89,88,87,86,85,84,83,74,73,64,55,54
9:10,0,124,9;65,74,75,76,77,78,79,70,61,52,43,34,33,24,15;17,8,7,6,5,14;47,48,49,40;9,0,1,2,3,4,13;58,59,50;20,21,22,23,32,41,42,51,60,69,68,67,66,57,56,55,64,73,82,83,84,85,86,87,88,89,80,71,62,53,44,35,26,25,16;39,38,37,46;31,30,29,28,27,36,45,54,63,72,81;18,19,10,11,12
9:10,0,125,8;6,15,24,33,42,51,50,49;8,7,16,25,34,43,52,61,70,69,68,67,66,65,56,47,38;21,30,29,28,27,36;10,11,12,13,22,31,40,39,48,57,58,59,60;37,46,55,64,73,74,75,76,77,78;17,26,35,44,53,62,71,80,89;20,19,18,9,0,1,2,3,4,5,14,23,32,41;79,88,87,86,85,84,83,82,81,72,63,54,45
9:11,0,126,9;89,98,97,96,95,94,93,92,91,90,81,72,63,54;60,59,68,67,66,65,64,73,82,83,84,85,86,87,88,79,80,71,62;58,57,56,55,46,45,36,27,28,19;10,11,12,13,14,23,24,33,42,41,40,39,30,29;7,16,25,34,43,52,51,50,49,48,47,38,37;74,75,76,77,78,69,70,61;15,6,5,4,3,2,1,0,9,18;53,44,35,26,17,8;20,21,22,31,32
9:11,0,127,9;44,53,52,61,70,79,88,87,86,85,84,83,82,73,64,55;57,58,59,68,69,78;67,66,65,56;60,51,50,49,40,39,38,29,20,21,22,23,24,25;74,75,76,77;41,42,43;62,71,80,89,98,97,96,95,94,93,92,91,90,81,72,63,54,45,46,47,48;36,27,18,9,0,1,2,3,4,5,6,7,8,17,26,35,34,33,32,31,30;16,15,14,13,12,11,10,19,28,37
9:11,0,128,11;93,92,91,90;76,75,74,73,64,55,46,45;20,21,22,31,40,49,50,51,52,61,70;30,39,48,57,58,59,60,69,78,79,88,97,96,95,94,85,84,83,82,81,72,63,54;29,28,19,10,11;56,65,66,67,68,77,86,87;98,89,80,71,62,53,44,35,34,33,24;4,5,6,15;47,38,37,36,27,18,9,0,1,2,3,12,13,14,23,32,41,42,43;17,26,25;16,7,8
9:11,0,129,11;48,57,56,55,64,63;59,60,51,42,33,24,23;66,65,74,73,72;5,6,7,8,17,26,35,44,53,62,61,70,79,88,87,86,85,84,83,82,81,90;9,0,1,2,3,4;68,67,58,49,40,31,22,13,14,15,16,25,34,43,52;54,45,36,27,18,19,10,11,12,21,30,39,38;32,41,50;47,46,37,28,29,20;71,80,89,98,97,96,95,94,93,92,91;69,78,77,76,75
9:11,0,130,10;74,75,76,77,78,79,80,71,62,53,44,35;10,11,20,29,30;57,56,55,54,63,72,81,90,91,92,93,94,95,96,97,98;16,15,24,23,22,21,12,3,2;14,13,4;27,36,45,46,47,48;49,50,41,42,43,52;1,0,9,18,19,28,37,38,39,40,31,32,33,34,25,26,17,8,7,6,5;58,59,60,51;61,70,69,68,67,66,65,64,73,82,83,84,85,86,87,88,89
9:12,0,131,9;74,75,66,67,68,59,60,61,62,53;70,69,78,77,76,85,84,83;71,80,79,88,87,86,95,94,93,92,91,82,73,64,65,56,47,48,39,40,41,42,51;44,35,26,17,8,7,6,5,4,3,2,1,0,9,18;45,36,27,28,19,10,11,12,13,14,15,16;20,21,22,23,24,25;57,58,49,50;106,107,98,89;52,43,34,33,32,31,30,29,38,37,46,55,54,63,72,81,90,99,100,101,102,103,104,105,96,97
9:12,0,132,11;14,13,12,11,10,19,28;98,97,88,79,70,69,68,67,66,65,56,47,48,49,40,41,32;17,16,15,24,23,22,21,20,29,38,37,46,55,64;53,62,71,80,89;107,106,105,96,87,78;50,51,42,33,34,25,26;73,82,91,92,93;35,44,43,52,61,60,59,58,57;31,30,39;94,85,84,83;8,7,6,5,4,3,2,1,0,9,18,27,36,45,54,63,72,81,90,99,100,101,102,103,104,95,86,77,76,75,74
9:12,0,133,11;107,106,97,88,79,70,61,52,43,34,33,24,15,16,17;18,27,28,29,38,39,40,41,42,51,60;37,36,45,54;0,1,2,11,12;30,31,32,23,14,5,6,7,8;3,4,13,22,21,20,19,10,9;59,50,49,48,47,46,55;63,64,73,82,91,92,93,94,95,86,77,76,75,66,57,56;25,26,35,44,53,62,71,80,89,98;85,84,83,74,65;58,67,68,69,78,87,96,105,104,103,102,101,100,99,90,81,72
9:12,0,134,11;1,2,11,12;55,54,63;72,73,64;10,9,0;91,92,93,84,75,66,67,58,49,40;47,46,45,36,27,18,19,20,21,22,23,24,33,34,35,26,17,8,7,6,5;3,4,13,14,15,16,25;86,87,78,69,60,61,62,53,44,43,42,41,32,31,30,29;52,51,50,59,68,77,76,85,94;105,106,107,98,89,80;71,70,79,88,97,96,95,104,103,102,101,100,99,90,81,82,83,74,65,56,57,48,39,38,37,28
9:12,0,135,10;79,88,97,96,95,86,77,68,59,50,41,32,23,24,25,16;38,29,20,19;33,42,51,60,61,62,53,44,35,26,17,8,7,6,5,4,3,2,11,10;87,78,69,70,71,80;1,0,9,18,27,36,45,54,63,72,81,90,99,100,101,92;34,43,52;91,82,83,74,65,56,47,48,39,30,21,12;28,37,46,55,64,73;102,93,84,75,66,57,58,49,40,31,22,13,14,15;89,98,107,106,105,104,103,94,85,76,67
9:13,0,136,12;25,34,43,52,61,70,69,68,59,50,41,32,31,30,39,48,47,56;89,88,87,86,85,76,67,66,65;77,78,79,80,71,62,53,44,35,26;60,51,42,33;7,6,5,4,3,2,1,0,9,18,27,36,45;28,19,10,11,12,13,14,15,16,17,8;100,101,92,83,74,75;84,93,94,95,96,97,98,107,116,115,114,113,112,111,110,109,108,99,90,81,72,63,54,55,46,37,38,29,20;106,105,104,103,102;40,49,58,57;64,73,82,91;24,23,22,21
9:13,0,137,12;107,98,89;75,66,57,48,39;0,9,10,19,20,21,22,23,32,41,50;116,115,106,97,88,79,80,71;18,27,36,45,54,63;82,91,92,93,102,103,104,95,86,77,76,67;62,53,44,35,26,17,8;72,73,64,55,46,37,28,29,30,31,40,49,58,59,68;11,12,13,14,15,24,33,42,51,60;108,109,110,111,112,113,114,105,96,87,78,69,70,61,52,43,34,25,16,7,6,5,4,3,2,1;94,85,84,83,74,65,56,47,38;81,90,99,100,101
9:13,0,138,11;34,35,26;103,112,111,110,109,108,99,90,81,72,63,54,45,36,27,18,9,0,1,2,3,4,5;107,98,89;113,104,95,94,85,84,75,66,57,48,39,40,31,22,13,14,15,6,7,8,17;116,115,106,97,88,79,80,71,62,53,44,43,42,33;68,59,60;16,25,24,23,32,41,50,49,58,67;114,105,96,87,78,69,70,61,52,51;10,11,12,21,30,29,38,47,56,65,74,83,92,93,102;101,100,91,82,73,64,55,46,37,28,19,20;76,77,86
9:13,0,139,12;82,81,72,63,54,45,36,27,18,9,0,1,2,3,4,13,22,23;104,103,94,85;20,29,38,39;108,109,100;83,92,91,90,99;111,112,113,114,105,96,95,86,77,76,75,74,73,64,55;15,24,33,32,31,30,21,12,11,10,19,28,37,46,47,56,65,66,67,58;84,93,102,101,110;115,116,107,98,89,80,79,70,61,52,43,34,25,16;71,62,53,44,35,26,17,8,7,6,5,14;57,48,49,40,41,42,51,60;106,97,88,87,78,69,68,59,50
9:13,0,140,9;84,75,66,65,56,55,54,45,36,27,18,9,0,1,2,3,4,5,6,7,8,17,26;58,49,40,39,38,29,20,21,22,23,24,33;30,31,32,41,42,43,52,53,62,71,80,89,98,107,106,105,104,103,102,101,100,91,82,73,64,63;77,68,59;111,110,109,108,99,90,81,72;116,115,114,113,112;61,70,79,88,97,96,95,94,93,92,83,74;57,48,47,46,37,28,19,10,11,12,13,14,15,16,25,34,35,44;50,51,60,69,78,87,86,85,76,67
9:14,0,141,11;116,125,124;35,34,33,24;115,114,113,112,111,110,109,100,91,82,73,64,55;74,83,92,101,102,103,104,105,106,107,98,89,80,71,62,61,60;123,122,121,120,119,118,117,108,99,90,81,72,63,54,45,46,37,28,19,10,11,12,13,14,15,16,25,26;78,87,86,85,76,75,66,65,56,47,38,29,20;36,27,18,9,0,1,2,3,4,5,6,7,8,17;53,52,51;77,68,67,58,57,48,39,30,21,22,23,32,41,42,43,44;84,93,94,95,96,97,88,79,70,69;59,50,49,40,31
9:14,0,142,12;109,100,91,82,83;68,77,86,95;104,105,96,87,78,79,70,71,62,53,44,43,34,25,16,15;112,113,114,115,106,97;80,89,88;35,26,17,8,7,6,5,4,3,12,21,30,39,48,57,66;94,103,102,111,120,121,122,123,124,125,116,107,98;23,24,33,42,51,52,61;74,75,76,67,58,49,40,31,22,13,14;10,19,28,37,46,55,64,73,72,81,90,99,108,117,118,119,110,101,92,93,84,85;32,41,50,59,60,69;65,56,47,38,29,20,11,2,1,0,9,18,27,36,45,54,63
9:14,0,143,12;6,5,14,23,32,31,30,21,20,11,10;114,105,104,103;102,93,94,95,96,97,106,115,124,123,122,121,120,119,118,117,108,99,90,81;55,64,65,74,75,76,77,78,79,80,71,62,53,52;113,112,111,110,109,100,91,82,73,72,63,54,45,36,27;48,49,58,59,60,51,42,43,44,35,26,25,16;17,8,7;34,33,24,15;37,46,47,56,57,66,67,68,69,70,61;50,41,40,39,38,29,28,19,18,9,0,1,2,3,12;101,92,83,84,85,86,87,88,89,98,107,116,125;4,13,22
9:14,0,144,13;2,1,0;7,6,5,14,23,32,31,40,39,48,57,56,65,74,75,84,85,86,87,96,97,106,115,114,113,112,121,120,119,118,117,108,99;58,49,50,41,42,33,24,15;13,22,21,30,29,38,47,46,55,64,63;76,67,66;88,79,78,77,68,59,60,51,52,43,34,25,16;105,104,95,94,93,92,83,82;122,123,124,125,116,107,98,89,80,71,62,53,44,35,26,17,8;37,28,19,20;111,110,109,100,91,90,81,72,73;69,70,61;101,102,103;4,3,12,11,10,9,18,27,36,45,54
9:14,0,145,9;95,86,77,78,69,60,59,50;68,67,58,49,40,31,30;56,55,64,73,82,91,100,109;98,89,80,71,62,53,44,35,26,25,16,15,14,13,12,11,10,19,28,37,46,47;76,75,84,93,102,111,120,121,122,123,124,125,116,107;85,94,103,112,113,114,115,106,97;43,34,33,24;104,105,96,87,88,79,70,61,52,51,42,41,32,23;22,21,20,29,38,39,48,57,66,65,74,83,92,101,110,119,118,117,108,99,90,81,72,63,54,45,36,27,18,9,0,1,2,3,4,5,6,7,8,17
9:15,0,146,12;27,18,9,0,1,2,3,4,5,6,7,8;55,46,47,38,29,20;102,103,94,95,96,87,78,69,60,51,42,43,34,25,24;119,120,121,122,113,104,105,106,97,88,79,70,61,52,53,44,35,26,17,16,15;66,75,74,83;62,71,80,89,98,107,116,125,134;114,115,124,133;31,40,49,58,67,76,85,84,93,92,101,110,111,112;86,77,68,59,50,41;108,99,90,81,72,63,54,45,36,37,28,19,10,11,12,13,14;33,32,23,22,21,30,39,48,57,56,65,64,73,82,91,100,109,118,117,126;123,132,131,130,129,128,127
9:15,0,147,13;33,32,41,50,49,48,47,46,45,54,63,72,73,74;20,21,22;62,71,80,89,98,107,116;101,110,109,108,117,126,127,128,129,130,121,112,103,94,85;16,15,14,13,12,11,10,19,28,29,30;65,66,67,68,69,78,87,96,105,114,123;133,132,131,122,113,104,95,86,77,76,75,84,83,82,81;52,53,44,35;134,125,124,115,106,97,88,79,70,61,60,51,42,43,34,25,24,23;64,55,56,57,58,59;26,17,8,7,6,5,4,3,2,1,0,9,18,27,36,37,38,39,40,31;91,92,93,102,111,120,119,118;100,99,90
9:15,0,148,13;47,56,57,58,59,60,61,70,79,88,87,96,105,114,113;94,85,84;111,102,93;109,118,127,128;126,117,108,99,90,81;92,83,74,75,76,77,86,95,104,103,112,121,122,123,124,115,106,97,98;14,5,4,3,12;107,116,125,134,133,132,131,130,129,120,119,110,101,100,91,82,73,72,63,54,45,36,27,18,9,0,1,2,11,20,29,38,39,48,49,50,51,42,43,44,35,26,17,8,7,6;21,30,31;13,22,23,24,15,16;78,69,68,67,66,65,64,55,46,37,28,19,10;25,34,33,32,41,40;89,80,71,62,53,52
9:15,0,149,14;111,112,103,94,85,76,77,68,59,50,41,32,33,24,15,14,13,12,11,20,19,28,37,36,45,54,63,72,81,90,99,108,117,126,127,128;27,18,9,10;0,1,2,3,4,5,6,7,16,25;8,17,26,35,34;96,105,106,115,124,123,122,121;114,113,104,95,86,87,78;39,48,57,56,65,74,83,92,91,100,109,118;82,73,64,55,46,47,38;43,52,61,70,79,88,97,98,107;29,30,21;23,22,31,40,49,58,67,66,75,84,93,102,101,110,119,120;129,130,131,132,133,134,125,116;89,80,71,62,53,44;42,51,60,69
9:15,0,150,11;12,13,22,31,40,41,50;125,124,123,122,121,120;61,70,79,88,97,96,95,86,77,68,67,66,57,56,47,38,29,20,11;134,133,132,131,130,129,128,127,126,117,108,99,90,81,72,63,54,45,36,27,18,9,0,1,2,3,4,5,6,7,8;44,43,34,25,24;65,74,75,76,85,94,103,104,105,106;119,118,109,100;10,19,28,37,46,55,64,73,82,83,84,93,102;35,26,17,16,15,14,23;87,78,69,60,59,58,49,48,39,30,21;32,33,42,51,52,53,62,71,80,89,98,107,116,115,114,113,112,111,110,101,92,91
