10,0,1,5,,44_0B:45_0B:54_0B:55_0B;84,85,86,87,88,78,68,58,48,38,28,18,17,16,15,14,13,12,22,32,42,41;83,82,92,91,90;0,10,20,30,40,50,51,52,53,43,33,23,24,25,26,27,37,47,57,67,77,76,75,74,73,72,71,81,80;31,21,11,1,2,3,4,5,6,7,8,9,19,29,39,49,59,69,79,89,99,98,97,96,95,94,93;70,60,61,62,63,64,65,66,56,46,36,35,34
10,0,2,6,,44_0B:45_0B:54_0B:55_0B;61,51,41,31,21,11,12,13,14,15,16,17,18,28,38,48,58;75,76,77,67;47,46,36,35,34,33,43,53,63,73,83,82,81;68,78,88,87,86,85,84,74,64,65,66,56,57;49,59,69,79,89,99,98,97,96,95,94,93,92,91,90,80;37,27,26,25,24,23,22,32,42,52,62,72,71,70,60,50,40,30,20,10,0,1,2,3,4,5,6,7,8,9,19,29,39
10,0,3,6,,44_0B:45_0B:54_0B:55_0B;14,13,23,33,43,42,52,62,72,73,74,75,76,77,67,57,47,37,27,26,16,6;34,24,25,15,5;32,22,12,2,3,4;17,18,28,38,48,58,68,78,88,87,86,85,84,83,82,81,71,61,51,41,31,21,11,1,0;35,36,46,56,66,65,64,63,53;7,8,9,19,29,39,49,59,69,79,89,99,98,97,96,95,94,93,92,91,90,80,70,60,50,40,30,20,10
10,0,4,6,,44_0B:45_0B:54_0B:55_0B;0,1,2,3,4,5,6,7,8,9,19,29,39,49,59,69,79,89,99,98,97,96;53,63,64,65,66,56,46,36,35,34,33,32;84,83,82,81,71,61,51,50,40,30;60,70,80,90,91,92,93,94,95,85,86,87,88,78,68,58,48,38,28,18,17,16,15,14,13,12,11,10;20,21,22,23,24,25,26,27,37,47,57,67,77,76,75,74,73,72,62,52;43,42,41,31
10,0,5,5,,44_0B:45_0B:54_0B:55_0B;63,53,43,33,34,24;82,81,71,61,51,41,31,21,11,12,13,14,15,16,17,18,28,38,48,58,68,78,88;87,86,96,95,94,84,74,64,65,66,56,46,36,35;85,75,76,77,67,57,47,37,27,26,25;23,22,32,42,52,62,72,73,83,93,92,91,90,80,70,60,50,40,30,20,10,0,1,2,3,4,5,6,7,8,9,19,29,39,49,59,69,79,89,99,98,97
10,0,6,5,,44_0B:45_0B:54_0B:55_0B;71,72,62,63,64,65,66,56,46,36,35,34,33,32,22;42,41,31,21,11,12,13,14,15,16,17,18,28,38,48,58,68,78,88;84,85,86,87,97,98,99,89,79,69,59,49,39,29,19,9,8,7,6,5,4,3,2,1,0,10,20,30,40,50,51,52,53,43;23,24,25,26,27,37,47,57,67,77,76,75,74,73,83,82,81;96,95,94,93,92,91,90,80,70,60,61
10,0,7,9,,44_0B:45_0B:54_0B:55_0B;18,28,38,48,58,68;4,3,2,1,0,10,20,30,40,41,51,61,71,81,91,92,93,94,95,96,97,98,99,89;31,21,11,12,13,14;50,60,70,80,90;75,76,77;73,63,53,43,33,34,35,36,46,56;15,25,24,23,22,32,42,52,62,72,82,83,84,85,86,87,88;78,79,69,59,49,39,29,19,9,8,7,17;5,6,16,26,27,37,47,57,67,66,65,64,74
10,0,8,7,,44_0B:45_0B:54_0B:55_0B;9,8,7,6,16;17,18,19,29,39,38,37;76,75,74,73,72,62,52,42,32,22;11,21,31,41,51,61,71,81,82,83,84,85,86,87,77,67,66,65,64,63,53,43,33,23,13;99,89,79,69,59,49,48,47,46,36,35,34,24,14,4,3,2,12;1,0,10,20,30,40,50,60,70,80,90,91,92,93,94,95,96,97,98,88,78,68,58,57,56;5,15,25,26,27,28
10,0,9,8,,44_0B:45_0B:54_0B:55_0B;81,82,72,73,63,53,43,33,34,24;75,76,77,67,57,47,37,27,26,25;94,95,96,97,98,99,89,79,69,59,49,39,29,19,9,8,7,6,5,4,3,2,1,0,10,20,30;60,50,40;61,71,70,80,90,91,92,93,83,84,74,64,65,66,56,46,36,35;62,52,51,41,31,21,11,12,13;14,15,16,17,18,28,38,48,58,68,78,88,87,86,85;42,32,22,23
10,0,10,7,,44_0B:45_0B:54_0B:55_0B;83,93,94,95,96,97,98,99,89,79,69,59,49,39,29,19,9,8;12,11,21,31,41,40;81,71,61,62,63,64,65,75,76,77,67,57,47,37,27,26,16,15,14,13,23,22;24,25,35,36,46,56,66;43,53,52,51,50,60,70,80,90,91,92,82,72,73,74,84,85,86,87,88,78,68,58,48,38,28,18,17,7,6,5;4,3,2,1,0,10,20,30;42,32,33,34
11,0,11,8,,48_0B:49_0B:50_0B:59_0B:60_0B:61_0B:70_0B:71_0B:72_0B;10,21,20,19,18,17,28,27,26,25,24,35,46,57,68,79,90,91;16,15,14,13,12,23,34,45,56,67,78,89,100,101,102,103,92,93;96,97,108;116,105,94,83,82,81,80,69,58,47,36,37,38,39,40,29;43,42,53,64,63,74,85,86,87,98,109,120,119,118,107;104,115,114,113,112,111,110,99,88,77,66,55,44,33,22,11,0,1,2,3,4,5,6,7,8,9;117,106,95,84,73,62,51,52,41,30,31,32;54,65,76,75
11,0,12,9,,48_0B:49_0B:50_0B:59_0B:60_0B:61_0B:70_0B:71_0B:72_0B;65,64,63,74,85,96,95,94,93,104,103,102,101,100;4,3,2,1,0,11,22,33,44,55,66,67;86,97,108,107,106,105,116,115,114,113,112,111,110,99,88,77,78,79,80,69,58,47,46,35,34;16,5,6,7,8,19,20,31,42,41,52,51,62,73,84,83,82,81,92,91,90,89;30,29,40,39,38,37,36,25,24;18,17,28,27,26,15,14,13,12,23;75,76,87,98,109,120,119,118,117;9,10,21,32,43,54,53;45,56,57,68
11,0,13,8,,48_0B:49_0B:50_0B:59_0B:60_0B:61_0B:70_0B:71_0B:72_0B;105,104,103,102,101,100;79,80,81,82;78,89,90,91,92,93,94,95,96,85,74,63,52,41,30,29,18;118,119,120,109,98,87,76,65,54,43,32,21,10,9;15,14,13,12,23,34,45,56,67;38,37,36,47,58,69,68;83,84,73,62,51,40,39,28,17,6,7,8,19,20,31,42,53,64,75,86,97,108,107,106,117,116,115,114,113,112,111,110,99,88,77,66,55,44,33,22,11,0,1,2,3,4;57,46,35,24,25,26,27,16,5
11,0,14,6,,48_0B:49_0B:50_0B:59_0B:60_0B:61_0B:70_0B:71_0B:72_0B;27,26,37,36,47,58,69,80,81,82,83;12,23,34,35,46,57,68,79,90,91,92,93,94,95,84,73,62,51,40,39,38;25,24,13,2,1,0,11,22,33,44,55,66,77,88,99,110,111,112,113,114,115,116,117,118,119,120,109,98,87,76,65,54,43,32,21,10,9,8,7;16,15,14;96,85,74,63,52,41,30,29,28,17,6,5,4,3;45,56,67,78,89,100,101,102,103,104,105,106,107,108,97,86,75,64,53,42,31,20,19,18
11,0,15,5,,48_0B:49_0B:50_0B:59_0B:60_0B:61_0B:70_0B:71_0B:72_0B;10,9,8,7,18,29,28,39,38,37,36,47,58,69,80,81,82,83,84,73,62,51,52;15,14,13,12,23,34,45,56,67,78,89,100,101,102,103,104,105,106,107,108,97,86,75;30,41,40;6,5,4,3,2,1,0,11,22,33,44,55,66,77,88,99,110,111,112,113,114,115,116,117,118,119,120,109,98,87,76,65,54,43,32,21,20,19;17,16,27,26,25,24,35,46,57,68,79,90,91,92,93,94,95,96,85,74,63,64,53,42,31
11,0,16,6,,48_0B:49_0B:50_0B:59_0B:60_0B:61_0B:70_0B:71_0B:72_0B;30,29,28,27,26,25,24,35,46,57,68,79,90,91,92,93;86,75,74,63,52,41,42,31,20,19,18,17,16,15,14,13,12,23,34,45,56,67,78,89,100,101,102,103;53,54,43,32,21,10,9,8,7,6,5,4,3,2,1,0,11,22,33,44,55,66,77,88,99,110,111,112,113,114,115,116,117,106,95;104,105,94,83,82;81,80,69,58,47,36,37,38,39,40,51,62,73,84,85,96,107,118,119,120,109;108,97,98,87,76,65,64
11,0,17,7,,48_0B:49_0B:50_0B:59_0B:60_0B:61_0B:70_0B:71_0B:72_0B;106,117,118,119,120,109,98,87,76,65,54,43,32,21,10;42,31,30,19,18,17,16,15,14,13,12,23,34,45,56,67,78,89;107,108,97,86,75,64,53,52;104,93,82,83,84,73,62,51;20,9,8,7,6,5,4,3,2,1,0,11,22,33,44,55,66,77,88,99,110,111,112,113,102,91,80,69,58,47,36,37,38,39;81,92,103,114,115,116,105,94,95,96,85,74,63;41,40,29,28,27,26,25,24,35,46,57,68,79,90,101,100
11,0,18,7,,48_0B:49_0B:50_0B:59_0B:60_0B:61_0B:70_0B:71_0B:72_0B;56,57,68;79,90,91,92,81,82,83,84,73,62,51,40,39,38,37,36,35,24;80,69,58,47,46,45,44,55;66,77,88,99,110,111,112,113,114,115;93,94,95,96,85,74,63,52,41,30,29,28,27,26,25;116,117,118,119,120,109,98,87,76,65,54,43,32,21,10,9,8,7,6,5,4,3,2,1,0,11,22,33,34;67,78,89,100,101,102,103,104,105,106,107,108,97,86,75,64,53,42,31,20,19,18,17,16,15,14,13,12,23
11,0,19,9,,48_0B:49_0B:50_0B:59_0B:60_0B:61_0B:70_0B:71_0B:72_0B;54,65,64;109,120,119,118,117,116,115,114,113,112,111,110,99,88,77,66,55,44,33;69,68,67;22,23,12,13,14,25,26,27,28,29,30,41,52,63,74,75,76;90,91,92,93,94,95,96,85,86;46,35,24;5,6,7,8,9,10,21,32,43;87,98,97,108,107,106,105,104,103,102,101,100,89,78,79,80,81,82,83,84,73,62,51,40,39,38,37,36,47,58,57,56,45,34;11,0,1,2,3,4,15,16,17,18,19,20,31,42,53
11,0,20,6,,48_0B:49_0B:50_0B:59_0B:60_0B:61_0B:70_0B:71_0B:72_0B;3,4,15,16,27,38,37;5,6,17,28,39,40,51,62,73,84,83,82,81,80,69,58;26,25,14,13,2,1,0,11,22,33,44,55,56,67,78,89,100,101,102,103,104,105,106,107,108,97,86,75,64,53,42,31,20,19,8;24,35,36,47;12,23,34,45,46,57,68,79,90,91,92,93,94,95,96,85,74,63,52,41,30,29,18,7;9,10,21,32,43,54,65,76,87,98,109,120,119,118,117,116,115,114,113,112,111,110,99,88,77,66
12,0,21,8,,65_0B:66_0B:77_0B:78_0B;97,109,121,122,123,124,125,126,127,128,129,130,118,106,94,82,70,58,46,34,22,21;68,56,44,43,42,41,29,28,16,4,3,2,14,26,38;0,12,24,36,48,60,72,84,96,108,120,132,133,134,135,136,137,138,139,140,141,142,143,131,119,107,95,83,71,59,47,35,23,11,10,9,8;15,27,39,40,52,53,54,55;62,74,75,87,99,100,101,102,103,104,92,80,81,69,57,45,33,32,20,19,7,6;31,30,18,17,5;93,105,117,116,115,114,113,112,111,110,98,86,85,73,61,49,37,25,13,1;50,51,63,64,76,88,89,90,91,79,67
12,0,22,10,,65_0B:66_0B:77_0B:78_0B;84,72,73,61,62;104,92,80,68,56,44,45,46,34,22,21,20,19,18,30,42;54,53,41,29,17,16,15,14,13,12,24,36,48,60;121,109,110,111,112,100,101,89,90,91,79,67,55,43,31,32,33;28,27,26,25,37,49,50,51;102,114,113,125,124,123,122;0,1,2,3,4,5,6,7,8,9,10,11,23,35,47,59,71,83,95,107,119,131,143,142,141,140,139;103,115,116,117,105,93,81,69,57,58;76,88,87,99,98;70,82,94,106,118,130,129,128,127,126,138,137,136,135,134,133,132,120,108,96,97,85,86,74,75,63,64,52,40,39,38
12,0,23,9,,65_0B:66_0B:77_0B:78_0B;30,29,17;41,40,39,51,63,75,87,99,100,112,113,114,102,90,91,79;116,128,129,130,118,106,94,82,70,69,57,56,55;111,110,98,86,74,62,50,38,26,27,28,16,4,5,6,18;47,35,23,11,10,9,8,7,19,31,43,42,54,53,52,64,76,88,89,101;3,15,14,13,25,37,49,61,73,85,97,109,121,122,123,124,125,126,127,115,103,104,92,80,68,67;117,105,93,81;44,32,20,21,22,34;2,1,0,12,24,36,48,60,72,84,96,108,120,132,133,134,135,136,137,138,139,140,141,142,143,131,119,107,95,83,71,59,58,46,45,33
12,0,24,7,,65_0B:66_0B:77_0B:78_0B;132,120,108,96,84,72,73,61,62,50,38,26,27,28,29,30,31,32,33,34,46,58,70,82,94,106,118,130,129,128,116,115;123,111,99,87,88,76,64,52,53,54;36,24,12,0,1,2,3,4,5,6,7,8,9,10,11;98,110,122,134,135,136,124,112,100,101,89,90,91,79,67;55,56,68,80,92,104,103,102,114,113,125,137,138;60,48,49,37,25,13,14,15,16,17,18,19,20,21,22,23,35,47,59,71,83,95,107,119,131,143,142,141,140,139,127,126;117,105,93,81,69,57,45,44,43,42,41,40,39,51,63,75,74,86,85,97,109,121,133
12,0,25,8,,65_0B:66_0B:77_0B:78_0B;26,27,28,29,41,53,54,55,67,79,91,90,89,88,87,86;36,24,12,0,1,2,3,4,5,6,7,19,20,21,22,34,46,58,70,82,94,106,118,130,129,128,127,126,125,124,123,111,99,100,101,102,103,104,92,80,68,56,44,43,42;109,108,96,84,72;60,61,62,63,51,39;8,9,10,11,23,35,47,59,71,83,95,107,119,131,143,142,141,140,139,138,137,136,135,134,133;40,52,64,76,75,74,73,85,97,98,110,122,121,120,132;37,25,13,14,15,16,17,18,30,31,32,33,45,57,69,81,93,105,117,116,115,114,113,112;48,49,50,38
12,0,26,9,,65_0B:66_0B:77_0B:78_0B;37,49,61,73,85,97,109,121,122,123,124,125,126,127,128,116,117;107,119,131,143,142;38,50,62,63,75,87,99,100,101,102,90,91,92,104,105,106,118,130,129,141,140,139,138,137,136,135,134,133,132,120,108,96,84,72,60,48,36,24,12,0;20,21,22,34,46,47,59,71,83,95,94,93;25,26,14,15,16,17,18,19,31,32,33,45,57,58,70,82,81,80,79,67,55,54,53,41,40,39,51;89,88,76,64,52;103,115,114,113,112,111,110,98,86,74;35,23,11,10,9,8,7,6,5,4,3,2,1,13;27,28,29,30,42,43,44,56,68,69
12,0,27,10,,65_0B:66_0B:77_0B:78_0B;132,120,108,109,97,98,99;16,28,40,39;133,121,122,110,111,112,113,114,102,103,91,79,67,55,54,42,30,31,32,33,45,57,69,81,93,105,117,129,141,142,143,131,119,107,95,83,71,59,47,35,23,11,10,9,8,7,6,5,4,3,15,27;130,118,106,94,82,70,58,46,34,22,21,20,19,18,17,29,41,53,52,64,76;100,88,87,75,63,51,50,38,26,14,2,1;134,135,123,124,125,126,127,115,116,104,92,80,68,56,44,43;96,84,85,86,74,62,61,49,37,25,13;0,12,24,36,48,60,72,73;128,140,139,138,137,136;101,89,90
12,0,28,6,,65_0B:66_0B:77_0B:78_0B;82,81,80,92,104,103,102,101,100,99,87,75,63,51,39,40,28,16,17;27,15,14,13,25,37,49,61,73,85,97,109,121,122,123,124,125,126,127,128,129,130,118,106,94,95,83,71,59,47,35,23,11,10,9;26,38,50,62,74,86,98,110,111,112,113,114,115,116,117,105,93;44,43,31,19,7,8;107,119,131,143,142,141,140,139,138,137,136,135,134,133,132,120,108,96,84,72,60,48,36,24,12,0,1,2,3,4,5,6,18,30,42,54,55,56,57,45,33,32,20;21,22,34,46,58,70,69,68,67,79,91,90,89,88,76,64,52,53,41,29
12,0,29,8,,65_0B:66_0B:77_0B:78_0B;113,112,111,110,98,86,74,62,50,38,26,27,28,29,30,31,32,20,21,22;79,80,92,104,105,106;70,58,46;45,33,34,35,47,59,71,83;118,117,116,115,103,91,90,89,88,76,64,52,53,54,55,67,68,69,81,82;93,94,95,107,119,131,143,142,141,140,139,138,137,136,135,134,133,132,120,108,96,84,72,60,48,36,24,12,0,1,2,3,4,5,6;130,129,128,127,126,125,124,123,122,121,109,97,85,73,61,49,37,25,13,14,15,16,17,18,19,7,8,9,10,11,23;57,56,44,43,42,41,40,39,51,63,75,87,99,100,101,102,114
12,0,30,8,,65_0B:66_0B:77_0B:78_0B;63,51,39,40,41,42,43,55,67,79,91,90,102,101,113;122,110,98,99,87,75,76,64,52,53,54;50,38,26,27,28,29,30,31,32,33,45,57,69,81,93,105,117,116;44,56,68,80,92,104,103,115,114,126,125,124;86,74,62,61,49,37,25,13,14,15,16,17,18,19,20,21,22,34,46,58,70,82,94,106,118,130,129,128,127,139,138,137,136;121,109,97,85,73;72,84,96,108,120,132,133,134,135,123,111,112,100,88,89;60,48,36,24,12,0,1,2,3,4,5,6,7,8,9,10,11,23,35,47,59,71,83,95,107,119,131,143,142,141,140
