10:11+B,0,1,8,,0:1:2:3:6:7:8:9:60:69:70:79:80:89:90:91:98:99:100:101:102:103:106:107:108:109;56,46,45,44,54,64,74,75;4,14,24,25,26,27,28,38,48;5,15,16,17,18,19,29,39,49,59,58,57,47,37,36,35,34,33,23,13,12,11;105,104,94,93,92,82,81,71,61,51,41,31,21;63,53,43,42,32,22;77,76,86,85,84,83,73,72,62,52;55,65,66,67,68,78,88,87,97,96,95;10,20,30,40,50
10:13+B,0,2,8,,0:1:8:9:10:11:12:17:18:19:20:21:22:27:28:29:70:79:80:81:88:89:90:91:98:99:100:101:108:109:110:111:114:115:118:119:120:121:123:124:125:126:128:129;113,103,104,105,106,107,97,87,77,78,68,69,59,49,39,38,37,36,35,25,24,14,4,5,6,7;58,48,47,46,45,44,34,33,23,13,3,2;127,117,116;67,57,56,55,54,53,43,42,32,31;30,40,41,51,52,62,63,64,65,75,85,84,83,82;74,73,72,71,61,60,50;122,112,102,92,93,94,95,96,86,76,66;26,16,15
10:14+B,0,3,8,,0:1:2:4:5:7:8:9:10:19:20:29:30:39:40:41:44:45:48:49:50:54:55:59:60:64:65:69:90:99:100:102:107:109:110:111:112:117:118:119:120:121:122:127:128:129:130:131:132:137:138:139;22,23,24,14,15,16,6;25,35,34,33,43,53,63,62;70,80,81,82,83,84,94,104,114,124;67,77,87,97,96,106,116,126,136;17,18,28,38,37,47,57,58,68,78;3,13,12,11,21,31,32,42,52,51,61,71,72,73,74,75;101,91,92,93,103,113,123,133,134,135,125,115,105,95,85,86,76,66,56,46,36,26,27;108,98,88,89,79
10:14+B,0,4,7,,0:1:2:7:8:9:10:11:18:19:20:21:28:29:30:39:40:49:60:64:65:69:70:74:75:79:80:89:90:99:100:109:110:111:118:119:120:121:122:127:128:129:130:131:132:133:136:137:138:139;59,58,68,78,88,98,108,107,117,116,126;95,94,84,83,73,63,53,54,44,34,35,25,26;50,51,41,31,32,22,12,13,3,4,5,6;135,134,124,114,104,103,93,92,82,72;38,48,47,57,67,77,87,97,96,106,105,115,125;45,46,36,37,27,17,16,15,14,24,23,33,43,42,52,62,61,71,81,91,101,102,112,113,123;85,86,76,66,56,55
10:15+B,0,5,9,,0:9:34:35:40:44:45:49:50:51:58:59:60:61:64:65:68:69:70:74:75:79:80:81:84:85:88:89:90:91:98:99:100:101:104:105:108:109:110:114:115:119:120:124:125:129:130:134:135:139:140:141:143:144:145:146:148:149;142,132,133;32,33,43,53,54,55,56,66,76,86,87,97,107;122,123,113,103,93,94,95,96,106,116,117,118,128,138,137,147;46,36,26,25,24,23,22,21,11,1,2,3,4,5,6,7,8,18,28;131,121,111,112,102,92,82,72,71;83,73,63,62,52,42,41,31,30,20,10;19,29,39,38,48,47,57,67,77,78;127,126,136;12,13,14,15,16,17,27,37
10:13+B,0,6,9,,0:3:4:5:6:9:14:15:20:29:30:39:40:49:50:59:60:69:70:79:80:89:90:99:104:105:114:115:121:122:123:124:125:126:127:128;1,11,10;17,16,26,25,24,23,13,12,2;7,8,18,19;120,110,100,101,91,81,71,61,51,41,31,21,22;109,108,107,97,87,86,76;111,112,113,103,93,83,73,63,53,43,44,45,46,47,48,38;98,88,78,77,67,66,65,75,85;102,92,82,72,62,52,42,32,33,34,35,36,37,27,28;129,119,118,117,116,106,96,95,94,84,74,64,54,55,56,57,58,68
10:13+B,0,7,9,,0:1:4:5:8:9:10:11:14:15:18:19:20:29:30:39:40:49:50:54:55:59:60:69:70:79:80:89:120:123:124:125:126:129;110,100,90,91,92,82,83,84,74,75,76,86,96,106,105,104,114,113,112;17,27,28,38,48,58,68,78,88,98,99,109,119;7,6,16,26,25,24,34,44,43,53;36,37,47,57,67,77,87,97,107,108,118;35,45,46,56,66,65,64,63,62,61,51,41,31,21,22,12,2,3;128,127,117,116,115;52,42,32,33,23,13;81,71,72,73;122,121,111,101,102,103,93,94,95,85
12+B,0,8,9,,0:1:4:5:6:7:10:11:12:17:18:23:24:25:29:30:34:35:36:37:41:42:46:47:48:49:58:59:60:61:70:71:72:73:82:83:84:95:120:131:132:133:137:138:142:143;8,9,21,22;33,45,57,69,81,80,79,78,77,89;13,14,26,27;118,130,129,141,140,139;110,98,99,87,75,63,51,52,53,54,55,43,31;104,103,115,114,113,112,111,123;96,97,85,86,74,62,50,38,39,40,28,16,15,3,2;19,20,32,44,56,68,67,66,65,64,76,88,100,101,102,90,91,92,93,94;119,107,106,105,117,116,128,127,126,125,124,136,135,134,122,121,109,108
12+B,0,9,9,,0:1:2:5:6:9:10:11:12:13:22:23:25:34:72:83:84:95:96:101:102:107:108:112:113:114:115:119:120:123:124:125:126:127:128:131:132:135:136:137:138:139:140:143;130,118,106,94,82,81,69,68,67,55,43,42,30,29;4,3,15,14,26,38,39,40,41,53,54,66,78,79,80,92,93,105,117,129,141,142;71,70,58,46,45,33,21,20,8,7;24,36,37,49,50,51,52;59,47,35;134,122,110,111,99,100,88,76,75,74,73,85;57,56,44,32,31,19,18,17,16,28,27;48,60,61,62,63,64,65,77,89,90,91,103,104,116;87,86,98,97,109,121,133
12:13+B,0,10,9,,0:1:4:5:6:7:10:11:12:17:18:23:24:35:36:47:60:71:72:73:82:83:84:85:94:95:96:97:106:107:108:119:120:121:130:131:132:133:134:137:138:141:142:143:144:145:146:147:149:150:152:153:154:155;101,100,112,124,125,126,127,115,116;113,114,102,103,104,105,93,81,80,79,78,77,76,64,52,40,39,27,26;33,32,44,43,42,41,53,65,66,67,68,69,70,58,59;148,136,135,123,122,110,109;54,55,56,57,45,46,34,22,21;3,2,14,13,25,37,38,50,51,63,75,87,88,89,90,91,92;15,16,28,29,30,31,19,20,8,9;48,49,61,62,74,86,98,99,111;151,139,140,128,129,117,118
12:16+B,0,11,9,,0:1:2:3:5:6:8:9:10:11:12:13:22:23:24:25:34:35:36:37:46:47:48:49:53:54:58:59:60:61:62:65:66:69:70:71:72:73:74:77:78:81:82:83:84:85:86:93:94:95:96:97:101:102:106:107:108:113:114:119:120:125:126:131:132:137:138:143:144:155:156:161:162:167:168:171:172:173:174:175:176:179:183:184:185:186:187:188;141,129,128,116,104,92,80,68,56,57,45,33,21,20,19,7;191,190,178,166,154,153,152,140,139,127,115,103,91,90,89,88,100,112,124,136,135,134,133,121,109,110,98;189,177,165,164,163,151,150,149,148,147,146,145,157,169;29,28,27,39,51,63,75,87,99,111,123,122;160,159,158,170,182,181,180;4,16,17,18,30,31,32,44;105,117,118,130,142;15,14,26,38,50;79,67,55,43,42,41,40,52,64,76
10:15+B,0,12,8,,0:1:8:9:10:11:18:19:20:29:30:31:38:39:40:41:48:49:50:51:58:59:60:64:65:69:70:74:75:79:80:84:85:89:90:94:95:99:104:105:130:139:140:149;61,71,81,91,101,100,110,120;108,118,117,127,137,136,135,134,133,132,122,112,102,92,82,72,62,52,42,32,22,21;12,2,3,4,5,6,7,17,27,28;98,88,78,68,67,57,47,46,45,35;37,36,26,16,15,14,13,23,33,43,53,63,73,83,93,103,113,123,124,125,126;25,24,34,44,54,55,56,66,76,77,87,97,107;114,115,116,106,96,86;109,119,129,128,138,148,147,146,145,144,143,142,141,131,121,111
12:13+B,0,13,9,,0:4:5:6:7:11:12:16:17:18:19:23:24:29:30:35:36:47:48:59:96:97:106:107:108:109:118:119:120:121:130:131:132:133:134:135:140:141:142:143:144:145:146:147:152:153:154:155;73,74,75,76,88,89,90,91,103,115;77,78,79,80,92,104,116,128,127,139,138,137,125,113;87,99,111,123,124,136,148,149,150,151;81,69,68,67,66,65,64,63,62,50,38,26,14;129,117,105,93,94,95,83,71;112,100,101,102,114,126;82,70,58,57,56,55,54,53,52,51,39;31,32,33,21;20,8,9,10,22,34,46,45,44,43,42,41,40,28,27,15,3,2,1,13,25,37,49,61,60,72,84,85,86,98,110,122
12:14+B,0,14,9,,0:1:2:3:8:9:10:11:12:13:14:21:22:23:24:25:26:33:34:35:36:37:38:45:46:47:48:49:58:59:60:61:70:71:72:73:82:83:84:95:96:107:125:126:132:137:138:143:149:150:156:159:160:161:162:163:164:167;116,128,140,141,142,154,155;54,66,78,79,91,92,93,94,106,118;42,41,53,65,77,76;17,18,30,31,43,55,67,68,80;108,120,121,133,134,146,147,148,136,124,112,111,99,98,86,74,62,50,51,39,27,15,16,4,5,6,7,19,20,32,44,56,57,69,81;29,28,40,52,64,63,75,87,88,100,101,113,114,115,127,139,151,152,153,165,166;135,123,122,110,109,97,85;119,131,130,129,117,105,104,103,102,90,89;158,157,145,144
12:14+B,0,15,7,,0:1:2:5:6:9:10:11:12:23:24:29:30:35:36:47:65:66:72:77:78:83:89:90:96:100:101:102:103:107:112:113:114:115:124:125:126:127:135:136:137:138:139:140:147:148:149:150:151:152:159:160:161:162:163:164;84,85,73,61,62,50,38,26,27,28,16,17,18,19,31,32,33,45,57,69,70,82;154,142,130,129,117,105,93,81,80,68,56,44,43,42,41,40,39,51,63,75,74,86,98,110;7,8,20,21,22,34,46,58,59,71;95,94,106,118,119,131,143,155,167,166,165,153,141;60,48,49,37,25,13,14,15,3,4;128,116,104,92,91,79,67,55,54,53,52,64,76,88,87,99,111,123,122,134,146,158,157,156,144,132,120,108,109,97;121,133,145
12:14+B,0,16,9,,1:2:3:4:5:6:7:8:9:10:14:15:16:17:18:19:20:21:28:29:30:31:41:42:60:71:72:73:82:83:84:95:96:107:113:114:120:131:132:143:144:145:146:153:154:155:156:157:158:160:163:165:166:167;54,53,52,40,39,27,26,25,13,12,0;48,49,61,62,74,86,85,97;142,130,129,117,105,104,92,91,90;150,138,137,136,135,134,133,121,109,108;164,152,151,139,127,126,125,124,123,122,110,98,99,87,75,63,51,50,38,37,36,24;22,34,33,32,44,43,55,67,66,65,64,76,88,100,112,111;162,161,149,148,147,159;59,58,70,69,81,93,94,106,118,119;141,140,128,116,115,103,102,101,89,77,78,79,80,68,56,57,45,46,47,35,23,11
12:13+B,0,17,9,,0:3:5:6:8:11:12:23:41:42:53:54:60:65:66:71:72:77:78:83:84:89:90:95:96:107:108:119:120:131:132:133:142:143:144:145:149:150:154:155;30,31,43,55,67,79,91,103,115,127,139,151,152,153,141,129,130,118,106,94,82,70,58,59,47,35;140,128,116,117,105,93,81,69,57,45,46,34,22,10;1,13,25,24,36,48,49,61,73,85,97,109,121,122,134,146,147,148,136,137,138,126,114,102,101,100,88,76,64,52,40,28,29,17,18;113,112,111,110,98,86,74,62,50,38,37;7,19,20,32,44,56,68,80,92,104;125,124,123,135;15,16,4;2,14,26,27,39,51,63,75,87,99;9,21,33
12:15+B,0,18,9,,0:1:4:5:6:7:10:11:12:13:17:18:22:23:24:29:30:35:36:41:42:47:48:53:54:59:60:65:66:71:72:77:78:83:84:89:90:95:101:102:113:114:137:138:149:150:156:160:161:162:163:167:168:169:171:172:173:174:175:176:178:179;177,165,166;170,158,157,145,144,132,120,108,96,97,85,73,61,49,37,25,26,14;129,128,116,104,92,80,68,56,55,43,31,19,20;159,147,146,134,133,121,109;8,9,21,33,34,46,58,70,82,94,106,107,119,131,143,155,154,153,152,164;151,139,140,141,142,130,118,117,105,93,81,69,57,45,44,32;100,88,76,64,52,40,28,16;38,50,62,74,86,98,110,122,123,135,136,148;2,3,15,27,39,51,63,75,87,99,111,112,124,125,126,127,115,103,91,79,67
12:15+B,0,19,9,,0:2:3:4:5:6:7:8:9:11:15:16:17:18:19:20:27:28:29:30:31:32:40:41:42:43:53:54:64:65:66:67:84:95:96:107:108:119:120:131:132:137:138:143:144:149:150:155:156:161:162:167:168:169:172:173:174:175:178:179;1,13,12,24,36,48,60,72,73,85,97,109,121,133,145,157,158;55,56,68,80,79,78,77,76,88,100,112,124,125,126,127,139,151,163,164,176,177;44,45,57;10,22,23,35,47,59,71,83,82,94,106,118,130,142,154,166,165;52,51,63,75,87,99,111,123,135,136,148,160,159,171,170;14,26,25,37,49,61,62,74,86,98,110,122,134,146,147;152,153,141,129,117,105,104,103,102;50,38,39;21,33,34,46,58,70,69,81,93,92,91,90,89,101,113,114,115,116,128,140
12:15+B,0,20,9,,0:1:3:4:5:6:7:8:10:11:12:17:18:23:24:28:29:30:31:35:36:41:42:47:48:59:60:71:72:83:84:95:96:97:106:107:108:109:118:119:120:121:130:131:132:133:142:143:144:145:154:155:156:161:162:167:173:174;112,111,110,98,86,85,73,61,49,37,25,13;153,141,129,128;19,20,32,33,45,57,69,81,80,92,104,103,102,114,126,138,137,136,135,147,159,158,157;16,15,27,39,40,52,53,65;2,14,26,38,50,62,74,75,87,88,89,90,91,79,67,68,56,44;168,169,170,171,172,160,148,149,150,151,163,175,176,177;9,21,22,34,46,58,70,82,94,93,105,117,116,115,127,139,140,152,164,165,166,178,179;99,100,101,113,125,124,123,122,134,146;51,63,64,76,77,78,66,54,55,43
12:14+B,0,21,9,,0:1:2:3:5:6:8:9:10:11:12:13:17:18:22:23:24:29:30:35:48:59:60:71:96:107:108:113:114:119:120:125:126:131:132:143:144:155:156:157:161:162:166:167;4,16,15,14,26,25,37,36;84,72,73,61,49;160,159,158,146,145,133,121,109,97,85,86,74,62,50,38,39;27,28,40,41,42,43,31,19,7;83,95,94,106,118,130,142,154,153,165,164,163,151,150,149,148,147,135,134,122,110,98,99,87,75,63,51,52,53,54,55,56,44,32,20,21;111,123,124,136,137,138,139,127,115,103,102,101,89,77,78,79,80;34,33,45,57,69,68,67,66,65,64,76,88,100,112;152,140,128,116,104,92,91,90;47,46,58,70,82,81,93,105,117,129,141
12:16+B,0,22,9,,0:1:4:5:6:7:10:11:12:16:17:18:19:23:24:35:36:47:48:59:60:71:72:73:82:83:84:85:94:95:96:97:101:102:106:107:108:109:113:114:118:119:125:126:160:161:162:163:170:171:172:173:174:175:176:177:180:182:183:184:185:186:187:188:189:191;25,37,49,61,62,74,86,98,110,122,121,120,132,144,156,168,169,181;153,152,151,150,149,148,147,159,158,157,145,133;164,165,166,154,142,141,140,128,116,117,105,93,81,69,70,58,46,34,22,21,9;78,66,65,53,52,40,39,38,26,14,13;2,3,15,27,28,29,30,31,43,44;50,51,63,75,87,88,100,112,124,136,137,138,139,127,115,103,104,92,80,68,56,57,45,33,32,20,8;146,134,135,123,111,99;41,42,54,55,67,79,91,90,89,77,76,64;190,178,179,167,155,143,131,130,129
12:15+B,0,23,9,,0:4:5:6:7:11:16:17:18:19:24:35:36:47:60:71:72:83:84:95:96:107:108:113:114:119:120:121:125:126:130:131:132:133:142:143:144:145:149:150:154:155:156:157:166:167:168:169:173:174:178:179;48,49,37,25;23,22,10,9,8,20,32,31,30,29,28,27,15,3,2,1;105,93,81,80,68,56,55,54,53,52,51,50,62,61,73,85,97,109,110,111,123,135,147,148;172,171,170;59,58,46,34,33,21;122,134,146,158,159,160,161,162,163,151,139,138,137,136,124,112,100,101,89;99,87,88,76,77,78,90,102,103,115,127,128,140,152,164;12,13,14,26,38,39,40,41,42,43,44,45,57,69,70,82,94,106,118,117,129,141,153,165,177,176,175;98,86,74,75,63,64,65,66,67,79,91,92,104,116
12:15+B,0,24,9,,0:1:2:5:6:9:10:11:12:13:17:18:22:23:24:25:29:30:34:35:36:47:48:49:58:59:60:61:70:71:72:83:84:95:96:107:125:126:149:150:156:157:166:167:168:169:173:174:178:179;26,38,37;7,8,20,21,33,45,46;133,121,122,110,98,86,87,75,63,64,52,53,54,66,78,90,89,101,113,112,124;130,129,117,105,93,92,80,68,67,55,43,42,41,40,28,16,4,3;159,147,148,136,137,138,139,127,115,114,102;79,91,103,104,116,128,140,141,142;134,135,123,111,99,100,88,76,77,65;164,152,151;14,15,27,39,51,50,62,74,73,85,97,109,108,120,132,144,145,146,158,170,171,172,160,161,162,163,175,176,177,165,153,154,155,143,131,119,118,106,94,82,81,69,57,56,44,32,31,19
12:15+B,0,25,9,,0:1:2:9:10:11:12:13:22:23:24:25:29:30:34:35:37:41:42:46:84:95:96:107:108:119:120:125:126:131:137:138:149:150:156:161:162:167:168:169:170:171:173:174:176:177:178:179;39,27,28,16,17,18,19,31,43,55,67,79,80,81,69,70,71,83;155,143,142,130,118,106,94,82;36,48,49,61,62,74,75,76,88,100,99,111;68,56,44,32,20,8,7,6,5,4,3,15,14,26,38,50,51,63,64,65,77,89,101,102,103,104,116,128,140,152,164,165,166,154;175,163,151,139,127,115,114,113,112,124,136,148,147,146,134,133,121,109,97,85,73,72,60;47,59,58,57,45,33,21;87,86,98,110,122,123,135;153,141,129,117,105,93,92,91,90,78,66,54,53,52,40;172,160,159,158,157,145,144,132
12:15+B,0,26,10,,0:2:3:4:5:6:7:8:9:11:16:17:18:19:48:59:60:65:66:71:72:76:77:78:79:83:84:89:90:95:101:102:156:157:158:165:166:167:168:169:170:171:176:177:178:179;118,117,129,128,127,126,138,137,149,148,147,146,145,144,132,120,121,122,123;133,134,135,136,124,125,113,114,115,116,104,105,93,81,69,57,56;159,160,172,173,174,175,163,164,152,153,154,155,143,131,119,107,106,94,82,70,58,46,45,44,32,31,30,29,28,27,15,14;96,108,109,110,111,112,100,88;34,33,21,20;47,35,23,22,10;1,13,25,26,38,39,40,41,42,43,55,67,68,80,92,91,103;130,142,141,140,139,151,150,162,161;12,24,36,37,49,61,73,85,97,98,99,87,75,63,64;86,74,62,50,51,52,53,54
12:16+B,0,27,10,,0:1:3:5:6:8:10:11:12:13:17:18:22:23:24:25:34:35:36:37:41:42:46:47:48:49:53:54:58:59:60:61:65:66:70:71:72:77:78:83:125:126:137:138:149:150:161:162:173:174:180:181:185:186:190:191;170,158,157,145,133,121,122,123,124,112,113,114,115,127,128,140,152,164,176;7,19,20,32,44,43,55,67;179,167,155,143,131,119,107,95,94,82,81,69;31,30,29,28,40,52,64,76,88,89,90,91,92,93,105,106,118,130,142,154,166,178,177,189,188,187,175,163,151,139;2,14,26,38,50,62,74,73,85,84;4,16,15,27,39,51,63,75,87,86,98,97,96,108,120,132,144,156,168,169;9,21,33,45,57,56,68,80,79;134,146,147,159,171;135,136,148,160,172,184,183,182;109,110,111,99,100,101,102,103,104,116,117,129,141,153,165
12:16+B,0,28,10,,0:1:2:9:10:11:12:13:14:21:22:23:24:25:29:30:34:35:36:47:48:59:60:71:77:78:96:107:108:109:113:114:118:119:120:131:132:143:144:155:156:167:168:179:180:181:183:184:185:186:187:188:190:191;43,31,19,18,17,16,28,40,41;39,51,52,53,54,42;165,164,176,175,174,173,172,171,159,158,146,134;137,136,124,112,111,110,98,97,85,84,72;50,62,63,64,65,66,67,55,56,44,45,46;149,150,138,139,140,128,129,130,142,154,166,178,177,189;83,95,94,106,105,117,116,115,127,126,125;141,153,152,151,163,162,161,160,148,147,135,123,122,121,133,145,157,169,170,182;33,32,20,8,7,6,5,4,3,15,27,26,38,37,49,61,73,74,75,76,88,89,90,91,79,80,68,69;57,58,70,82,81,93,92,104,103,102,101,100,99,87,86
12:16+B,0,29,10,,0:1:2:9:10:11:12:13:14:21:22:23:24:25:26:33:34:35:36:37:46:47:48:49:58:59:72:83:84:95:108:119:120:125:126:131:132:133:137:138:142:143:144:149:150:155:156:167:180:185:186:191;55,43,31,19;181,182,170,171,159,147,135,123,111,110,98,86,87,88,76,64,65,53,41,29;165,166,154;96,97,85,73,74,75,63,51,52,40,28,16,17,18,30,42,54,66,78,77,89,101,100,99;45,57,69,81,80,92,104,103,115,127,139,151,152,153,141,129,130,118,106,107;145,157,169,168;109,121,122,134,146,158;190,189,188,187,175,174,173,172,184,183;179,178,177,176,164,163,162,161,160,148,136,124,112,113,114,102,90,91,79,67,68,56,44,32,20,8,7,6,5,4,3,15,27,39,38,50,62,61,60;71,70,82,94,93,105,117,116,128,140
12:16+B,0,30,10,,3:4:5:6:7:8:16:17:18:19:29:30:48:59:60:65:66:71:77:78:96:107:108:119:120:125:126:131:132:137:138:143:144:155:161:162:172:173:174:175:180:181:182:184:185:186:187:189:190:191;94,106,118,130;117,105,93,81,69,57,45,33,34,22;124,112,100,88,76,64,52,53,54,55,67,79;28,27,15,14,2,1,0,12,24,36,37,49,61,73,74,86,98,110,122,134,146,147,159,160;178,177,165,153,152,140,139,127,115,114,113,101,89,90,91,92,80,68,56,44,32,20,21,9,10,11,23,35,47,46,58,70,82,83,95;31,43,42,41,40,39,51,63,75,87,99,111,123,135,136,148,149,150,151,163,164,176,188;169,168,156;72,84,85,97,109,121,133,145,157,158,170,171,183;62,50,38,26,25,13;179,167,166,154,142,141,129,128,116,104,103,102
