8:10,0,1,8;32,40,48,56,64,72;69,77,78,79,71,63,55,47,39,31,23,22;9,17,18,26,34,33,41,49,57,65,73,74;15,14,13,12,20,28,36,44,52,51,59,67;3,4,5,6,7;21,29,30,38,46,54,62,70;37,45,53,61,60,68,76,75;66,58,50,42,43,35,27,19,11,10,2,1,0,8,16,24,25
8:10,0,2,6;14,13,12,11,10,9,17,25;58,59,60,61;43,42,41,40,48,56,64,72,73;18,26,27,28,29,37,45,53;76,77,78,79,71,63,55,47,39,31,23,15,7,6,5,4,3,2,1,0,8,16,24,32,33,34,35,36,44,52,51,50,49,57,65,66,74;75,67,68,69,70,62,54,46,38,30,22,21,20,19
8:10,0,3,10;51,52,44;30,22,14;43,42,34,26,18,10,11,3;67,59,58,50;5,6,7,15,23,31,39,47,55,63,71,79,78,77,76,75,74,66,65,57,49,41,33,25,17,9,1,2;0,8,16,24,32,40,48,56,64,72,73;60,68,69,70,62,54,46,38,37,29,21,13;61,53,45;35,27,19;36,28,20,12,4
8:10,0,4,8;21,29,37,45,53,61,60,59,58;19,18,26,34;15,7,6,5,4,3,2,1,0,8,16,24,32;31,30,38,46,54,62,70,69,68,67,66,65;20,12,11,10,9,17,25,33,41,40,48,56,64,72,73,74,75,76,77,78,79,71,63,55,47,39;23,22,14,13;42,43,35,27,28;36,44,52,51,50,49,57
8:10,0,5,9;54,62,70,78,77,76,68,60,52,51,50,49;58,59,67,75;20,19,18;66,74,73,72,64;6,5,4,3,2,1,0,8,16,24,32,33,34,35,36,37,38,46;21,22,23;65,57,56,48,40,41,42,43,44;45,53,61,69;79,71,63,55,47,39,31,30,29,28,27,26,25,17,9,10,11,12,13,14,15,7
8:10,0,6,7;79,71,63,55,47,39,31,23,15,7,6,5,4,3,2,10,9,17,25,33,41,49,57,65,66,67,68,69;53,52,51,43,35,27,28;78,77,76,75,74,73,72,64,56,48,40,32,24,16,8,0,1;54,46,38,30,22,14,13,12;11,19,20,21,29,37;45,44,36;18,26,34,42,50,58,59,60,61,62,70
8:10,0,7,9;23,15,14,13,21;73,74,75,76,77,78,79,71,63,55,47,39,31;49,50,42,43,35,36;7,6,5,4,12,11,10,18,17,25;9,8,16,24,32,40,48,56,57,58,59,60,61,53,45,37,29,28;72,64,65,66,67,68,69,70,62,54,46,38,30,22;20,19,27,26,34,33,41;51,52,44;0,1,2,3
8:10,0,8,8;55,47,39,31,23,15,7,6,5,4,3,2,1,0,8;56,64,72,73,74,75,76,77;25,33,32,40,48,49,57,65,66;71,63,62,54,53,45,44,36,28,27,19,18,17,16,24;41,42,50,58,59,67,68;46,38,30,22,14,13,12,11,10,9;37,29,21,20;26,34,35,43,51,52,60,61,69,70,78,79
8:10,0,9,9;73,72,64;28,36,44,52,60,61;0,1,2,3,4,5,6,7,15,23,31,39,47,55,63,71,79,78,77;13,14,22;56,57,65,66,74,75,76;40,32,24,16,8,9,10,11,12,20,21,29,37,45,53,54,62;26,34,42,50,58;70,69,68,67,59,51,43,35,27,19,18,17,25,33,41,49,48;30,38,46
8:10,0,10,7;77,78,79,71;24,16,8,0;70,69,68,76,75,74,73,72,64,56,48,40,32,33,34,35,27,19,18;21,29,37,45,53;58,50,51,52,44,36,28,20,12,11,10;26,25,17,9,1,2,3,4,5,6,7,15,23,31,39,47,55,63;13,14,22,30,38,46,54,62,61,60,59,67,66,65,57,49,41,42,43
8:10,0,11,10;58,59,60;38,30,22,14,13,5,4,3,2,1,0,8;76,68,67,66,65,57,49,41,40,32,24,16;70,62,54,46,45,37,29,21,20,19,18,17,9;25,26,27,28;51,52,53,61,69,77,78,79,71,63,55,47,39,31,23,15,7,6;33,34,35,36;48,56,64,72,73,74,75;12,11,10;44,43,42,50
8:10,0,12,9;75,67,68,69,70,71,63,55,47,39,31,23,15,7,6,5,4,3,2,1,0,8;76,77,78,79;52,53,45,46,38,30,22,21,20,19,18,26,25,33,41,42,43;40,48,56,57,65;37,36,44;14,13,12,11,10,9,17,16,24,32;29,28,27,35,34;54,62,61,60,59,58,66,74,73,72,64;51,50,49
8:10,0,13,7;73,72,64,56,48,40,32,24,16,8,9,10,11,12,13;55,54,53,45,44,43,35,27,28,29,30,22,14;51,52,60,61,62,63;79,71,70,69,68,67,59,58,50,42,34,26,18,19,20,21;17,25,33,41,49,57,65,66,74,75,76,77,78;0,1,2,3,4,5,6,7,15,23,31,39;47,46,38,37,36
8:10,0,14,7;37,36,28;62,70,69,68,67,66,65,64,56,48,40;26,18,10,11,12,13,14,22;25,17,9,1,2,3,4,5,6,7,15,23,31,39,47,55,63,71,79,78,77,76,75,74,73,72;45,44,43,42,41,33,32,24,16,8,0;34,35,27,19,20,21,29,30,38,46,54,53,61,60,59,58,57,49;50,51,52
8:10,0,15,8;52,44,45,46,38,39;19,11,12,13,14;9,1,0;70,62,63,55,47;22,21,20,28,27,26,34,42,50,58,66,67,68,69,77,78,79,71;76,75,74,73,72,64,56,48,40,32,24,16,8;2,10,18,17,25,33,41,49,57,65;54,53,61,60,59,51,43,35,36,37,29,30,31,23,15,7,6,5,4,3
8:10,0,16,9;76,77,78,79,71,63,55,47,39,31,23,15,7,6,5,13,21,20,19,18,17,25,33,41,49,48,56,64,72;4,3,2,1,0,8,16,24,32,40;50,42,34,26,27,28,29,37;66,58,59;35,36,44,45,46,54,62;43,51,52,53,61,69,70;38,30,22,14;12,11,10,9;57,65,73,74,75,67,68,60
8:10,0,17,9;79,71,63,55,47,46,45,44,43,42,34,26,18;28,29,30,22,14,6,5,4,12,11,10,9,17,25,33,41,49,50,51,52,53,54;64,56,57,58,59,60,61;13,21,20;76,75,74,73,72;77,69,68,67,66,65;48,40,32,24,16,8,0,1,2,3;62,70,78;19,27,35,36,37,38,39,31,23,15,7
8:10,0,18,10;41,49,50;19,18,17;29,28,20,12,11,10,9;52,44,43,42,34,33,32,40,48,56,64,72,73,74,75,76;77,78,79,71,63,55,47;21,13,14;65,66,67,68,69,70,62,54,46;51,59,58,57;39,38,30,22;31,23,15,7,6,5,4,3,2,1,0,8,16,24,25,26,27,35,36,37,45,53,61,60
8:10,0,19,9;67,68,69,70;7,15,23,31,39,47,55,63,71,79,78,77,76,75,74,73,72,64,56,57,49,41,33,25,17,9,10,11,12,4;5,13,21,20,19,27,35,43;46,54,62,61,60,59,58,66,65;18,26,34,42,50,51,52,53,45,37,38,30;48,40,32;24,16,8,0,1,2,3;29,28,36,44;6,14,22
8:10,0,20,9;9,10,11,12,20,21,29,37,45,53,52,51,50,49,48,56,64,65,66;79,78,77,69,61,60;72,73,74,75,76;68,67,59,58,57;34,35,27,19,18,17,16;40,32,24,25,26;28,36,44,43,42,41,33;63,55,47,39,31,23,15,7,6;8,0,1,2,3,4,5,13,14,22,30,38,46,54,62,70,71
8:10,0,21,9;11,19,18,26,34,42,43,51,59,60,61,69,70,78,79;71,63,55,47,39,31,23,15;45,46,38,30,22,14,6,7;33,32,24,16,8,0,1;5,13,21,29,37,36,44,52,53,54,62;77,76,75,74,73,72,64;35,27,28,20,12,4,3,2,10,9,17,25;68,67,66,58,50,49,41,40;48,56,57,65
8:10,0,22,7;27,19,20,21,22,23,15,7,6,5,4,3,2,1,0,8;50,58,59,60,61,53,54,46,38,37;51,52,44,45;18,26,25,33,41,49,57,65,66,67,68,69,70,62;35,36,28,29,30,31,39,47,55,63,71,79,78,77,76,75,74,73,72,64,56,48;43,42,34;40,32,24,16,17,9,10,11,12,13,14
8:10,0,23,8;38,37,29,21;25,33,41,49,57,65,66,67,68,69,70,62;60,59,58,50,42,34,26,18,17,16,8,0,1;4,3,2,10,9;36,28,20,12,13,5,6,7,15,23,31,39,47;30,22,14;61,53,52,51;24,32,40,48,56,64,72,73,74,75,76,77,78,79,71,63,55,54,46,45,44,43,35,27,19,11
8:10,0,24,7;79,71,63,55,47,39,31,23,15,7,6,5,4,3,2,10,18;26,34,35,43,51;24,16,8;11,12,20,21,29,37,45,53,61,69,68,67,66,65,57,49,48,40,32;60,59,58,50,42,41,33,25,17,9,1,0;52,44,36,28,27,19;13,14,22,30,38,46,54,62,70,78,77,76,75,74,73,72,64,56
8:10,0,25,8;67,68,60,52,44,45,37,29,21;0,1,9,17,25,26,27,19,11,3,4,5,6,7,15,23,31,39,47,55,63,62,70,69,77,76,75,74,66,58,59,51,43;78,79,71;33,34,35,36,28,20,12,13,14,22,30,38,46,54,53,61;64,56,48,40,41,42;32,24,16,8;50,49,57,65,73,72;2,10,18
8:10,0,26,9;45,53,52,60,68,67,66,65;12,20,28;59,58,57,49,48,40,32,33,25,26,18;56,64,72,73,74,75,76,77,78,79,71,63,55,47,39,31;70,69,61;24,16,17,9,10;50,51,43,44,36,37,29,21,13,14;41,42,34,35,27,19,11,3,4,5,6,7,15,23,22,30,38,46,54,62;2,1,0,8
8:10,0,27,7;61,60,52,51,43,42,34,26,18,10,11,12,13,14;62,63,55,47,39,31,23,15,7,6,5,4,3,2,1,9,17,25,33,41,49,57,65,73;30,22,21,20,19,27,35,36,44,45;28,29,37,38,46,54,53;50,58,66,74,75,76,77,78;79,71,70,69,68,67,59;0,8,16,24,32,40,48,56,64,72
8:10,0,28,7;6,14,13,12,11,10,18,26,34,42,41,49,57,65,66,67,68,69,70,62,54,46,38,37,36,44,52;50,58,59;51,43,35,27,19,20,21,22,23,15,7;28,29,30,31,39,47,55,63,71,79,78,77,76,75,74,73,72,64,56,48,40;5,4,3,2,1,0,8,16,24,32;60,61,53,45;33,25,17,9
8:10,0,29,9;1,9,17,18;32,40,48,56,64,72,73,74,66,67,68,69,70,62,63,55,47,39;25,24,16,8,0;13,12,20,28,36,35,43,42,41,49;65,57,58,50,51,52,44,45,37,29,21;31,23,15,7,6,5,4,3;14,22,30,38,46,54,53,61,60,59;71,79,78,77,76,75;2,10,11,19,27,26,34,33
8:10,0,30,8;9,17,25,33,41,49,57,65,66,67,75,76,77,78,70,62,61,53,52,44,36,28;69,68,60,59,58,50,42,34,26,18,10;11,19,27,35,43,51;45,37,29,21,20,12;79,71,63,55,47,39,31,30,22,14,13,5,4;38,46,54;23,15,7,6;3,2,1,0,8,16,24,32,40,48,56,64,72,73,74
9:11,0,31,10;27,18,9,0,1,2,3,4,5,6,7;65,74,73,72,81,90,91,92,93,94,95,96,97,98,89,80,71,62,53,44,35,26;8,17,16;56,57,66,67,68,59,50,41;38,39,30,21,12,13,14,15,24,25,34,43,52,61,70,79,88,87,86,85;40,31,22;19,10,11;58,49,48,47,46,55,64,63;20,29,28,37,36,45,54;23,32,33,42,51,60,69,78,77,76,75,84,83,82
9:11,0,32,9;33,32,31;37,46,55,64,65,66,67,68,59,50,51,52,61,70,79,88,87,86,85,84,83,92;23,22,13,12;60,69,78,77,76,75,74,73,82,91,90;3,4,5,6,7,8;0,9,18,27,36,45,54,63,72,81;48,39,30,21,20,11,2;1,10,19,28,29,38,47,56,57,58,49,40,41,42,43,34,25,24,15,14;93,94,95,96,97,98,89,80,71,62,53,44,35,26,17,16
9:11,0,33,11;46,37,38,39,30,31,32,33,24,15,14,13,12,11,10,1;47,48,49,58,59,68,69,78,87,88;52,43,42;63,72,81,90,91;57,66,67,76,77,86,95,96,97,98,89,80,71,62,53,44;35,34,25,16;23,22,21,20,19,18,9,0;29,28,27,36,45,54,55,64,73,82,83,92,93,94,85;79,70,61,60,51,50,41,40;56,65,74,75,84;2,3,4,5,6,7,8,17,26
9:11,0,34,11;84,83,82,73,64,55,46,47,38,39;14,23,24;29,20,21;41,40,49,48,57,66,67,68,69,70,79,88,87;30,31,32,33,42;60,61,52,43,34,25,16,15,6,5,4,3,2,11,10,19,28,37;12,13,22;78,77,86,95,94,93,92,91,90,81,72,63,54,45,36,27,18,9,0,1;56,65,74,75,76,85;7,8,17,26,35,44,53,62,71,80,89,98,97,96;51,50,59,58
9:11,0,35,10;96,87,88,79,70;44,35,26,17,16,15,24,33,42,41,40,39,38,37,46,55,64,73,82,91,92;14,23,32,31,30,29,28;90,81,72,63,54,45,36,27,18,9,0,1,2,3,4,5,6,7,8;19,10,11,12,13;59,58,57,66,75;61,60,51,50,49,48,47,56,65,74,83,84,93,94,95,86,77;78,69,68,67,76,85;22,21,20;97,98,89,80,71,62,53,52,43,34,25
9:11,0,36,10;48,47,46,45,54,63,72,81,82,83,84,75,76,77,78,79,88,89;56,55,64;38,37,36,27,18,9,0,1,2,3,4,5,6,7,8,17,26,35,44,53;29,28,19,10;85,86,87;73,74,65,66,67,68,59,50,41,32,31;20,11,12,13,14,15,16,25,34,43,52,61,62;21,30,39,40,49,58,57;80,71,70,69,60,51,42,33,24,23,22;98,97,96,95,94,93,92,91,90
9:11,0,37,10;75,74,73,64,63;54,55,56,65,66,67,76;88,87,78,69,60,51,42,33,24,23,22,21;72,81,90,91,92,93,94,85,86,77,68,59,50,41,32,31,30,29,20,11,12,13,14,15,16,25,34,43,52,61,70,79,80;27,36,45,46,47,48,57;95,96,97,98,89;82,83,84;18,9,0,1;71,62,53,44,35,26,17,8,7,6,5,4,3,2;10,19,28,37,38,39,40,49,58
9:11,0,38,9;40,49,48,47,46;93,84,75,74;78,79,70,61,52,43,34,25,16,15,14,13,12,11;9,10,19,20,21,22,23,24,33,42,51,60,69;92,83,82,73,64,55,56,57,58,59,50,41,32,31,30,39,38;98,97,96,95,94,85,76;29,28,37;65,66,67,68,77,86,87,88,89,80,71,62,53,44,35,26,17,8,7,6,5,4,3,2,1,0;18,27,36,45,54,63,72,81,90,91
9:11,0,39,9;79,78,77,76,75,74,65,56,47,38,29,20,11,12,13,14,15,24,33,32;70,69,68,67,58,49,40,39,30,21;51,52,53,44,35,26,17,8,7,6;23,22,31;66,57,48;5,4,3,2,1,0;34,25,16;88,87,86,85,84,83,82,73,64,55,46,37,28,19,10,9;18,27,36,45,54,63,72,81,90,91,92,93,94,95,96,97,98,89,80,71,62,61,60,59,50,41,42,43
9:11,0,40,11;39,40,41;30,31,32,33,42,43;34,25,24,23,22,21,20,29,38,47,48,49;56,57,58,59,68,69,70,71;16,15,14,13,12,11,10,19,28,37,46,55,64,65,74,75;50,51,52;66,67,76;26,17,8,7,6,5,4,3,2,1,0,9,18,27,36,45,54,63,72,81,90,91,92,93,94,95,96,87,88;73,82,83,84;60,61,62,53,44,35;85,86,77,78,79,80,89,98,97
9:11,0,41,11;58,49,48,47,56,55;44,43,34;21,12,3,2,1,0,9,18,27,36,45,54,63,72,81,90,91,92,93,94,95,96,97,98,89,80,71,62,61;10,19,28,37,46;78,77,86,85,84,83,82,73,64,65,66,57;68,67,76,75,74;16,25,24,33,32,31,30,29,20,11;87,88,79,70,69,60,59,50,41,40,39,38;35,26,17,8,7,6,5,4,13,22;53,52,51,42;15,14,23
9:11,0,42,8;37,28,29,20,21,12,13,14,15,16,25,34,43,52,61,70,79,78,87,86;45,36,27,18,19,10,11;59,58,67,66,75,74;73,64,65,56,57,48,49,40;90,91,92,93,94,95,96,97,88;98,89,80,71,62,53,44,35,26,17,8,7,6,5,4,3,2,1,0,9;54,55,46,47,38,39,30,31,22,23,24,33,42;63,72,81,82,83,84,85,76,77,68,69,60,51,50,41,32
9:11,0,43,10;91,82,73,64,55,56,47,38,39,40,41,42,43,52,61,60,59,68,77,78,87,88;51,50,49,48;69,70,71,62,53,44,35,26,17,8,7,6,5,4,3,2,1,0,9,18;67,76,85,86;83,74,65;58,57,66,75,84;24,23,22,21,20,29;30,31,32,33,34,25,16,15,14,13,12,11,10,19,28,27,36;79,80,89,98,97,96,95,94,93,92;90,81,72,63,54,45,46,37
9:11,0,44,11;4,5,14,15,16,25,34,43;33,24,23,22,21,20,29,38,47,56,57,66;32,41,40;3,2,1,0,9,18,27,36,45,54,63,72,81,90,91,92,93,94,95,96;31,30,39,48,49,58;65,74,75,76,67;88,79,70,61,52;87,78,69,60;97,98,89,80,71,62,53,44,35,26,17,8,7,6;42,51,50,59;68,77,86,85,84,83,82,73,64,55,46,37,28,19,10,11,12,13
9:11,0,45,10;9,0,1,2,3,4,5,6,7,8;64,55,46,37,28,29,30,31,32,41,50,59,60,61;98,97,96,95,94,93,92,91,90,81;10,11,12,13,14,15,16,17;80,89,88,87,86,85,84,83,74;66,65,56,47,38,39,40,49;69,68,67,58,57,48;51,42,33;44,35,26,25,24,23,22,21,20,19,18,27,36,45,54,63,72,73,82;34,43,52,53,62,71,70,79,78,77,76,75
9:11,0,46,9;90,91,92,93,94,95,96,97,98,89,80;16,25,24,33,42,51,50,59,68,67,66,65,56,47,48;57,58,49,40,31,22,13,14,15;60,61,52,43,34;69,78,77,76,75,74,73,64,55,46,37,38,39;1,0,9,18,27,36,45,54,63,72,81,82,83,84,85,86,87,88,79,70,71;20,21,12;62,53,44,35,26,17,8,7,6,5,4,3,2,11,10,19,28,29,30;41,32,23
9:11,0,47,8;4,3,2,1,0;45,36,27,18,9,10,11,12,13,14,5,6,7,16,25,34,33,32,31,30,29,38,47,56,65,64,73,82,83;97,98,89,80,71,62,53,52,43,42,41,40,39,48,57,66,75,74;59,68,69,70,79,88,87,96,95,94,93;15,24,23,22,21,20,19,28,37,46,55,54,63,72,81,90,91,92;78,77,86;8,17,26,35,44;84,85,76,67,58,49,50,51,60,61
9:11,0,48,11;77,76,67,58,49,40,31,22,21,12,11,10,19,28,37,38,47;83,82,81;72,73,74;20,29,30,39,48,57;15,24,23,32,41,50,59,68;98,97,96,95,94;75,66,65,56,55,46,45,36,27,18,9,0,1,2,3,4,13,14;64,63,54;90,91,92,93,84,85,86,87,88,89,80,71,62,53,44,35,26,17,8,7,6,5;78,79,70,61,52,43;16,25,34,33,42,51,60,69
9:11,0,49,10;42,43,52,61,70,79,88;64,73,74,75,76,77,68,59,50,41,32,33,34,25,16,15,6,5;51,60,69,78,87,86,85,84,83;90,81,72,63,54,55,56,65,66,67;49,40,31,22,13,4,3;11,10,19,28,37,38,39,30;14,23,24;7,8,17,26,35,44,53,62,71,80,89,98,97,96,95,94,93,92,91,82;58,57,48,47,46,45,36,27,18,9,0,1,2;12,21,20,29
9:11,0,50,10;24,23,32;4,5,6,7,8,17,26,35,44,43;88,87,86,85,84,83,92,91,90,81,72,63,54,45,46;29,20,21,22,31,40,41,42,33;79,78,77,76,75,74,73,82;11,10,19,28;80,71,62,61,60,59,58,57,56,47,38,37,36,27,18,9,0,1,2,3,12,13,14,15,16,25,34;93,94,95,96,97,98,89;70,69,68,67,66,65,64,55;30,39,48,49,50,51,52,53
9:11,0,51,10;12,21,20,29,38,39;65,74,83,92,93,94;95,86,87,88,79,70,61,52,43,34,25;85,84,75,66,67,68,59,50,49,48,47;16,15,14,23,32,41,40;11,10,19,28,37,46,55,64,73,82,91;96,97,98,89,80,71,62,53,44,35,26,17,8,7,6,5,4,3,2,1,0,9,18,27,36,45,54,63,72,81,90;56,57,58;30,31,22,13;76,77,78,69,60,51,42,33,24
9:11,0,52,10;16,25,34,43,52,61,70,79,88,87,86;77,78,69,60,51,42,33,24,15,14,13,22;29,38,39,40,41;73,74,75;23,32,31,30,21,20,19,28,37,46;82,83,84;93,92,91,90,81,72,63;12,11,10,9,18,27,36,45,54,55,64,65,66,57;0,1,2,3,4,5,6,7,8,17,26,35,44,53,62,71,80,89,98,97,96,95,94,85,76,67,58;68,59,50,49,48,47,56
9:11,0,53,9;63,64,65,66;54,55,56,57;29,28,19;42,33,24,23,22,21,20;82,83,84,85,86,87,88,79,70,61,62,53,44,35,26,17,8,7,6,5,4,3,2,1,0,9;18,27,36,37,38,39,30,31,32,41,50,59;71,80,89,98,97,96,95,94,93,92,91,90,81,72,73,74,75,76,77,78;40,49,58,67,68,69,60,51,52,43,34,25,16,15,14,13,12,11,10;48,47,46,45
9:11,0,54,9;82,73,72,63,54,45,36,27,18,9,0,1,2,3,4,5,6,7,8,17,26,35;16,15,14,13,12,11,10,19,28,37,46,55,64,65;31,30,39,48,49,58;87,96,97,98,89,80,71,62,53,44,43,34,25,24;88,79,70,61,60,59,68,67,66,75,74,83,92,91,90,81;52,51,42,33,32,23,22,21,20,29,38,47,56,57;69,78,77,76,85,84,93;86,95,94;40,41,50
9:11,0,55,11;50,51,42,33;90,91,92,83,74,65,56,47,46,37,28,19,10,11;75,84,93,94,95,96,97,98,89,80,71,62,61,52,43,34,25,24,23,32,41;79,88,87,86,85,76;30,31,22,13,14,15,16,17,26,35,44,53;55,64,73;78,77,68,67,66,57,48,39,38,29,20;40,49,58,59,60,69,70;9,18,27,36,45,54,63,72,81,82;4,5,6,7,8;21,12,3,2,1,0
9:11,0,56,10;42,51,60,59,68,67,66,65,74;30,21,12,11;24,33,32,41,50,49,58,57,56,55,64,63,72,81,90,91,92,93,94,85;10,19,20,29,38;28,37,46,47,48,39,40,31,22,13,4,3,2;5,6,7,8,17;1,0,9,18,27,36,45,54;87,88,79;23,14,15,16,25,26,35,44,53,62,71,80,89,98,97,96,95,86;73,82,83,84,75,76,77,78,69,70,61,52,43,34
9:11,0,57,8;95,96,97,98,89;38,29,20,11,2,1,0,9,18,27,36,45,54,63,72,81,90,91,92,93,94,85,76,67,68,59,60,51,42,33;83,84,75,66,57,58,49,50,41;87,88,79,80,71,62,53,44,35,26,17,8,7,6,5,4,3,12,21,30,39,48,47,56,65,74,73,82;64,55,46,37,28,19,10;40,31,32,23,24;86,77,78,69,70;61,52,43,34,25,16,15,14,13,22
9:11,0,58,10;11,10,19,28,37,38;66,75,76,77,78,87,96,97,98,89,80,71;95,94,93,92,91,90,81,72,63,54,45,36,27,18,9,0,1,2,3,4,5,6,7,8,17;16,15,14,13,12,21,20;29,30,31,22,23,24;57,56,65,74,83,84,85,86;62,53,52,51,50,49,58,67,68,69,70,79,88;82,73,64,55,46,47,48,39,40,41,32,33,34;25,26,35,44,43,42;61,60,59
9:11,0,59,9;95,94,93,92,83,82,73,64,55,46;16,15,24,33,42;10,11,12,13,14,23,32,41,50,51;35,26,17,8,7,6,5,4,3,2,1,0,9,18,27,28,29,30,39,48,57,66,67,76,77,78,79;91,90,81,72,63,54,45,36,37,38,47,56,65,74,75,84,85,86,87,88;19,20,21,22,31,40,49;96,97,98,89,80,71,62,53,44,43,34,25;58,59,60;52,61,70,69,68
9:11,0,60,9;28,19,10,11,12,13,14,15,16,17,26;81,90,91,92,93,94,95,96,97,98,89,80;61,52,43,42,33,32,31,30,39;85,84,83,82,73,72,63,54,45,36,27,18,9,0,1,2,3,4,5,6,7,8;56,57,66;64,65,74,75,76,67,58,49,48,47;53,62,71,70,79,88,87,86,77,68,59,50,41,40;78,69,60,51;44,35,34,25,24,23,22,21,20,29,38,37,46,55
10:12,0,61,8;27,26,25,24,23,22,32,42,52,62,72,71,81;21,31,41,51,61,60,70,80,90,100,110,111,112,113,114,104;101,91,92,82,83,73,74,64,54,44,45,46,47,48,38,28,18,17,16,15,14,13,12,11;67,66,76,86;37,36,35,34,33,43,53,63;77,87,97,96,95,105,115;116,106,107,108,98,88,78,68,58,57,56,55,65,75,85,84,94,93,103,102;117,118,119,109,99,89,79,69,59,49,39,29,19,9,8,7,6,5,4,3,2,1,0,10,20,30,40,50
10:12,0,62,10;48,38,28,18,17,16,15,14,13,12,11,21,31,41,51;27,26,25,24,23,22,32,42,52,62,72,73,83,93,94,104,105,106;74,84,85,95,96,97,107,108;55,56,66,67,77,78;54,44,45,46,47,57,58,68;101,102,103,113,114,115,116,117,118,119,109,99,89,79,69,59,49,39,29,19,9,8,7,6,5,4,3,2,1,0,10,20,30,40,50;98,88,87,86,76,75,65,64,63,53,43,33,34,35,36,37;112,111,110,100,90,91,92;61,71,81,82;60,70,80
10:12,0,63,12;27,37,38,48;93,94,84,85,86;40,50,60,70,80,90,100,110;87,77,76,75,74,73,83,82,92,102,103,104,105,95,96;26,16,17,18,28,29,39,49,59,69,79,89,99,109,119,118,117,116,115,114,113,112,111,101,91,81,71,61,51,41,31,30,20;54,53,52,62,72;24,14,4,3;19,9,8,7,6,5,15,25,35,36,46,47,57,58,68,78,88,98,108;43,42,32,22,21,11,10;67,66,65,64,63;0,1,2,12,13,23,33,34,44,45,55,56;97,107,106
10:12,0,64,12;19,29,39,49,48,58,57,56,55,54,53,63,73,83,93,103,104,105,106;59,69,79,78,88,98,108,107;28,27,26,36,35,34,33,43,42,52,62,72,82,92,102;65,64,74,84,94,95;3,2,1,0,10,20,30,40,50,60,70,80,90,100,110;87,77,76,75;66,67,68;85,86,96,97;31,41,51,61,71,81,91,101,111,112,113,114,115,116,117,118,119,109,99,89;9,8,18,17,16,15,25,24,23,22,32;44,45,46,47,37,38;21,11,12,13,14,4,5,6,7
10:12,0,65,10;3,2,1,0,10,20,30,40,50,60,70,80,90,100,110,111,112,113,114,115,116,117,118,119,109,99;29,19,9;33,43,53,63;67,57,56,46,45,44,54,64,74;42,52,62,72,82,92,93,94,95,96,86,76,66,65,55;17,16,6,5,4;7,8,18,28,27,26,25,15,14,13,12,11,21,31,41,51,61,71,81,91,101,102,103,104,105,106,107,97,87,77,78,68,58;108,98,88,89,79,69,59,49,39,38;48,47,37,36,35,34,24,23,22,32;73,83,84,85,75
10:12,0,66,11;72,62,52,53,43,44,34,35,36;69,59,49,48,38,28,18,17,16,15,14,13,12,22;31,21,11,1,2,3,4,5,6,7,8,9,19,29,39;91,90,100,110,111,112,113,114,104,105,106,107,108,98,88,78,79;96,97,87;89,99,109,119,118,117,116,115;56,66,65,75,74,84,83,93,103;80,70,60,50,40,30,20,10,0;94,95,85,86,76,77,67;73,63,64,54,55,45,46,47,57,58,68;37,27,26,25,24,23,33,32,42,41,51,61,71,81,82,92,102,101
10:12,0,67,10;33,23,13,14,15,25,26,27,37;72,82,92,102;97,96,95,94;74,75,76,77,78,88,98,108,107,106,105,104;11,21,31,41,51;24,34,35,36,46,56,66,65,64,63,73;16,17,18,28,38,48,47,57,67,68,69,79,89,99,109,119,118,117,116,115,114;58,59,49,39,29,19,9,8,7,6,5,4,3,2,12,22,32,42,43,44,45,55;54,53,52,62,61,71,81,91,101;1,0,10,20,30,40,50,60,70,80,90,100,110,111,112,113,103,93,83,84,85,86,87
10:12,0,68,10;118,108,107,106,105,104,103,102,101,91,81,71,61,51,41,31,21,11;38,48,58,68,78;73,63,53,54;4,3,13,23,24,25,26,16,17;83,84,74,64,65,66,67,57,47,37,27,28,18;14,15,5,6,7,8,9,19;46,36,35,34,33,32,22,12,2,1,0,10,20,30,40,50,60,70,80,90,100,110,111,112,113,114,115,116,117;72,62,52,42,43,44,45,55,56;86,96,97,98,99,109,119;29,39,49,59,69,79,89,88,87,77,76,75,85,95,94,93,92,82
10:12,0,69,10;101,102,103,104,105,106,96,97,87,77,78,68,58,48,38,28,18;8,7,17,27,37,36,46,56,55,65,75,74,84,83,82,81,80;72,73,63,64,54,44,34,24,23,22,32,42,52;4,3,2,1,11,21,31,41,51,61,62;12,13,14,15,5,6;47,57,67,66,76,86,85,95,94,93,92,91,90,100,110,111,112,113,114,115,116,117,107,108,98,88,89,79,69,59,49,39,29,19,9;16,26,25,35,45;118,119,109,99;0,10,20,30,40,50,60,70,71;53,43,33
10:12,0,70,7;6,5,4,3,2,1,0,10,20,30,40,50,60,70,80,90,100,110,111,112,113,114,115,116,117,107,108,98,88,78,68,58,57,56,55,65;19,18,28,27,37,36,35,34,33,43,53,63,73,83,84;77,87,97,96,106,105,104,103,102,101,91,81,71,61,51,41,31,21,11,12,13,14,15;118,119,109,99,89,79,69,59,49,48,47,46,45,44,54,64,74,75;25,24,23,22,32,42,52,62,72,82,92,93,94,95,85,86,76,66,67;29,39,38;26,16,17,7,8,9
10:12,0,71,13;9,19,29,39,49,59,69,79,89,99,98,108,107,106,105,104,103,102,101,91,81,71,61,60;109,119,118,117,116,115,114,113,112,111,110,100,90,80,70;13,23,24,34,44;92,93,83,73,63,53,52,42,41,31,21,20,10,0,1,2,3,4,5,6,7,8,18,28,38,48,58,68,78,88,87,86,76;11,12,22,32,33,43;51,50,40,30;46,47,57,67,77;54,64,65,66,56;14,15,25,26;62,72,82;16,17,27,37,36,35,45,55;74,84,94;75,85,95,96,97
10:12,0,72,9;47,57,67,77,87,86,85,84,83,73,63,53,54,44,34,33;8,9,19;64,65,55,45,35,25,26,27,37;2,1,11,21;74,75,76,66,56,46,36;108,107,106,105,104,103,102,101,91,81,71,61,51,41,31,32,22,23,24,14,15,16;43,42,52,62,72,82,92,93,94,95,96,97,98,88,78,68,58,48,38,39,29;28,18,17,7,6,5,4,3,13,12;49,59,69,79,89,99,109,119,118,117,116,115,114,113,112,111,110,100,90,80,70,60,50,40,30,20,10,0
10:12,0,73,10;39,49,59,58,68,78,77,76,86;19,9,8,7,6,5,4,3,13,23,33,34,35,25,26,27;69,79,89,99,98,108,107,106,105,104,103,102,101,91,81,71,61,51,52,53,54,55,56,46,36,37,38;45,44,43,42,32,22,12,2,1;109,119,118,117,116,115,114,113,112,111,110,100,90,80,70,60,50,40,41,31,21,11;30,20,10,0;83,84,85,75;88,87,97,96,95,94,93,92,82,72,62,63;24,14,15,16,17,18,28,29;48,47,57,67,66,65,64,74,73
10:12,0,74,13;73,83,93;110,100,90,80;48,49,59,69,79,89,99,109,119,118,117,116,106,96,97,87,77,67,66,56,55,54,44,43;46,45,35;9,19,29,39;27,17,16,15,14;76,86,85,95,105,115,114,113,112,111,101,91,81,71,70,60,50,51,41,31,21,11,12,2;40,30,20,10,0,1;36,26,25;13,3,4,5,6,7,8,18,28,38,37,47,57,58,68,78,88,98,108,107;65,75,74,84,94,104,103,102,92,82,72,62,61;34,33,32,42,52,53,63,64;22,23,24
10:12,0,75,9;6,16,26,27,37,47,46,45,44,54,64,74,84,83,82,81,71,61,51,41,31,21,11,12,13,14,4;57,56,55,65,75,85;7,17,18,28,38,48,58,68,67,66,76,86,96,95,105,104,103,102,101;89,99,109,119,118,117,116,115,114,113,112,111,110,100;77,87,97;63,53,43,33,34,35,36;8,9,19,29,39,49,59,69,79,78,88,98,108,107,106;94,93,92,91,90,80,70,60,50,40,30,20,10,0,1,2,3;5,15,25,24,23,22,32,42,52,62,72,73
10:12,0,76,8;57,56,66,65,75;55,54,64,74,84,85,86,76,77,67,68,58,48,49,39,29,19,9,8,7,6,5,4,3,2,1,0;105,106,107,108,98;70,60,50,40,30;27,26,25,24,23,22,21,31,41,51,61,71,81,80,90,100,110,111,112,113,114,115,116,117,118,119,109,99,89;20,10,11,12,13,14,15,16,17,18,28,38,37,47,46,45,44,43,53,63,73,83;93,92,82,72,62,52,42,32,33,34,35,36;91,101,102,103,104,94,95,96,97,87,88,78,79,69,59
10:12,0,77,10;95,105,115,116,117,118,119,109,99,89,79,69,59,58,57,56,55,54;90,100,110,111,112,113,114,104,94,93,92,82,81,71,61,51,50,40,30,20,10,11,12,13,14,15,16,17,18;53,63,64,65,66,67,68,78,88;39,29,19,9,8,7,6,5,4,3,2,1,0;60,70,80;98,108,107,106,96,86,85,84,83,73,72,62,52,42,41,31,21,22,23,24,25,26,27;91,101,102,103;49,48,47,46,45,44,43;74,75,76,77,87,97;28,38,37,36,35,34,33,32
10:12,0,78,10;100,90,80,70,60,50,40,30,20,10,11,12,13,14,24;43,44,54,64;45,55,65,75,74,84,83;105,104,103,102,101,91,81,71;96,106,107,108,98,88,78,68,58,59,49,39,29,19,9,8,7,6,5,4,3,2,1,0;34,33,23,22,21,31,41,51,61,62,72;69,79,89,99,109,119,118,117,116,115,114,113,112,111,110;82,92,93,94,95,85,86,76,66,56,46,36,35,25,15,16,17,18,28,38,48;97,87,77,67,57,47,37,27,26;73,63,53,52,42,32
10:12,0,79,10;6,16,15,14,13,12,11,21,31,32,42,43,44,54,64,65,66,67;27,37,47,57,56,55,45,35,34,33,23,22;52,51,41;83,73,74,75,76,77;61,71,81,91,101,102,103;84,85,86,87,88,78,68,58,48,38,28,18,17,7;46,36,26,25,24;119,118,117,116,115,114,113,112,111,110,100,90,80,70,60,50,40,30,20,10,0,1,2,3,4,5;53,63,62,72,82,92,93,94,104,105,106,107,108,109,99,89,79,69,59,49,39,29,19,9,8;98,97,96,95
10:12,0,80,12;91,81,71,72,73,63,64,65,66;43,33,34,35,25,15,14,13,12,11,21,31,41,51,50;40,30,20,10,0,1,2,3,4,5,6,7,8,9,19,29,39,49,59,69,79,89,99,109;24,23,22,32,42;119,118,108;104,105,106,96;95,85,86,87,88,78;17,16,26;101,100,90,80,70,60,61,62,52,53,54,55,56,57,47;18,28,27;83,82,92,102,112,111,110;44,45,46,36,37,38,48,58,68,67,77,76,75,74,84,94,93,103,113,114,115,116,117,107,97,98
10:12,0,81,12;119,109,99,89,79,69,59,49,39,38;86,85,84,83,82,92,102,112;31,21,22,12,13;50,60,70,80,90,100;110,111,101,91,81,71,72,73,74,75,76,66,56,46,36,26,16,17,18;43,44,34;96,95,94,93;57,67,77,87,97,107,106,105,104,103,113;14,4,3,2,1,0;24,23,33,32,42,52,53,54;11,10,20,30,40,41,51,61,62;114,115,116,117,118,108,98,88,78,68,58,48,47,37,27,28,29,19,9,8,7,6,5,15,25,35,45,55,65,64,63
10:12,0,82,10;17,18,28;39,38,48,58,68,67,66,65,55;74,64,54;22,23,33,43,53,63,73,83,84,85,75,76,77,78,79,69,59,49;86,96,95,94,93,92,82,72,62,52,42,32;31,41,51,61,71,81,91,101,102,103,104,105,106,107,97,87,88;119,109,99,89;21,11,12,13,14,24,34,44,45,46,36,26,16,6,7,8,9,19,29;56,57,47,37,27;98,108,118,117,116,115,114,113,112,111,110,100,90,80,70,60,50,40,30,20,10,0,1,2,3,4,5,15,25,35
10:12,0,83,9;87,77,67,57,56,55;37,47,46,45,35,34,33,43,53,63,73,83,93,103;9,8,18,28,38,48,58,68,78,88,98,108,107,106,105,95,85,75,74,64,54,44;36,26,25,24,23,22,32,42,52,62,72,82,81,91;92,102,101,100,90,80,70,71,61,51,41,31,21,11,12,13,14,15,16,17,27;7,6,5,4,3,2,1,0,10,20,30,40,50,60;84,94,104;97,96,86,76,66,65;19,29,39,49,59,69,79,89,99,109,119,118,117,116,115,114,113,112,111,110
10:12,0,84,9;45,44,54,64,63,73,83,93,92,91,101;34,33,43,53,52,62,72,82,81;96,97,87,77,76;42,32,22,23,24,25,35,36,37,38,28,18,17,7,6,5,4,3,2,1,0,10,20,30,40,50,60,70,80,90,100,110,111,112,102;48,47,57,67,66;103,104,94,84,74,75,65,55,56,46;71,61,51,41,31,21,11,12,13,14,15,16,26,27;58,68,78,88,98,108,107,106,105,95,85,86;113,114,115,116,117,118,119,109,99,89,79,69,59,49,39,29,19,9,8
10:12,0,85,12;41,40,50,60,70,80,90,100,110,111,112,113,114,115;109,108,98;21,22,23,33,34,35;51,61,71,81,91,101,102,103,104,105;78,79,69,59,49,39,29,19,9,8,7,6,5,4,3,2,1,0;75,65,55,56,57,47,37,27;63,73,83;66,76,86,85,84,74,64,54;88,89,99;116,106,96,95,94,93,92,82,72,62,52,53,43,44,45,46,36;119,118,117,107,97,87,77,67,68,58,48,38,28,18,17,16,15,14,13,12,11,10,20,30,31,32,42;26,25,24
10:12,0,86,9;22,32,42,52,53,63,64,74;39,29,28,18,17,16,15,25,35,45;58,57,47,46,36,26;82,92,93,94,95,96,97,98,88,78,77,76,75,65;27,37,38,48,49,59;110,111,112,113,114,115,116,117,118,119,109,99,89,79,69,68,67,66,56,55,54,44,34,24,14;87,86,85,84,83,73,72,62,61,51,41,31,21,11,12,13,23,33,43;80,90,100,101,102,103,104,105,106,107,108;91,81,71,70,60,50,40,30,20,10,0,1,2,3,4,5,6,7,8,9,19
10:12,0,87,13;99,89,79,69,59,58,57,56,55,54,64,63,73,83,93,92,91,101,111;85,84,74;105,115,116,117,118,119,109;17,18,28,38,37,36,35,34,24,14,13,12,11,10,20,30,40,50,60,70,71;0,1,2,3,4,5,15,25,26,27;31,21,22,23;112,102,103;77,78,88,98,108;65,66,67,68;16,6,7,8,9,19,29,39,49,48,47,46,45,44,43,53,52;110,100,90,80,81,82,72,62,61,51,41,42,32,33;75,76,86,96,95,94,104,114,113;106,107,97,87
10:12,0,88,12;33,23,13,14,15,16,17,18,28;99,89,79,69,59,49,39,29,19,9,8,7,6,5,4,3;72,73,74,64,54,44,34,24,25,26,27;116,115,114,113,112,111,110,100,90,80,70,60,50,51,52,42,32;57,67,66;38,37,36,35,45,55,65,75,85,84,83,82;41,31,21,11;40,30,20,10,0,1,2,12,22;101,102,103,104,105,106,107,117,118,119,109;108,98,97,96,95,94,93,92,91,81,71,61,62,63,53,43;86,87,88;56,46,47,48,58,68,78,77,76
10:12,0,89,12;88,98,108,107,106;59,49,39,38,37,27,26,25,24,34,33,43,53,63,73,83,93,103,102,101,91,81,71,61;41,40,30,20,10,0,1;19,9,8,7,6,5,4,3,2,12,22,23;58,48,47,46,56,55,65,75;78,77,87,97,96,95,105,115,116,117,118,119,109,99,89;36,35,45,44,54,64,74,84,94,104,114,113,112,111,110,100,90,80,70;92,82,72,62;57,67,66,76,86,85;60,50,51,52,42,32,31,21,11;13,14,15,16,17,18,28,29;79,69,68
10:12,0,90,10;96,95,105,104,103,102,92,91,90,80,70,60,50,40,30,20,10,0,1,2,3,4,14,24,34;101,100,110;94,93,83,82,81,71,61;11,12,22,32,42,43,44,45,35,25,15,5,6,7,8,9,19,29,39,49,59,69,79;107,106,116,115,114,113,112,111;33,23,13;53,54,55;63,64,65,75,76,77,67,57,47,37,27;21,31,41,51,52,62,72,73,74,84,85,86,87,97,98,108;66,56,46,36,26,16,17,18,28,38,48,58,68,78,88,89,99,109,119,118,117
11:13,0,91,13;14,13,12,23,34,45,56,67,78,89,90,91,80,81,82,83,72,73;59,48,49,38,39,28,17,16,15;37,36,47,58,69,70,71,60,61,50,51;100,101,102,103,92,93,94,105;43,54,65,76,87,98,109,108,107,106,95,84,85,74,63,62;140,139,138,137,136,135,134,133,132;18,29,40;52,41,30,19,20;96,97,86,75;124,123,122,121;104,115,116,117,118,119,120,131;27,26,25,24,35,46,57,68,79;64,53,42,31,32,21,10,9,8,7,6,5,4,3,2,1,0,11,22,33,44,55,66,77,88,99,110,111,112,113,114,125,126,127,128,129,130,141,142
11:13,0,92,11;107,108,119,130,129,128;37,48,59,70,71,82,83;118,117,106,105,104,103,102,91,90,79,68,57,46,35,24;42,31,30;66,55,44,33,22,11,0,1,2,13,14;89,100,101,112,113,114,115,116,127;20,19,18,29,40,41,52,53,64,65,76,87,86,85,84,73,72,61,60,49,38,27,16;75,74,63,62,51,50,39,28,17;126,125,124,123,122,111,110,99,88,77,78,67,56,45,34,23,12;5,6,7,8,9,10,21,32,43,54;3,4,15,26,25,36,47,58,69,80,81,92,93,94,95,96,97,98,109,120,131,142,141,140,139,138,137,136,135,134,133,132,121
11:13,0,93,9;132,133,122,111,100;142,131,120,119,108,97,86,75,64,53,42,31,20,19,18,17,6;0,1,2,3,4,5,16,27,28,29,30,41,52,63,74,85,96,107,118,129,130,141;121,110,99,88,89,90,101,112,123,134,135,136,137,126,115,114,103,92,81,70,69,68,67,56,45,34,23,24,25,36,47,48,49,50,51,62,73,84;109,98,87,76,65,54,43,32,21,10,9,8,7;140,139,138;40,39,38,37,26,15,14,13,12,11,22,33,44,55,66,77,78,79,80,91,102,113,124,125;117,106,95,94,83,72,61;128,127,116,105,104,93,82,71,60,59,58,57,46,35
11:13,0,94,13;95,106,107,118,129;119,130,141,140,139,128,117,116,105,94,93,82,81;142,131,120,109,98,87,86;22,33,44,55,66,77;15,14,13;0,11,12,23,24,25,26,27,16,17;112,113,102,91,80,69,70,71,72,83,84,85,96,97,108;138,137,136,135,134,133,132,121,110,99,88,89,78,67,56,45,34,35,36,37,38,39,28,29,18,19,20,31,42;1,2,3,4,5,6,7,8,9,10,21,32,43,54,65,76;63,62,61,60,59,58;92,103,114,125,124,123,122,111,100,101,90,79,68,57,46,47,48,49,50,51,40;30,41,52,53,64,75,74,73;127,126,115,104
11:13,0,95,13;93,82,71,60,49;91,92,81,70,59;121,132,133,134,135,136,125,114,113,112,111,100,89,78,67,68,57,58,47,48,37,38,39,50,51,62,73,84,95,106;56,45,46;137,138,139,140,141,142,131,120,109,98,87,76,65,54,43,32,21,10;69,80,79,90,101,102;115,126,127,128,129,130,119,108,97,86,75,64;53,52,63,74,85,96,107,118,117,116,105,104,103;94,83,72,61;24,13,14,15,16,17,18,19,30;122,123,124;42,41,40,29,28,27,26,25,36,35,34,23,12;31,20,9,8,7,6,5,4,3,2,1,0,11,22,33,44,55,66,77,88,99,110
11:13,0,96,13;14,13,12;95,94,93,82,71,72,73,74,75,86,97,108,119,130,129,128,139;106,105,104,115,126,137;78,89,100,111;83,84,85,96,107,118,117,116,127,138;15,4,3,2,1,0,11,22,33,34,45;62,63,64,53,42,31,20;18,29,40,51,50,61,60,59,70,81,92,103,114,125,136,135,134,133,132,121,110,99,88,77;23,24,25;140,141,142,131,120,109,98,87,76,65,54,43,32,21,10,9,8,7,6,17,28,39,38,49,48,47,58,69,80,91,102,113,124,123,122;19,30,41,52;5,16,27,26,37,36,35,46,57,56;44,55,66,67,68,79,90,101,112
11:13,0,97,12;12,13,24,35,46,57;66,77,88,99,110,121,132,133,134,135,136,137,138,139,140,141,142,131,120,109,98,87,76,65,54,43,32,21,10,9,8,7,6;29,30,31,42,53;127,126,125,124,123,112,101,90,91,92,103;71,82,93,94,105,116,117,128,129,130,119,108,97,86,75,64,63,52,41,40,39,28,17,18,19,20;81,80,79,78,89,100,111,122;104,115,114,113,102;118,107,106,95,84,83,72,61,60,59,70,69,68,67,56,55,44,33,22;15,14,25,36,47,58;48,37,26;11,0,1,2,3,4,5,16,27,38,49,50,51,62,73,74,85,96;45,34,23
11:13,0,98,11;118,107,96,85;110,121,122;95,84,83,72,61,50,49,48,37;109,98,87,76,65,54,43,32,21,10,9,8,7,6,5,4,3,2,1,0,11,22,33,44,55,66,77,88,99,100,111;130,129,128,127,116,115,104,93,82,71,60,59;94,105,106,117;64,53,42,31,20,19,18,17,16,15,14,13,12,23,34,45,56,67,78,89,90,101,112,123,134,133,132;139,140,141,142,131,120,119,108,97,86,75,74,73,62;28,29,30,41;36,47,58,69,70,81,92,103,114,125,126,137,138;63,52,51,40,39,38,27,26,25,24,35,46,57,68,79,80,91,102,113,124,135,136
11:13,0,99,11;108,107,96,85,84,83,72,61,50,49,48,47,58;132,133,134,135,136;14,13,12,23,34,45,56;64,53,42,31,20,19,18,17,16,15,26,25,24,35,46,57,68,67,78,89,100,111,112,113,114,115,116,127,128,129;36,37,38,39,40,51,62,73;27,28,29,30,41,52,63,74,75,86,97,98,109,120;59,60,71,82,93,94,95,106;131,142,141,140,139,138,137,126,125,124,123,122,121,110,99,88,77,66,55,44,33,22,11,0,1,2,3,4,5,6,7,8,9,10,21,32,43,54,65,76,87;69,80,79,90,101,102,103,104,105;117,118,119,130;70,81,92,91
11:13,0,100,13;0,1,12;93,82,71,60;120,131,142,141,140,139,138,137,136,135,134,133,132,121,110,99,88,77,66,55,44;105,94,83,72,73,74;86,85,84,95,106,117,116,115,104,103,92,81,70,69,58,47;50,61,62;100,111,122,123,124,125,126,127,128,129,130,119,108,109;114,113,112,101,90,89,78,67,56,45,34,33;59,48,37,26,27,28,29,30,41;11,22,23,24,13,2,3,4,5,6,7,8;43,32,21,10,9;65,54,53,42,31,20,19,18,17,16,15,14,25,36,35,46,57,68,79,80,91,102;49,38,39,40,51,52,63,64,75,76,87,98,97,96,107,118
11:13,0,101,10;59,70,71,82,83,94,105,116,127,128,129,130,119,108,97,86,75,64,63,62;91,102,103,114;110,121,132,133,134,135,136,137,138,139,140,141,142,131,120,109,98,87,76,65,54,53,52,51;24,35,34,45,56,67,78,89,90,101,112,113,124,125,126,115,104,93,92,81,80,69,58,47,48,49,60;14,13,12,23;123,122,111,100,99,88,77,66,55,44,33,22,11,0,1,2,3,4,5,6,7;26,15,16,17,18,19,8,9,10,21,32,43,42,41,40,39,50,61,72,73,84,95,106,117;20,31,30,29,28,27,38,37,36,25;74,85,96,107,118;46,57,68,79
11:13,0,102,11;77,66,55,44,33,22,11,0,1,2,3,4,5,6,7,8,9,10,21,32,31,30,41;121,132,133,134,135,136,137,138,139,128,129,130,119,108,97,86,75,64,53,52,51,50,39,28,17,16,15,14,13,12,23,34,45,56,67,78;124,125,126,115,104,93,94,83,84;110,111,100,101,102,91,80,69,58,47,36;122,123,112,113,114,103,92,81,82;20,19,18,29,40;127,116,117,118,107,96,85,74,63,62,61,60,49;26,25,24,35,46,57,68,79,90,89,88,99;73,72,71,70,59,48,37,38,27;105,106,95;42,43,54,65,76,87,98,109,120,131,142,141,140
11:13,0,103,9;101,90,91,80,69,58,57,56,45,34,23,12,13,14,15,16,17,18,19,20,21,10;61,72,83,94,105,116,115,114,113,112;89,100,111,122,123,124,125,126,127,128,117,106,95,84,73,62,51,50,49,60,71,82;78,77,88,99,110,121,132,133,134,135,136,137,138,139,140,129,130,119,108,97,86,75,64,53,42;93,92,81,70,59,48,37,38,39,40,41,52,63,74,85,96,107,118;46,47,36;9,8,7,6,5,4,3,2,1,0,11,22,33,44,55,66,67,68,79;141,142,131,120,109,98,87,76,65,54,43,32,31,30,29,28,27,26,25,24,35;104,103,102
11:13,0,104,13;15,26,37,48,59,70,81,92,103,102,113,124,123,122,111;45,44,55,66,77,88,99,110,121,132,133,134,135,136,137,138,139,128;125,114,115,104,93,82,71,60,49,50,51,52,53,42;130,129,140;24,25,36,47,58,69,68,79;10,9,8,7,6,17,28,29;80,91,90,101,112;126,127,116,105,94,83,72,61,62,63;86,85,96,107,108,109;97,98,87,76;100,89,78,67,56,57,46,35,34,23,12,13,14;31,30,41,40,39,38,27,16,5,4,3,2,1,0,11,22,33;141,142,131,120,119,118,117,106,95,84,73,74,75,64,65,54,43,32,21,20,19,18
11:13,0,105,14;133,132,121,110,99,100;117,118,107,108;112,111,122;65,76,87,98,109,120,119,130,129,128,127,116;77,78,79,80,69,70,59,48;103,114,125,136,135,134;93,94,83,84,85,86,75,64,53,54,43,32,21,10,9,8,19,30,29,40;123,124,113,102,91,92,81,82,71,72,73,74,63,52,41,42,31,20;18,7,6,5,4,3,2,1,0,11,22;17,16,15,14,13,12,23,34,33,44,55;61,60,49,38,37,36,47,58,57,68;62,51,50,39,28,27,26,25,24,35,46,45,56,67,66;131,142,141,140,139,138,137,126,115,104,105,106,95,96,97;88,89,90,101
11:13,0,106,10;35,36,25,26,27,28,29,30,31,20;123,122,111,100,89,78,67,56,57,58,59,60,49;62,63,74,85,96,95,94,83,82,81,80,91,102,103,114,125,126,127,128,129,130,131,142;84,73,72,71,70,69,68,79,90,101;112,113,124,135,136,137,138,139,140,141;16,17,18,19;61,50,51,52,53,64,75,86,97,108,107,106,105;134,133,132,121,110,99,88,77,66,55,44,33,22,11,0;3,2,1,12,23,34,45,46,47,48,37,38,39,40,41,42,43,54,65,76,87,98,109,120,119,118,117,116,115,104,93,92;32,21,10,9,8,7,6,5,4,15,14,13,24
11:13,0,107,12;77,88,99,100;63,52,41,30,29,28,27,38,49,50,61,72,71,70,69,58,47,36,25,24,13,12,11;16,17,18,19,20,31,42,53,64,75,86,97,108,119,130,129,128,127,126,125,136,135,134,133,132,121;60,59,48,37,26,15,4,5,6,7,8,9,10,21,32,43,54,65,76,87,98,109,120,131,142,141,140,139,138,137;45,56,57,68,79;39,40,51,62,73,84,95,106,105,104,93;23,22,33,44,55,66,67,78,89,90,91,80;110,111,122,123,124,113,114,115,116,117,118,107,96,85,74;46,35,34;14,3,2,1,0;92,81,82,83,94;112,101,102,103
11:13,0,108,10;31,20,9,8,7,6,5,4,3,2,1,12,23,34,33;103,104,105,106;61,62,73,84,95,94,93,92,91,102,113,114,115,116,117,118,107,108,97,86,75,76,65,54,43,32,21,10;16,15,14,13,24,35,46,45,44;87,98,109,120,131,142,141,140,139,138,137,136,135,134,133,122,111,100,89,78,67,68,69,70,59,48,37,38,39;119,130,129,128,127,126,125,124,123,112,101,90,79,80,81,82,83,72;96,85,74,63,64,53,42;71,60,49,50,51,40,29;52,41,30,19,18,17,28,27,26,25,36,47,58,57,56,55,66,77,88,99,110,121,132;22,11,0
11:13,0,109,14;106,105,94;130,119,108,107;13,14,15,16;85,86,75,64,53;30,29,40,51,62;46,47,48,49,60;96,95,84,73,72,61,50,39,38,37,36,35,24,23,12;97,98,109,120,131,142,141,140,129,118,117,116,127,126,125,114,103;128,139,138,137,136,135,134,133,132,121,110,99,88,77;69,68,79,90,101,112;25,26,27,28,17,18,19,20,31,42,41,52,63,74;87,76,65,54,43,32,21,10,9,8,7,6,5,4,3,2,1,0,11,22,33,44,55,66,67,78,89,100,111,122,123,124,113,102,91,80,81;83,82,71,70,59,58,57,56,45,34;115,104,93,92
11:13,0,110,12;86,97,96,107,118,117,116,115,114,113,112,101,90,89,78,77,66,55,44,33,22,11,0,1,2,13,24,25,36,37,48,49,50,61,72;12,23,34,35;57,58,69,70,81,92,93,94;6,7,18;63,52,41;65,54,43,32,21,10,9,8,19,30,29,28,17,16,5,4,3;74,85,84,95,106,105,104,103,102,91,80,79,68,67,56,45,46,47;110,121,132,133,134,135,136,137,138,139,140,141,142,131,120,109,98;83,82,71,60,59;108,119,130,129,128,127,126,125,124,123,122,111,100,99,88;20,31,42,53,64,75,76,87;73,62,51,40,39,38,27,26,15,14
11:13,0,111,14;123,134,135,136,137,138,127;142,141,140,139,128,117,116,115,126;132,133,122,111,112,101,90,79,68,57,46,47,36,37,38,39,40;104,93,92,91,102,113;121,110,99,88,77,66,55,44,33,22,23,24,25,26,27,28,29,30,41,42,53;100,89,78,67,56,45,34,35;84,95,94,105;106,107,96,85,74,63,52,51,50,49,48,59;62,73,72,83,82,81,80;11,0,1,2,3,4,5,6,7,8,9,10,21;61,60,71,70,69,58;12,13,14,15,16,17,18,19,20,31,32,43,54,65,76,87,98,109,120,131,130;129,118,119,108,97,86,75,64;103,114,125,124
11:13,0,112,10;58,59,70,71,82;37,26,15,16,17,18,19,20,31,42,43,54,65,76,87,86,97,108,119,130,129,128,127,126,125,124,123,122,111;51,62,63;0,11,22,33,34,45,56,67,78,77,88,99,110,121,132,133,134,135,136,137,138,139,140,141,142,131,120,109,98;66,55,44;13,14,25,36,47,48,49,38;89,100,101,112,113,114,115,116,117,118,107,96,85,84;60,61,50,39,40;32,21,10,9,8,7,6,5,4,3,2,1,12,23,24,35,46,57,68,79,90,91,102,103,104,105,106,95;27,28,29,30,41,52,53,64,75,74,73,72,83,94,93,92,81,80,69
11:13,0,113,10;85,96,95,106,117,128,127;93,82,71,72;10,21,32;136,135,134,133,132,121,110,99,88,77,66,55,44,33,22,11,0,1,2,3,4,5,6,7,18,29,28,27,26,25,24;129,130,119,120,109,98,87,76,75,74,73,84,83,94,105,104;86,97,108,107,118;43,54,65,64,63,62,61,60,59,70,81,92,103,102;131,142,141,140,139,138,137,126,125,124,123,122,111,100,89,78,67,56,45,34,23,12,13,14,15,16,17;116,115,114,113,112,101,90,91,80,69,58,47,48,49,50,51,52,53,42,31,20,9;79,68,57,46,35,36,37,38,39,40,41,30,19,8
11:13,0,114,9;57,68,69,80,81,82,83,72,73,62,51,40;142,131,120,109,98,87,76,65,54,43,32,21,10,9,8,7,6,5,16,27,28,29,30,41,52,63,74,85,84,95,94,93,92,91,90,79,78,67,56,45,46,35,24,23;49,48,59;99,110,121,132,133,134,135,136;22,11,12,13,14,25,36,47,58;70,71,60,61,50,39,38,37,26,15,4,3,2,1,0;117,106,105,104,103,102,101,100,89,88,77,66,55,44,33,34;123,124,125,126,137,138,139,140,141,130,119,108;17,18,19,20,31,42,53,64,75,86,97,96,107,118,129,128,127,116,115,114,113,112,111,122
11:13,0,115,11;53,42,31,20,19;6,17,16,27,38,49,60,71,82,93,92,103,102;12,13,14,25,36,35,46,57;132,133,134,135,136,137,138,139,140,141,142,131,120,109,98,87,86,75,64,63,52;106,95,84,73,62,51,40,41,30;5,4,15,26,37,48,59,70,81,80,91;47,58,69,68,79,90,101;74,85,96,107,118,117,116,127,126,125,124;111,100,89,78,67,56,45,34,23,24;76,65,54,43,32,21,10,9,8,7,18,29,28,39,50,61,72,83,94,105,104,115,114,113,112,123,122,121,110,99,88,77,66,55,44,33,22,11,0,1,2,3;128,129,130,119,108,97
11:13,0,116,10;104,115,126;52,51,62,73,74,75,86,97,98,109,120,131,142,141,140,139,138,137,136,125,124,113,112,101,90,79,68,57;40,39,50,61,72;38,49,60,71,82,83,84,85,96,107,108,119,130,129,128,127,116,105;31,20,19,18,17,16,15,14,13,12,23,34,45,56,67,78,89,100,111,122,123;43,32,21,10,9,8,7,6,5,4,3,2,1,0,11,22,33,44,55,66,77,88,99,110,121,132,133,134,135;48,59,70,81,92,93,94,95,106,117,118;54,53,42,41,30,29,28,27,26,37,36;25,24,35,46,47,58,69,80,91,102,103,114;63,64,65,76,87
11:13,0,117,11;110,99,88,77,66,55,44,33,22,11,0,1,2,3,4,5,6,7,8,9,10,21,32,43,54,65,76,87,98;119,130,129,140,139,138,137,136,135,134,133;38,49,60,71,72,73;132,121,122,111,100,89,78,67,56,45,34,23,12,13,14,15,16,17,18,19,30,41,52,53,64,75,86,97,108,109,120,131,142,141;29,40,51,62,63,74,85,96,107,118,117,128;102,101,90,79,68,57,46;112,113,114,103,92,91,80,69,58,47;42,31,20;115,104,93,94;123,124,125,126,127,116,105,106,95,84,83,82,81,70,59,48,37,36,35,24;25,26,27,28,39,50,61
11:13,0,118,14;72,71,60,49,50,51,40,29,30,31;68,69,58,47,36,37,26,27,16,5,6,7,8,9,10,21,32,43,42,41,52,63,74,85;20,19,18,17,28,39,38;84,73,62,61;142,141,140;70,59,48;123,122,111,100,89,88,77,66,55,44,33,22,11,0,1,2,3,4,15;57,46,35,24,25,14;109,108,119,118,117,116,127,126,125,124,113,112,101,90;102,91,92,93,104,105,106,107,96,97,86,75,64,53,54;103,114,115;99,110,121,132,133,134,135,136,137,138,139,128,129,130,131,120;95,94,83,82,81,80,79,78,67,56,45,34,23,12,13;98,87,76,65
11:13,0,119,14;53,42,41,30,29,28,17,6,5,4,3,2,1,0,11,22,33,44,55,66,77,88,99,110,121,132,133,134,135;102,91,80,69;34,23,12,13,14,15,16,27;92,81,70,59,48,47,36;62,61,50,49,38,37,26,25,24,35,46,45,56,67,78,89;118,117,116;8,9,10,21,32,43,54;60,71,82,83,84,95,96,97,98,109,120,131,142,141,140,139,138,137,136;72,73,74,85,86,87,76,65;58,57,68,79,90,101,100,111,122,123,124,125;115,126,127,128,129,130,119,108,107,106,105;39,40,51,52,63,64,75;112,113,114,103,104,93,94;31,20,19,18,7
11:13,0,120,13;40,29,18,19,20,31,42,53,64,75,86,97,108;117,128,129,130;66,55,44,33,34;119,118,107,96,95,94,93,104,115,114,113;15,4,3,2;5,6,17,28,39,38,37,48,59,60,61,72,83,82,81,92,103,102,101,112,123,124,125,126,127,116,105,106;84,73,62,51,50,49;47,46,45,56,67,78,77,88,99,110,121,132,133,134,135,136,137,138,139,140,141,142,131,120,109,98,87,76,65,54,43,32,21,10,9,8,7;71,70,69,80,91;16,27,26,25,14,13,12,1;85,74,63,52,41,30;0,11,22,23,24,35,36;58,57,68,79,90,89,100,111,122
12:14,0,121,10;44,56,68,80,92,91,103;106,94,82,70,58,46,34,22,21,20,19,18,17,16,15,14,13,25,37,49,61,73,85,97,109,121,133,145,146,158,159,160,148;79,78,90,89,88,100,112,113,125,126,138,150,162;101,102,114,115,127,139,151;157,156,144,132,120,108,96,84,72,60,48,36,24,12,0,1,2,3,4,5,6,7,8,9,10,11,23,35,47,59,71,83,95,107,119,118,117,129,141;136,124,123,111,99,87,75,76,77,65,66,67,55,43,31,32,33,45,57,69,81,93,105,104,116,128,140,152,153,154,142,130,131;41,40,39,51,50,62,74,86,98,110,122,134,135,147;38,26,27,28,29,30,42,54,53,52,64,63;163,164,165,166,167,155,143;137,149,161
12:14,0,122,12;11,23,22,21,20,19,18,17,29,41,53,52,64,76,88,100;164,165,166,167;68,80,79,78,90,102,114,126,125,137,136,135,134,122,110,98;56,44,45,46,58,70,82,94,106,105,104,116;27,26,38,50,62,61,60;30,42,54,66;57,69,81,93,92,91,103,115,127,128,129,117;67,55,43,31,32,33,34,35,47,59,71,83,95,107;118,130,142,141,140,139,138,150,149,148,147,146,145,133,121,109,97,85,86,87,99,111,123,124;65,77,89,101,113,112;36,24,12,0,1,2,3,4,5,6,7,8,9,10;119,131,143,155,154,153,152,151,163,162,161,160,159,158,157,156,144,132,120,108,96,84,72,73,74,75,63,51,39,40,28,16,15,14,13,25,37,49,48
12:14,0,123,10;14,13,25,37,49,61,73,72,84,96,108,120,132,144,156,157,158,159,160,161,162,163,164,152,153;165,166,154,142,141,140,139,138,137,136,135,134,122,110,98,99,100,112,113,114,115,116,117,118,119,107,95,94,93;7,19,18,17,16,15,27,26,38,50,62,74,86,85,97,109,121,133,145,146,147,148,149,150,151;111,123,124,125,126,127,128,129,130,131,143,155,167;106,105,104,103,102,101,89,88,76,64,65,66,54;87,75,63,51,39,40,28,29,30,31,32,44;52,53,41,42,43,55,56,57,45,33,21;77,78,90,91,92,80,81,82,83,71,59,47,35,23,11,10,9,8,20;60,48,36,24,12,0,1,2,3,4,5,6;79,67,68,69,70,58,46,34,22
12:14,0,124,13;59,47,35,23,11,10,9,8,7,6,5,4,3,2;49,61,73,85,97,109,121,122,123,124;117,116,128,127,126,125,113,101,102,90,78,66,54,55,56;156,144,145,146,147,148,149,150,151,152,153,154,142;45,44,43,42,41,53,65,64,63,51,39,27,26,25,24,12;88,100,112,111,110,98,86,74,62,50,38,37,36,48,60,72,84,96,108,120,132,133,134,135,136,137,138,139,140,141,129,130,118,106,105;99,87,75,76,77,89;93,94,95,107,119,131,143,155,167,166,165,164,163,162,161,160,159,158,157;0,1,13,14,15;114,115,103,91,79,67,68,69,57;83,71,70,58,46,34,33,32,31,30,29,28,40,52;22,21,20,19,18,17,16;104,92,80,81,82
12:14,0,125,14;85,86,87,75,63;28,29,30,31,43,55,67,79,80,92,104,105,117,129,141,140,139,127,126,114,102,101,89,77,65,53,52,51,50,62;13,25,26,27;57,58,70,82,83,95,107,119,131,143,155,167,166,165,164,163,162,161,149,148,147,135,134,122,121,120,132;106,94,93,81,69,68,56,44,32,33;160,159,158,146,145,133;71,59,47,35,23,11,10,9,8,7,6,5,4,3;118,130,142,154,153,152,151,150,138;137,125,113,112;49,37,38,39,40,41,42,54,66,78,90,91,103,115,116,128;144,156,157;136,124,123,111,110,109,108,96,84,72,60,48,36,24,12,0,1,2,14,15,16,17,18,19,20,21,22,34,46,45;74,73,61;64,76,88,100,99,98,97
12:14,0,126,13;154,153,141,129;133,134,135,123,111,110,109,108,96,84,72,60,48,49;77,65,53,52,40,28,29,30,31,32,20,21,22,34,46,58,57,69,81,93,105,117,116,128,140,152,151,150,162,161,160,159,158,157,156,144,132,120,121,122;88,87,86,74,62,50,38,37,36,24,12,0,1,2,3,4,5,6;125,126,127,115,103,104,92,80,68,56,44,45,33;163,164,165,166,167,155,143,142,130,118,106,94,82,70,71,59,47,35,23,11,10,9,8,7,19,18,17,16,15,14;41,42,54,66,78;149,137,138,139;75,76,64;89,101,100,99,98,97,85,73,61;145,146,147,148,136,124,112,113,114,102,90,91,79,67,55,43;83,95,107,119,131;63,51,39,27,26,25,13
12:14,0,127,14;160,159,158,157,156,144,132,133;128,129,117,105,93,81,82;58,46,45,33,21,22;77,89,101,113,125,137,138,150,151,152,153,154;122,110,109,97,85,73;48,60,72,84,96,108,120,121;53,65,64,76,88,100,112,124,136,148,149,161,162,163,164,165,166,167,155,143,131,119,107,95,83,71,59,47,35,34;145,146,147;126,114,102,90,78,66,54,42,41,40,52,51,50,38,26,25,24,12,0,1,2,3,4,5,6,7,8,9,10,11,23;116,104,92,80,68,69,70;39,27,28,29,30,31,43,55,67,79,91,103,115,127,139,140,141,142,130,118,106,94;98,86,74,62,61,49,37,36;134,135,123,111,99,87,75,63;57,56,44,32,20,19,18,17,16,15,14,13
12:14,0,128,13;15,27,26;115,103,91,90,89,88,76,75,63,62,50,49,37,25,13,14;53,54,66;29,30,18,19,20,21,22,34,46,47,59,71,83,95,107,119,131,143,155,167,166,165,164,163,162,161,160,159,158,157,156,144,132,120,108,96;111,112,113;127,128,116,104,92,80,68,69;123,122,110,98,86,74,73,61;44,56,55,67,79,78,77,65,64,52,51,39,38;48,60,72,84,85,97,109,121,133,134,135,136,137,138,139,140,141,129,117,105,93,81;124,125,126,114,102,101,100,99,87;36,24,12,0,1,2,3,4;35,23,11,10,9,8,7,6,5,17,16,28,40,41,42,43,31,32,33,45,57,58,70;82,94,106,118,130,142,154,153,152,151,150,149,148,147,146,145
12:14,0,129,11;58,46,34,22,21,20,32;166,167,155,143,131,119,107,95,83,82,81,80,68,56,44,45,33;63,62,50,38,26,27,28,29,30,42,54,66,65,77,89,90,91,92,93,94;139,138,137,136,135,134,122,110,98,86,74,73,61,49,37,25,13,14,15,16,17,18,19,31,43,55,67,79,78;53,41,40;141,140,152,164;105,104,103,102,101,100,88;151,150,149,148,147,146,145,133,121,109,97,85;106,118,117,116,115,114,113,112;39,51,52,64,76,75,87,99,111,123,124,125,126,127,128,129,130,142,154,153,165;163,162,161,160,159,158,157,156,144,132,120,108,96,84,72,60,48,36,24,12,0,1,2,3,4,5,6,7,8,9,10,11,23,35,47,59,71,70,69,57
12:14,0,130,11;78,90,91;30,31,32,44,45,57,69,81;33,34,22,10,9,8,7,6,5,4,3,2,1,13,25,37,49,61,73,74,75,87,99,111,123,124,125,126,138,139,140,141;0,12,24,36,48,60,72,84,96,108,120,132,144,156,157,158,159;54,53,65,77,89,101,102,103,104,116,117,118,119,131,143,155,167,166,165,164,163,162,161,160,148,147,146,145,133,121,109,97,85,86;98,110,122,134,135,136,137,149,150,151,152,153,154,142,130,129,128,127,115,114,113,112,100,88,76,64,63;62,50,51,39,27,28,29,17,18,19,20,21;66,67,79,80,92,93,105,106,107,95,83,71,59,47,35,23,11;38,26,14,15,16;46,58,70,82,94;68,56,55,43,42,41,40,52
12:14,0,131,12;129,141,140,152,151,150,149,148,147,146,134,122;31,19,18,17,16,15,14,26,38,50,62,74,86;20,21,22,34,46,58,59,71,83,95;166,167,155,143,131,119,107,106,105,104,103,102,101,89,77,65,53,41,40;139,138,137,136,135,123,111,110;156,144,132,120,108,96,84,72,60,48,36,24,12,0,1,2,3,4,5,6,7,8,9,10,11,23,35,47;85,73,61,49,37,25,13;52,64,76,88,100,112,113,114,115,116,117,118,130,142,154,153;128,127,126,125,124;70,69,81,80,79,67,55,43,44,32;33,45,57,56,68;82,94,93,92,91,90,78,66,54,42,30,29,28,27,39,51,63,75,87,99,98,97,109,121,133,145,157,158,159,160,161,162,163,164,165
12:14,0,132,15;122,123,124,125,137,149;23,11,10,9,8,7,6,5,4,3,15;44,56,57,69,81;14,2,1,0,12,24,36,48,60,72,84,96,108,120,132,144,145,146;29,30,31,32,33,45,46,58;65,77,89,90;83,95,107,119,131,143,155,154,153;136,148,160,161,162,150;40,39,51,63,75;115,114,113,112,111,110,109,121,133,134,135,147,159,158,157,156;138,126,127,128,129,117,105,93,92,80,68,67,55,43,42,41,53,52,64,76,88,87,86,74,62,50,38,26,27,28,16,17,18,19,20,21,22,34,35,47;163,151,139;59,71,70,82,94,106,118,130,142,141,140,152,164,165,166,167;116,104,103,91,79,78,66,54;13,25,37,49,61,73,85,97,98,99,100,101,102
12:14,0,133,12;134,122,123,124,136,137;148,149,150,151,152,153,154,142,130,118,106,94,82,70,58,46,34,22;62,50,38,37,25,13,14,15,3;127,128,116,104,92,80,79,67,55,54,42,41,29;17,18,19,20,21,33,45,57,69,81,93,105,117,129,141,140,139,138,126,114,115,103,91,90,78,66,65,53,52,40,28;99,111,110,109,121,133,145,146,147,135;86,98,97,96,108,120,132,144,156,157,158,159,160,161,162,163,164,165,166,167,155,143,131,119,107,95,83,71,59,47,35,23,11,10,9,8,7,6,5,4,16;102,101,89,77,76,64,63,51,39,27,26;32,44,56,68;85,84,72,60;125,113,112,100,88,87,75,74,73,61,49,48,36,24,12,0,1,2;30,31,43
12:14,0,134,14;47,35,23,11,10,9,8,7,6;64,65,53;85,84,96,108,120,132,144,156,157,158,159,160,161,162,163;104,103,102,101,89;142,130,118,106,94,82,81,80,68,56,44,32,33,34,46,58,59,71;26,27,39;83,95,107,119,131,143,155,167,166,165,164,152,140,139,138,137,136,135,134,122,110;3,4,5,17;18,30,29,28,16,15,14,2,1,0,12,24,36,48,60,72,73,74,86,87,99,111,123,124,125,126,127,128,129,141,153,154;90,91,79,67,55,43,31,19,20,21,22;45,57,69,70;49,61,62,63,75,76,88,100,112,113,114,115,116,117,105,93,92;77,78,66,54,42,41,40,52,51,50,38,37,25,13;151,150,149,148,147,146,145,133,121,109,97,98
12:14,0,135,11;115,116,128,140,152,153,154,142,130,118,106,94,93;11,10,9,8,7,6,5,4,3,2,1,0,12,24,25,37,49,61,73,74;113,114,126,127,139,151,163,164,165,166,167,155,143,131,119,107,95,83,71,59,47,35,23,22,21,20,19,18,17,16,15,27;13,14,26,38,39,40,28,29;92,80,81,82,70,58,46,34,33,32,31,30,42,41,53,65,77,76,75,63,62,50;69,57,45,44,43,55,54,66,78;86,85,97,109,121,133,145,146,147,148,149;141,129,117,105,104,103,102,101,100,112,111,123;124,125,137,138,150,162,161,160,159,158,157,156,144,132,120,108,96,84,72,60,48,36;136,135,134,122,110,98,99,87,88,89,90,91,79,67,68,56;51,52,64
12:14,0,136,15;17,16,15,14,13,25;3,4,5,6,7,8,9,10,11,23,35,47,59;113,101,89,77,76,75,63,62;117,118,106,94,82,81,69,57,45,33,32,31,30,29,28,27,26,38;115,114,102,90,78,66;128,116,104,103,91,79,67,55,54,53,65;2,1,0,12,24,36,37;132,144,156;61,73,74,86,98,99,111,123,135;18,19,20,21,22,34,46,58,70,71,83,95,107,119,131,143,142,154,153,152,151,150,138,137;160,159,147,146,134,122,110,109,97,85;136,148,149,161,162,163,164,165,166,167,155;39,40,41,42,43,44,56,68,80,92,93,105;87,88,100,112,124,125,126,127,139,140,141,129,130;64,52,51,50,49,48,60,72,84,96,108,120,121,133,145,157,158
12:14,0,137,14;43,42,54,66,78,90,102,103,115,116,117,105,106,94,82,70,71,59,47,35,23;135,136,137,138,139,140,141;104,92,93,81,69,57,58,46;50,51,63,64,76,88,100,112,111,110,109,121,133,145,157,158,159,160,161,162,163,164,165,166,167,155,143,131,119,107,95,83;52,40,28,27;142,154,153,152,151,150,149,148,147;91,79,80,68;84,72,60,48,36,24,12,0,1,2,3,4,5,6,18,30,31,32,20,21,9;86,85,73,61,49,37,25,13,14,15,16,17,29,41,53,65,77,89,101,113,114,126,127,128,129,130,118;156,144,132,120,108,96,97,98,99,87,75,74,62;39,38,26;67,55,56,44,45,33,34,22,10,11;8,7,19;146,134,122,123,124,125
12:14,0,138,14;144,156,157,158,159,160,148,149,150,151,152;161,162,163,164,165,153,154,142,130,118,106,94,93,81,69,57,45,33,32,20,19,18,17,16,28,40,39,51,50,62,74,86,87,88,89,90,91;120,132,133,145,146,147;38,26,27,15,3,4,5,6,7,8,9,10,11,23,35,47,59,71,83,95,107,119,131,143,155,167,166;21,22,34,46,58,70,82;127,139,138,137,125,124,112;13,25,37,49,61,73,85,97,98,110,111,123,135,136;78,79,67,55;129,117,105,104,92,80,68,56,44,43,31,30,29;141,140,128,116,115,103,102,101,100,99;14,2,1,0,12,24,36,48,60,72,84,96,108,109,121,122,134;75,76,77,65,66,54,42;41,53,52,64,63;126,114,113
12:14,0,139,11;167,166,165,164,163,162,150;136,148,147,146,145,133;159,158,157,156,144,132,120,108,96,84,72,60,48,36,24,12,0,1,2,3,4,5,6,7,8,9,10;80,81,69;55,54,66,65,77;131,143,155,154,153,152,151,139,127,115,103;14,13,25,37,49,61,73,85,97,109,121,122,134,135;119,118,130,142,141,140,128,116,104,92,93,94,82,70,58,57,56,68,67,79,78;35,34,33,32,31,30,29,28,40,39,51,63,75,87,99,100,112;91,90,102,114,126,138,137,149,161,160;11,23,22,21,20,19,18,17,16,15,27,26,38,50,62,74,86,98,110,111,123,124,125,113,101,89,88,76,64,52,53,41,42,43,44,45,46,47,59,71,83,95,107,106,105,117,129
12:14,0,140,12;55,43,44,32,33,34,46,58,70,69,81,93;166,154,142,130,118,106,94,82;15,16,17,18,6,7,8,9,10,11,23,35,47,59,71,83,95,107,119,131,143,155,167;40,28,29,30,31,19,20,21,22;101,89,88,76,64,52;149,148,147,146,145,133,121,109,97,85,73,61,49,48,36,24,12,0;125,124,123,111,99,87,75,63,51,39,27,26,14;5,4,3,2,1,13,25,37,38,50,62,74,86,98,110,122,134,135,136,137,138,150,151,152,153,141,129,117,105,104,92,80,68,56,57,45;165,164,163,162,161,160,159,158,157,156,144,132,120,108,96,84,72,60;113,112,100;140,128,116,115,103,91,79,67,66,54,42,41;139,127,126,114,102,90,78,77,65,53
12:14,0,141,12;145,146,147,148,149,150,151,152,153,154,142,130,118,106,94;102,101,89,77,65;71,59,47,46,45,44;35,34,33;141,129,117,105,93,81,69,68;87,75,63,51,39,40;11,10,9,8,7,6,5,4,16,28,27,26,38,50;67,79,80,92,104,116,128,140,139,138,137,136,135,134,133,132,144,156,157,158,159,160,161,162,163,164,165,166,167,155,143,131,119,107,95,83,82,70,58,57,56;30,42,54,66,78,90,91,103,115,114,113,112,111,110,109,97,85,73,72,60,48,36,24,12,0,1,2,3;84,96,108,120,121,122,123,124,125,126,127;55,43,31,32,20,21,22,23;15,14,13,25,37,49,61,62,74,86,98,99,100,88,76,64,52,53,41,29,17,18,19
12:14,0,142,13;131,143,155,167,166,165,164,163,162,161,149;33,45,46,47;140,128,116,104,92,93,94;82,81,80,79,78,66,54,42,41,40;13,25,37,49,61,62,63,64;147,135,134,122,110,111,112,113,101,89,90,91,103,115,127,139;17,5,4,3,2,1,0,12,24,36,48,60,72,73,74;35,34,22,21,20,32,44,56,57,58,59,71,83,95,107,119,118,130,142,154,153,152,151,150,138,137,136,148,160,159,158,157,156,144,132,120,108,96,84,85,86,87,75;6,18,30,29,28,27,39,51,52,53,65,77,76,88,100,99,98,97,109,121,133,145,146;123,124,125,126,114,102;141,129,117,105,106;16,15,14,26,38,50;70,69,68,67,55,43,31,19,7,8,9,10,11,23
12:14,0,143,10;42,30,18,17,16,15,14,13,25,37,49,61,62;10,11,23,35,34,33,32,20,19,7,6,5,4,3,2,1,0,12,24,36,48,60,72,73,74,75,63,51,50,38,26,27,28,29,41,53,54,55,56,57,69,81,93,105,117,129,141,153,152,151,150,138,137,136,135,134,122,110,111,112,113;22,21,9,8;39,40,52,64,76,77,78,79;31,43,44,45,46,58,70,82,94,106,118,130,142,154;91,90,89,88,87,86,85,84,96,108,120,132,144,156,157,158,159,160;114,115,116,128,140;47,59,71,83,95,107,119,131,143,155,167,166,165,164,163,162,161,149,148,147,146,145,133,121,109,97,98,99,100,101,102,103;104,92,80,68,67,66,65;123,124,125,126,127,139
12:14,0,144,13;165,166,167,155,143,131,119,107,95,83,71,59,47,35,23,11,10,9,8,7,6,5,4;66,65,77,76,75,74,86,98,110,122,134;91,79,78;64,63,62,50,38,26;14,13,25,37,49,61,73,85,97,109,121,133,145,146,147,148,149,150,151,139,140,141,129,117,105,93,92,80,68,69;94,106,118,130,142,154,153,152,164,163,162,161,160,159,158,157,156,144,132,120,108,96,84,72,60,48,36,24,12,0,1,2,3,15,27,39;137,138,126,127,128,116,104,103;115,114,113,125;54,53,41,29,30,31,32,33;81,82,70,58,57,56,55,67;135,123,111,99,87,88,89;42,43,44,45,46,34,22,21,20,19,18,17,16,28,40,52,51;136,124,112,100,101,102,90
12:14,0,145,15;134,122,123,111,112;156,144,132,120,108,96;148,149,137,125,126,114;93,81,80,79,91;22,21,20,19,18,17,16,15,14,13,25,37,49,61,62,63,75,76,88,100,99,98,110;142,141,140;87,86,74,73;113,101,89,77,65,64,52,51,50,38,26;66,78,90,102,103,115;150,151,152,153,154;124,136,135,147,146;28,29,30,31,32,33,34,35,23,11,10,9,8,7,6,5,4,3,2,1,0,12,24,36,48,60,72,84,85,97,109,121,133,145,157,158,159,160,161,162,163,164,165,166,167,155,143,131,130,129,128,127,139,138;105,106,94,82,70,58,57,56,44,43,42,41,40,39,27;45,46,47,59,71,83,95,107,119,118,117,116,104,92;69,68,67,55,54,53
12:14,0,146,13;16,15,14,13;31,19,7,8,9,10;49,37,25,26,27,28;124,123,122,134,146,145,144,132,120,108,96,84,72,60,48,36,24,12,0,1,2,3,4,5,6,18,30,42,43,44,32,20,21,22;61,73,85,97,109,121,133;76,64,52,51;33,45,57,56,55,54,53,65,77,78,79,80,92,104,116;161,162,163,164,165,166,167,155,143,131,119;128,127,115,103,91,90,89,88,87,75,63;156,157,158,159,147,135,136,137,125,113,112,111,110;66,67,68,69,81;160,148,149,150,151,152,153,154,142,130,118,106,107,95,83,71,59,47,35,23,11;34,46,58,70,82,94,93,105,117,129,141,140,139,138,126,114,102,101,100,99,98,86,74,62,50,38,39,40,41,29,17
12:14,0,147,12;93,105,117,129,141,140,139,138,137,125,124,123,135,147,159,158,157,156;78,77,76,75,74,73,85,97,109,121,133;51,39,40,28,29,30,31,32,33;65,66,67,79,91,90,102,101,100,99,111,110,122,134,146,145,144,132;89,88,87,86,98;136,148,160,161,162,163,164,165,166,167,155,143,131,119,107,95,83,71,70,58,46,34,22,21,20,19,18,17,16,15,27,26,38,50,49;103,115,114,113,112;120,108,96,84,72,60,48,36,24,12,0,1;126,127,128,116,104,92,80,81,69,57,45,44,43,42,41,53,52,64,63,62,61;82,94,106,118,130,142,154,153,152,151,150,149;68,56,55,54;37,25,13,14,2,3,4,5,6,7,8,9,10,11,23,35,47,59
12:14,0,148,13;105,117,118,130,142,154;12,0,1,2,3,4,5,6,7,8,20,21,22,23,35,47,46,45,44,43,42,41;165,164,163,162,161,149,148,147,146,134,122,110,98,86,74,62,50,51,39,27,26;166,167,155,143,131,119,107,95,83,82,70,69,68,67,66,78,77,76,88,100,112,113,114,115,116,128,129,141,153,152;106,94,93,92,104,103,102,101,89;38,37,49,61,73,85,97,109,121,133,145;65,53,54,55,56,57,58,59,71;137,136,135,123,111,99,87,75,63,64,52,40,28,29,30,31,32,33,34;160,159,158,157,156,144,132,120,108,96,84,72,60,48,36,24,25,13,14,15,16,17,18,19;11,10,9;90,91,79,80,81;140,139,127;151,150,138,126,125,124
12:14,0,149,14;153,154,142,130,118,106,105,104;7,8,9,10,11,23,35;125,124,123;68,56,55;28,40,52,64,76,75,87,86;61,49,50,38,26,14,2,3,4,5,6,18,19,20,21,22,34,46,47,59,71,83,82;37,25,13,1;67,66,54,42,43,44;41,53,65,77;128,127,139,151,163,162,161,160,159,158,157,156,144,132,120;100,88,89,90,78,79,80,81,69,70;94,95,107,119,131,143,155,167,166,165,164,152,140,141,129,117,116,115,114,126,138,137,136,135,134,122,110,98,97,85,73,74,62,63,51,39,27,15,16,17,29,30,31,32,33,45,57,58;150,149,148,147,146,145,133,121,109,108,96,84,72,60,48,36,24,12,0;93,92,91,103,102,101,113,112,111,99
12:14,0,150,13;162,163,164,152,140,128,116,115,114,113,112;70,82,83;135,134,122;167,155,154,142;11,23,35,47,46,45,44,56,68,67;55,54,66,78,79,80,81,69,57,58,59,71;34,22,10;138,137,136,148,147,146,145,133,121,109,97,85,73,61,49,37,25,13,14,2,3,4;1,0,12,24,36,48,60,72,84,96,108,120,132,144,156,157,158,159,160,161,149,150,151,139,127,126,125,124,123,111,110,98,86,74,62,50,38,26;95,107,119;9,21,33,32,31,43,42,41,53,65,77,89,90,91,92,93,94,106,118,130,131,143;166,165,153,141,129,117,105,104,103,102,101,100,99,87,75,63,51,39,27,15,16,17,5,6,7;8,20,19,18,30,29,28,40,52,64,76,88
