6:7,0,1,3;21,15,9,3,2,1,0;5,11,17,23,29,35,34,33,32,31,25,19,13;41,40,39,38,37,36,30,24,18,12,6,7,8,14,20,26,27,28,22,16,10,4
6:8,0,2,3;30,36,37,38,39,40,34,28,22,16,10,9;0,6,12,18,24,25,31,32,33,27,21,15,14,8,2,3,4,5,11,17,23,29,35,41,47,46,45,44,43,42;1,7,13,19,20,26
6:9,0,3,4;45,44,43,37,31,25;29,23,17,11,5,4,3,2,1,0,6,12,13,14,15,21,27,33,39,40,46;7,8,9,10,16,22,28,34,35,41,47,53,52,51,50,49,48,42,36,30,24;38,32,26,20,19,18
6:10,0,4,4;38,44,45,46,40,34,28;35,41,47,53,59,58,57,56,55,54,48,42,36,30,24,25,19,13,7,8,9,10;18,12,6,0,1,2,3,4,5,11,17,16,15,14,20,26,32,31,37,43,49,50,51,52;29,23,22,21,27,33,39
6:11,0,5,4;0,6,12,18,24,30,36,42,48,49,55,56,57,58,52,46,45,39,38,32,26;54,60,61,62,63,64,65,59,53,47,41,40,34,33,27,21,20,14,8,9,10,11,17,23;5,4,3,2,1,7,13,19,25,31,37,43,44,50,51;15,16,22,28,29,35
7:8,0,6,4;24,31,32,39,46,53;44,43,36,29,22,15,8,9,10,11,12,19;55,54,47,40,33,26,25,18,17,16,23;30,37,38,45,52,51,50,49,42,35,28,21,14,7,0,1,2,3,4,5,6,13,20,27,34,41,48
7:9,0,7,5;59,60,61,62,55,48,47,40,33,26,25,18,17,16;23,24,31,32,39,46,53,54;38,45,52,51,58,57,56,49,42;19,12,11,10,9,8,15,22,29,30,37,44;50,43,36,35,28,21,14,7,0,1,2,3,4,5,6,13,20,27,34,41
7:10,0,8,4;24,31,38,45,44,43,42,49,56,63,64,65,58,59,60,61,54,47,40,33,26,19,12;18,25,32,39,46,53,52,51,50,57;66,67,68,69,62,55,48,41,34,27,20,13,6,5,4,3,2,1,0,7,14,21,28,35,36,37,30,23,16,17;11,10,9,8,15,22,29
7:11,0,9,4;24,31,38,45,52,53,54,55,62,69;21,14,7,0,1,2,3,4,5,6,13,20,27,34,41,48,47,46,39,32,25,18,17,16,23,30,37,44,51,58,59,60,61,68;76,75,74,73,72,71,70,63,56,49,42,35,28,29,22,15,8,9,10,11,12,19,26,33,40;67,66,65,64,57,50,43,36
7:12,0,10,3;59,52,45,38,31,24,17,10,3,2,1,0;9,16,23,30,37,44,51,58,65,66,67,60,53,46,39,32,25,18,11,4,5,6,13,20,27,34,41,48,55,62,69,76,83,82,81,80,79,78,77,70,63,56,49,42,35,28,21,14,7;8,15,22,29,36,43,50,57,64,71,72,73,74,75,68,61,54,47,40,33,26,19,12
8:9,0,11,5;15,7,6,5,4,3,2,1,0,8,16,24,32,33,34,35,43,44,45,53;66,65,64,56,48,40,41,42,50,51,52,60,61,62,63;49,57,58,59,67,68,69,70,71;54,46,38,37,36,28,27,26,25,17,9,10,11,12,13,14,22,23;55,47,39,31,30,29,21,20,19,18
8:10,0,12,5;79,78,77,76,75,74,73,72,64,56,48,40,32,24,16,8,0,1,2,10,18,26,34,42,50;58,59,51,43,35,27,19,11,3,4,5;9,17,25,33,41,49,57,65,66,67,68,69,70,71,63,55,47,39;31,30,38,46,54,62,61,60,52,44,36,28,20,12,13,14,6;7,15,23,22,21,29,37,45,53
8:11,0,13,5;73,65,57,49,41,42,34,26,27,28,36,44,52;9,10,11,12,13,14,22,30,38,46,54,62,70,78,77,76;35,43,51,50,58,66,74,82;60,59,67,75,83,84,85,86,87,79,71,63,55,47,39,31,23,15,7,6,5,4,3,2,1,0,8,16,24;81,80,72,64,56,48,40,32,33,25,17,18,19,20,21,29,37,45,53,61,69,68
8:12,0,14,6;45,44,52,60,68,69,70,62;55,63,71,79,78,77,76,75,67,59,51,43,35;61,53,54,46,47,39,31,23,15,7,6,5,4,3,2,1,0;37,36,28,27,26,34,42,50,58,66,74;22,14,13,12,11,10,9,8,16,24,32,40,48,56,64,72,80,88,89,90,91,92,93,94,95,87;38,30,29,21,20,19,18,17,25,33,41,49,57,65,73,81,82,83,84,85,86
8:13,0,15,5;47,39,31,23,22,21,20,19,18;7,6,5,4,3,2,1,0,8,16,24,32,40,48,56,57,58,50,51;33,34,35,36,37,45,53,61,69,77,85,84,83,82;59,67,66,65,64,72,80,88,96,97,98,99,100,101,102,103,95,87,79,71,63,55;49,41,42,43,44,52,60,68,76,75,74,73,81,89,90,91,92,93,94,86,78,70,62,54,46,38,30,29,28,27,26,25,17,9,10,11,12,13,14,15
9:10,0,16,6;54,63,72,81,82,83,84,85,76,67,58,57,48,39,30,31,32,41;40,49,50,59,68,77,86,87,88,89;75,74,73,64,55,46,45;36,37,38,47,56,65,66;18,9,0,1,2,3,4,5,6,7,8,17,26,35,44,53,62,71,80,79,78,69,60,51,42,33,24,23,22,21,20,29;27,28,19,10,11,12,13,14,15,16,25,34,43,52,61,70
9:11,0,17,5;26,17,8,7,6,5,4,3,2,1,0,9,18,27,36,37,46,55,64,73,82,83,84,85;35,34,25,16,15,14,13,12,11,10,19,28,29,38,47,56,65,74,75,76,77,86,95,94,93,92,91,90,81,72,63,54,45;44,43,42,33,24,23,22,21,20;32,41,50,51,52,53,62,71,80,89,98,97,96,87,78,69,68,67,66,57,48,39;30,31,40,49,58,59,60,61,70,79,88
9:12,0,18,7;13,14,15,16,25,34;36,27,18,9,0,1,2,3,4,5,6,7,8,17,26,35,44,53,62,71,80,89,98,107,106,105,104,103,102,101,100,99,90,81,72,63,64,65,66,67,58,49,40;82,73,74,75,76,77,68,59,60;91,92,93,94,95,96,97,88,79,70,61,52,43,42,33,24,23,22,21,20,29,38,47,46;45,54,55,56,57,48,39,30,31,32,41,50,51;37,28,19,10,11,12;69,78,87,86,85,84,83
9:13,0,19,6;36,27,18,9,0,1,2,3,4,5,6,7,8,17,26,35,44,53,62,71,80,89,98,107,116,115,114,113,112,103,94,85,86;111,110,109,108,99,90,81,72,63,54,45,46,47,38,29,20;32,41,50,59,68,77,76,75,84,93,102,101,100,91,82,73,64,55,56,57,48,39,30,21;95,104,105,106,97,88,79,70,61,52,43,34,25,16,15,14,13,12,11,10,19,28,37;22,23,24,33,42,51,60,69,78,87,96;31,40,49,58,67,66,65,74,83,92
9:14,0,20,7;49,40,39,38,37,36,45,54,63,72,81,90,99,108,117,118,119,120,121,122,123,124,125;3,4,5,6,7,8,17,26,35,44,53,62,71,80,89,98,107,106,105,104,103,102,101,92,83,84,85;77,76,75,74,65,56;10,19,20;52,43,34,25,16,15,14,13,12,11,2,1,0,9,18,27,28,29,30,31,32,41,50,59,58;21,22,23,24,33,42,51,60,61,70,79,88,97,96,95,94,93;86,87,78,69,68,67,66,57,48,47,46,55,64,73,82,91,100,109,110,111,112,113,114,115,116
10:11,0,21,5;98,88,87,77,76,75,74,64,54,44;69,59,58,57,56,46,36,35,34,33,43,53,63,73,83,84,85,86;100,90,80,70,60,50,40,30,20,10,0,1,2,3,4,5,6,7,8,9,19,29,39,49,48,47,37,27,26,25,24,23,22,32,42,52,62,72,82,92,93,94,95,96,97;38,28,18,17,16,15,14,13,12,11,21,31,41,51,61,71,81,91,101,102,103,104,105,106,107;108,109,99,89,79,78,68,67,66,65,55,45
10:12,0,22,7;77,87,97,96,95,94,104;76,66,67,57,47,37,27,26,25,24,23,22;101,91,81,71,72,73,63,64,54;74,84,83,93,103,113,114,115,116,117,118,119,109,99,89,79,69,59,49,39,29,19,9,8,7,6,5,4,3,2,1,0,10,20,30,40;105,106,107,108,98,88,78,68,58,48,38,28,18,17,16,15,14,13,12,11,21,31,41,51,50;42,32,33,34,35,36,46,56,55,65,75,85,86;82,92,102,112,111,110,100,90,80,70,60,61,62,52,53,43,44,45
10:13,0,23,7;68,58,48,38,28,18,17,7,6,5,4,3,2,1,0,10,20,30,40,50,60,70,80,90,100,110,120,121,122,123,124,125,115,116;102,103,93,94,95,96,97,98,108,118;43,53,63,73,83,84,85;126,127,128,129,119,109,99,89,88,87,86,76,75,74,64,54,44,34,33;46,36,26,16,15,14,13,12,11,21,31,41,51,61,71,81;117,107,106,105,104,114,113,112,111,101,91,92,82,72,62,52,42,32,22,23,24,25,35,45,55,56,57,47,37,27;8,9,19,29,39,49,59,69,79,78,77,67,66,65
10:14,0,24,8;76,77,78,79,89,99,109,119,129,139,138,137,136,135,134,133,132,131,130,120,110,100,90,80,70,60,50,40,30,20,10,0,1,2,3,4,5,6,7,8;34,24,23,22,32,42,52,62,72,82,92,102,112,113,114,115,116,117,107,97,87,86;28,18,17,16,26,36,35,45,44,43,33;53,63,73,83,93,103,104,105,106,96;95,85,75,65,66,67,68,69,59,49,39,29,19,9;27,37,38,48,58,57;94,84,74,64,54,55,56,46,47;88,98,108,118,128,127,126,125,124,123,122,121,111,101,91,81,71,61,51,41,31,21,11,12,13,14,15,25
10:15,0,25,10;122,112,113,114,115,116,106,96,97,87,77,67,57,47,37,38,39,49,59,69,79,89,99,109,119;11,21,31,41,51,61,60,70,80,90,100,110,120,130,140,141,142,143,144,145,146,147,148,149,139,129;42,32,22,12,2,1,0,10,20,30,40,50;104,105,95,85,86,76,66,56,46,36;26,27,28,29,19,9,8,7,6,5,4,3,13,23,33,43,53,52,62;92,82,83,84,74,75,65,55,45,35,25,15,16,17,18;14,24,34,44,54,64,63,73,72;48,58,68,78,88,98,108,118,128,138,137,136,135,134;111,121,131,132,133,123,124,125,126,127,117,107;71,81,91,101,102,103,93,94
11:12,0,26,6;40,51,62,73,84,95,94,93,92,91,80,79,78;89,90,101,102,103,104,105,106,107,96,85,74,63,52,41,30,29,28,39,38;110,121,122,123,124,125,126,127,128,129,130,131,120,109,98,87,76,65,54,43,42,31,20,19,18,17,16,27,26,37,48,49,50,61,72,83,82,81,70,69,68,57,46,35,24;3,2,1,0,11,22,33,44,55,66,77,88,99,100,111,112,113,114,115,116,117,118,119,108,97,86,75,64,53;71,60,59,58,47,36,25;32,21,10,9,8,7,6,5,4,15,14,13,12,23,34,45,56,67
11:13,0,27,6;52,41,30,29,28,27,26,25,24,35,46,57,68,79,90,101,112,113,114,115,116,117;48,59,60,71,82,83,84,85;86,87,98,109,108,119,130,129,128,127,126,125,124,123,122,111,100,89,78,67,56,45,34,23,12,13,14,15,16,17,18,19,20,31,42,53,64,63,62,51,40,39,38,49;80,91,102,103,104,105,106,107,118;120,131,142,141,140,139,138,137,136,135,134,133,132,121,110,99,88,77,66,55,44,33,22,11,0,1,2,3,4,5,6,7,8,9,10,21,32,43,54,65,76,75,74,73,72,61,50;37,36,47,58,69,70,81,92,93,94,95,96,97
11:14,0,28,9;87,76,65,54,43,32,21,10,9,8,7,6,5,4,15,26,37,48,59,70,81,92,93;45,56,67,78,89,100,111,122,123,124,125,126,127;41,40,51,62,63,64,75;74,73,72,61,50,39,28,29,30;3,14,25,36,47,58,69,80,91,102,103,104,105,106,117;12,23,34,35,46,57,68,79,90,101,112,113,114,115,116;24,13,2,1,0,11,22,33,44,55,66,77,88,99,110,121,132,133,134,135,136,137,138,139,128,129,118;84,85,86,97,98,109,120,131,142,153,152;52,53,42,31,20,19,18,17,16,27,38,49,60,71,82,83,94,95,96,107,108,119,130,141,140,151,150,149,148,147,146,145,144,143
11:15,0,29,7;74,85,86,97,98,109,120,131,142,153,164,163,162,161,160,159,158,157,156,155,154,143,132,121,110,99,88,77,66,55,44,33,22,11,0,1,2,3,4,5,6,7,8,9,10,21,32,31,30,29,28,27,26;84,73,72,61,50,51,52,53;118,129,140,139,138,137,136,135,134,123,112,101,90,79,68,57,46,35,24;87,76,75,64,63,62;93,104,105,106,117,128,127,126,125,124,113,102,91,80,69,58,47,36,25,14,15,16,17,18,19,20;49,60,71,82,83,94,95,96,107,108,119,130,141,152,151,150,149,148,147,146,145,144,133,122,111,100,89,78,67,56,45,34,23,12,13;65,54,43,42,41,40,39,38,37,48,59,70,81,92,103,114,115,116
11:16,0,30,10;40,51,62,61,60,71,82,93,104,115,116;75,64,53,42,31,20,19,18,17,16,15,14,13,12,23,34,45,56,67,78,89,90,101,112,111,110;127,126,137,136,135,134,133,132,143,154,165,166,167,168,169,170,171,172,173,174,175,164;100,99,88,77,66,55,44,33,22,11,0,1,2,3,4,5,6,7,8,9,10,21,32,43,54,65,76,87,98,109,120,131,142,153,152,163,162,161,160,159,158,157,156,155,144;39,50,49,48,59,70,81,92,103,114,125;105,106,117;145,146,147,148,149,150,151,140,141,130,119,108,97,86,85,84;121,122,123,124,113,102,91,80,79,68,57,46,35,24;38,37,36,47,58,69;138,139,128,129,118,107,96,95,94,83,72,73,74,63,52,41,30,29,28,27,26,25
